2202111150401540004991241:
2202111150736020008503198:
2202111150739400004599831:
2202111150740000004947963:
2202111150740430004972793:
2202111150741120008497657:
2202111150741260004929937:
2202111150741290004966050:
2202111150741310007398914:
2202111150742240006039506:
2202111150743260004933649:
2202111150744100008424093:
2202111150744450004605848:
2202111150745260005270840:
2202111150745440004981261:
2202111150745590004967967:
2202111150746070008677773:
2202111150747241513646659:
2202111150747400004960782:
2202111150747550006021875:
2202111150747580004929423:
2202111150748220009297569:
2202111150749410005264726:
2202111150749540004968394:
2202111150750020004968173:
2202111150750030005009382:
2202111150750050006039497:
2202111150750060009301802:
2202111150750090006751664:
2202111150750170005255716:
2202111150750190009300596:
2202111150750220008494564:
2202111150750230005272372:
2202111150750450004596347:
2202111150750480008681883:
2202111150750550008505663:
2202111150751050009307295:
2202111150751070006022160:
2202111150751140005012521:
2202111150751210007402500:
2202111150751270009276489:
2202111150751410006016090:
2202111150751540009226393:
2202111150752060006030135:
2202111150752080004167850:
2202111150752100009253997:
2202111150752110004965814:
2202111150752130008716113:
2202111150752150009326618:
2202111150752170004972767:
2202111150752190004980727:
2202111150752210005270182:
2202111150752230009283296:
2202111150752250004604853:
2202111150752270004604850:
2202111150752320009293911:
2202111150752360004996134:
2202111150752380005270839:
2202111150752410004990979:
2202111150752440009344566:
2202111150752450004924346:
2202111150752470005255715:
2202111150752520004922875:
2202111150752580009230754:
2202111150753010004935186:
2202111150753030009287614:
2202111150753050008492776:
2202111150753170005254710:
2202111150753220006022439:
2202111150753260008711249:
2202111150753280008698044:
2202111150753310004989073:
2202111150753340004930389:
2202111150753360007421690:
2202111150753380007421743:
2202111150753400008697836:
2202111150753420004923159:
2202111150753450008707911:
2202111150753490009275492:
2202111150753510004165753:
2202111150753580005265313:
2202111150754020004972764:
2202111150754040004986846:
2202111150754080009276908:
2202111150754190004987532:
2202111150754220004997665:
2202111150754270005264721:
2202111150754290005262499:
2202111150754350001079879:
2202111150754360009324572:
2202111150754390008492480:
2202111150754410004989259:
2202111150754430005252022:
2202111150754480009252984:
2202111150754530004988793:
2202111150754560009236810:
2202111150754580005254422:
2202111150755000008506912:
2202111150755020008500184:
2202111150755040009226447:
2202111150755060006014349:
2202111150755080009234089:
2202111150755100004949598:
2202111150755130008680442:
2202111150755160005254538:
2202111150755190003137754:
2202111150755190009314286:
2202111150755260005252072:
2202111150755300008701083:
2202111150755330009322682:
2202111150755350008506766:
2202111150755370004167848:
2202111150755380005248880:
2202111150755410004921669:
2202111150755430008512059:
2202111150755450004921380:
2202111150755510004960160:
2202111150755540005258468:
2202111150755580004989502:
2202111150756010004943327:
2202111150756030004954090:
2202111150756060005006768:
2202111150756110004948881:
2202111150756170004165757:
2202111150756210009284157:
2202111150756230008696388:
2202111150756250004950728:
2202111150756270009341030:
2202111150756280009226826:
2202111150756300004933902:
2202111150756310008492549:
2202111150756330009341742:
2202111150756340005005063:
2202111150756360008507829:
2202111150756370005006528:
2202111150756390009325535:
2202111150756400008492705:
2202111150756420008709369:
2202111150756430006037924:
2202111150756450006022852:
2202111150756460004958165:
2202111150756480004929202:
2202111150756500006036993:
2202111150756510004940674:
2202111150756530009254229:
2202111150756540009351823:
2202111150756560004165890:
2202111150756570004167844:
2202111150756590006033001:
2202111150757010005263922:
2202111150757030005004855:
2202111150757040004993146:
2202111150757060008709061:
2202111150757080008702320:
2202111150757090008690529:
2202111150757110004991554:
2202111150757120005012741:
2202111150757140004966761:
2202111150757150004965967:
2202111150757170007402482:
2202111150757180005005802:
2202111150757200005252032:
2202111150757220009301551:
2202111150757240008514966:
2202111150757250008493286:
2202111150757270009340824:
2202111150757290004937089:
2202111150757320004958379:
2202111150757340004927120:
2202111150757370004159573:
2202111150757400005254424:
2202111150757420004927029:
2202111150757460007407739:
2202111150757470009232378:
2202111150757490009253739:
2202111150757510004602281:
2202111150757530009302534:
2202111150757540005272291:
2202111150757560004953182:
2202111150757580009253846:
2202111150757590009346038:
2202111150758020009226412:
2202111150758040008492065:
2202111150758050004970618:
2202111150758070009347607:
2202111150758090009313676:
2202111150758110005006958:
2202111150758130006028451:
2202111150758150009243147:
2202111150758160000431412:
2202111150758180005248458:
2202111150758190008495468:
2202111150758210005248458:
2202111150758220008499471:
2202111150758240002851478:
2202111150758260009343567:
2202111150758270005254706:
2202111150758290008511510:
2202111150758310009253991:
2202111150758320006039541:
2202111150758340009297664:
2202111150758370004967806:
2202111150758390008496310:
2202111150758410004996481:
2202111150758430004948585:
2202111150758450008701527:
2202111150758480009339821:
2202111150758500004951477:
2202111150758520003126147:
2202111150758540009272418:
2202111150758560006015460:
2202111150758570004953650:
2202111150758590003918790:
2202111150759000004966591:
2202111150759020004162432:
2202111150759030006041715:
2202111150759050003132773:
2202111150759060008495972:
2202111150759080008502693:
2202111150759090005006101:
2202111150759110004936557:
2202111150759120008516772:
2202111150759150009290365:
2202111150759170004964566:
2202111150759190008509836:
2202111150759200009292038:
2202111150759220004996445:
2202111150759240004164864:
2202111150759250004931193:
2202111150759270006036336:
2202111150759290004164864:
2202111150759300003916932:
2202111150759320009286624:
2202111150759330006036505:
2202111150759350004989378:
2202111150759360005009021:
2202111150759380004954665:
2202111150759390004964407:
2202111150759410005248457:
2202111150759420006039130:
2202111150759440008706494:
2202111150759450006021994:
2202111150759470008713215:
2202111150759480004975069:
2202111150759500004966178:
2202111150759510008698795:
2202111150759530004995116:
2202111150759540009330833:
2202111150759560006041721:
2202111150759570004966490:
2202111150759590007395601:
2202111150800000009354349:
2202111150800020009346035:
2202111150800040004929016:
2202111150800050009232653:
2202111150800070003137967:
2202111150800080007419049:
2202111150800100009279481:
2202111150800130007407459:
2202111150800150005263919:
2202111150800160009290271:
2202111150800180009279481:
2202111150800190008429638:
2202111150800220005254540:
2202111150800240004952773:
2202111150800250004935891:
2202111150800270008500493:
2202111150800280008429638:
2202111150800290008708992:
2202111150800310009346055:
2202111150800320009339144:
2202111150800340009346020:
2202111150800360009234248:
2202111150800380005252076:
2202111150800400006021991:
2202111150800410006017488:
2202111150800430009275335:
2202111150800450005252076:
2202111150800460004968555:
2202111150800480004980976:
2202111150800490009281928:
2202111150800520004966802:
2202111150800570002851465:
2202111150800580004945980:
2202111150801000005255675:
2202111150801030004970901:
2202111150801050004975841:
2202111150801070009309829:
2202111150801100008692560:
2202111150801120004948851:
2202111150801140004973922:
2202111150801160005254536:
2202111150801170008714113:
2202111150801190008494333:
2202111150801200004949177:
2202111150801220004968004:
2202111150801230009326612:
2202111150801250004994575:
2202111150801270004939835:
2202111150801290009346063:
2202111150801300004976407:
2202111150801320004931701:
2202111150801330008499149:
2202111150801350008695905:
2202111150801360005258470:
2202111150801380008701103:
2202111150801400009348542:
2202111150801410008496367:
2202111150801430004953953:
2202111150801450009290264:
2202111150801460005265555:
2202111150801480004969598:
2202111150801490008696238:
2202111150801510006026834:
2202111150801530009254002:
2202111150801540007421210:
2202111150801560005264543:
2202111150801570009352010:
2202111150801590005258486:
2202111150802000007395592:
2202111150802020009324604:
2202111150802030005272807:
2202111150802050006024859:
2202111150802060008498021:
2202111150802080006042240:
2202111150802100009307388:
2202111150802130004921905:
2202111150802150007421269:
2202111150802170006032999:
2202111150802200006033720:
2202111150802220009226392:
2202111150802290009291663:
2202111150802340004936413:
2202111150802400009230815:
2202111150802420004947698:
2202111150802450008510378:
2202111150802480005252025:
2202111150802500004951928:
2202111150802520004964719:
2202111150802530009254207:
2202111150802560005254534:
2202111150802580008686663:
2202111150803000004605852:
2202111150803020006042873:
2202111150803040008500889:
2202111150803080006031525:
2202111150803100006039993:
2202111150803140009225494:
2202111150803160009300590:
2202111150803180004165891:
2202111150803200004924676:
2202111150803220006027540:
2202111150803230004929645:
2202111150803320006029990:
2202111150803390004968250:
2202111150803400004157151:
2202111150803420009288913:
2202111150803450005252020:
2202111150803480004968886:
2202111150803530009274874:
2202111150803580004947661:
2202111150804000004162433:
2202111150804060004951489:
2202111150804210007414082:
2202111150804540009274443:
2202111150804580008494964:
2202111150805030004599829:
2202111150805050004930162:
2202111150805070007402512:
2202111150805120005248660:
2202111150805220004973825:
2202111150805330006014941:
2202111150805360004923617:
2202111150806000008506632:
2202111150806330008495616:
2202111150806390009282101:
2202111150807080009339824:
2202111150807090005252026:
2202111150807190005264720:
2202111150807330002851443:
2202111150807350007422489:
2202111150807400006019315:
2202111150807430004967606:
2202111150807490004990085:
2202111150807510007409900:
2202111150807530006041103:
2202111150807550008502364:
2202111150807580009234240:
2202111150808000006042277:
2202111150808030007402196:
2202111150808550004966449:
2202111150809170008703345:
2202111150809240004162429:
2202111150809330008426248:
2202111150809370004958690:
2202111150809450009246193:
2202111150809520008506907:
2202111150809560004604855:
2202111150809580005007161:
2202111150810010006022855:
2202111150810070004161990:
2202111150810130005248603:
2202111150810160008694944:
2202111150810170004967312:
2202111150810190008498988:
2202111150810290009279728:
2202111150810340005262501:
2202111150810400009232651:
2202111150810470004982114:
2202111150811000005254714:
2202111150811230004967590:
2202111150812000009293535:
2202111150814380004985430:
2202111150815170007407502:
2202111150816500007410385:
2202111150817000004938474:
2202111150817210008508219:
2202111150820240008712416:
2202111150829590006031526:
2202111150854350009290471:
2202111151041040009310727:
2202111151653050008712416:
2202111151700320008506907:
2202111151721490005006958:
2202111151803580004964719:
2202111151806090006031525:
2202111151807210009252984:
2202111151807240008500184:
2202111151808570004924182:
2202111151809050004605842:
2202111151849390008505663:
2202111151849470006042277:
2202111151850030005248603:
2202111151856000004935794:
2202111151859410008701274:
2202111151900520006026834:
2202111151905330004965814:
2202111151906160005258468:
2202111151906480008510378:
2202111151907010008502693:
2202111151910510004931701:
2202111151920541513646659:
2202111151922590008426248:
2202111151924190004985430:
2202111152000100002851478:
2202111152000120004604855:
2202111152000160009253991:
2202111152000180003916932:
2202111152000200009307295:
2202111152000220004972767:
2202111152000250004950728:
2202111152000340009233710:
2202111152000480006021994:
2202111152001040005005056:
2202111152001070006030142:
2202111152001210008701083:
2202111152002000005272807:
2202111152002030009326618:
2202111152002080004599831:
2202111152002110004968004:
2202111152002140004976407:
2202111152002250004940674:
2202111152002530007421690:
2202111152003320005255716:
2202111152004110009351823:
2202111152004280004963073:
2202111152005340009226412:
2202111152006090004954665:
2202111152006350006030135:
2202111152006400009297664:
2202111152006430008492705:
2202111152007490009293535:
2202111152008050009346038:
2202111152010150009275335:
2202111152013040007414082:
2202111152013080009321395:
2202111152016250004951327:
2202111152022300009324604:
2202111152022520008694944:
2202111152023050004931193:
2202111152023070008494333:
2202111152023110008512059:
2202111152023490006751664:
2202111152023510009300596:
2202111152026090004966050:
2202111152026120007402523:
2202111152027080004995116:
2202111152027150007398914:
2202111152030080005265313:
2202111152032270005272372:
2202111152032390009286624:
2202111152035160008497463:
2202111152035180008508219:
2202111152036220004937390:
2202111152036280004966802:
2202111152108580004958165:
2202111152135490004958690:
2202111152143370009307388:
2202111152144030004972793:
2202111152147240006029990:
2202111152147320004921669:
2202111152149510009236810:
2202111152153560007402482:
2202111152154530004921669:
2202111152156220009307388:
2202111152159130004996481:
2202111152159150004938474:
2202111152159200008701527:
2202111152200000004924346:
2202111152200020005270839:
2202111152200040006033001:
2202111152200060005263922:
2202111152200070000431412:
2202111152200100008709369:
2202111152200120000431412:
2202111152200130004165757:
2202111152200150008709369:
2202111152200160005263922:
2202111152200180000431412:
2202111152200190008429638:
2202111152200210000431412:
2202111152200220004981261:
2202111152200240004165757:
2202111152200250004997665:
2202111152200270008429638:
2202111152200290004981261:
2202111152200310005248660:
2202111152200320008681883:
2202111152200340008709061:
2202111152200350008681883:
2202111152200370006021875:
2202111152200390005248660:
2202111152200400008709061:
2202111152200430006021875:
2202111152200460004997665:
2202111152200480004967967:
2202111152200500005254538:
2202111152200520009314286:
2202111152200540005252072:
2202111152200550009293911:
2202111152200570004968394:
2202111152200590004967073:
2202111152201000009293911:
2202111152201020009226393:
2202111152201040004604850:
2202111152201060004604853:
2202111152201090004929491:
2202111152201120004604853:
2202111152201140004960160:
2202111152201150004967416:
2202111152201170004970618:
2202111152201180009276908:
2202111152201200004970618:
2202111152201210004991554:
2202111152201240008517932:
2202111152201260004993146:
2202111152201290004930389:
2202111152201300004991554:
2202111152201320009297569:
2202111152201350004605848:
2202111152201370005270840:
2202111152201400004996134:
2202111152201410005255715:
2202111152201440007402500:
2202111152201480008696238:
2202111152201500005004855:
2202111152201530004965967:
2202111152201540004994074:
2202111152201570008494564:
2202111152202000004957738:
2202111152202030009232378:
2202111152202050009330833:
2202111152203380009253846:
2202111152203390004953650:
2202111152205210005252028:
2202111152205360005270003:
2202111152207030008497657:
2202111152207120004929423:
2202111152253250005252026:
2202111152259080004933649:
2202111152259450008492065:
2202111152300020008511510:
2202111152300050009226447:
2202111152300080006039130:
2202111152300110004991584:
2202111152300130004956498:
2202111152300230005006528:
2202111152300410009279709:
2202111152301050004987025:
2202111152301070008496310:
2202111152301110004961404:
2202111152301150004932359:
2202111152301590006033000:
2202111152302020007421743:
2202111152302070004165753:
2202111152302090007421743:
2202111152335040009241075:
3202111150003170006039129:
3202111150003190006025823:
3202111150003220005262497:
3202111150003300008708003:
3202111150005420005252016:
3202111150005450008494964:
3202111150732430008501288:
3202111150737260001099428:
3202111150737290004974136:
3202111150740120008499556:
3202111150743110008692290:
3202111150743150005255713:
3202111150743360004959868:
3202111150744540004942040:
3202111150745100004988205:
3202111150746430009306586:
3202111150746450005252018:
3202111150747020005009549:
3202111150747140005250571:
3202111150747500004933136:
3202111150747520008711197:
3202111150747560004962972:
3202111150748010005011308:
3202111150748040004602277:
3202111150748070009323446:
3202111150748100005263923:
3202111150748240008708003:
3202111150748400005250568:
3202111150749310008497634:
3202111150749480008692117:
3202111150749510008503303:
3202111150750100006039016:
3202111150750150004998074:
3202111150750260005011155:
3202111150750370004975787:
3202111150750500008499165:
3202111150751110005250572:
3202111150751130004974233:
3202111150751440008714702:
3202111150751500005004742:
3202111150751530004957118:
3202111150751560008684967:
3202111150752030005254707:
3202111150752060004161989:
3202111150752170005008358:
3202111150752230005012521:
3202111150752380004935446:
3202111150752400004986942:
3202111150752420005252069:
3202111150752460008715839:
3202111150752520009346367:
3202111150753030005260613:
3202111150753070004596344:
3202111150753150008691341:
3202111150753220005255676:
3202111150753300004966279:
3202111150753370004926955:
3202111150753390008687514:
3202111150753420005250566:
3202111150753450004972456:
3202111150753480004968544:
3202111150753500005248597:
3202111150753520004969304:
3202111150753530005255416:
3202111150753590005255674:
3202111150754110009326626:
3202111150754140004604851:
3202111150754160008518736:
3202111150754190009354581:
3202111150754230005007370:
3202111150754370004952471:
3202111150754410004970930:
3202111150754430005252027:
3202111150754470004927539:
3202111150754500004936854:
3202111150754520009342978:
3202111150754540005006315:
3202111150754560009342954:
3202111150754590005248599:
3202111150755020009327615:
3202111150755040005249720:
3202111150755080005264728:
3202111150755110009324629:
3202111150755130009343149:
3202111150755160008498188:
3202111150755220009324637:
3202111150755260004165756:
3202111150755290004989657:
3202111150755320004993672:
3202111150755350009348776:
3202111150755360009324879:
3202111150755400004165753:
3202111150755510008680900:
3202111150755560004931925:
3202111150755580005265556:
3202111150756000005252022:
3202111150756030006018008:
3202111150756100008717268:
3202111150756220008697764:
3202111150756350009226952:
3202111150756370005248876:
3202111150756450009336959:
3202111150756500008689944:
3202111150756530006030480:
3202111150757050004936149:
3202111150757190004949833:
3202111150757260005272314:
3202111150757290005248596:
3202111150757350005254542:
3202111150757450009354391:
3202111150757580007418333:
3202111150758050009339802:
3202111150758160008680280:
3202111150758200009343384:
3202111150758240009336990:
3202111150758320008686117:
3202111150758360004952229:
3202111150758390004999443:
3202111150758420004162162:
3202111150758430004989794:
3202111150758460008514966:
3202111150758490009351758:
3202111150758500004161986:
3202111150758530008690203:
3202111150758550005269401:
3202111150758570009287195:
3202111150758590008502984:
3202111150759010008677829:
3202111150759030004975477:
3202111150759050004951868:
3202111150759070009233695:
3202111150759090004604856:
3202111150759120004599828:
3202111150759140008699992:
3202111150759170009286996:
3202111150759190004923548:
3202111150759210008703693:
3202111150759350009331842:
3202111150759380004937930:
3202111150759410008499471:
3202111150759440009322590:
3202111150759460009280051:
3202111150759490006039541:
3202111150759510005254706:
3202111150759530008504091:
3202111150759550004965502:
3202111150759570009308083:
3202111150800000009326658:
3202111150800180004949239:
3202111150800260004602279:
3202111150800390009300618:
3202111150800420004602279:
3202111150841360009298073:
3202111150847080008503489:
3202111150912120005248460:
3202111151659260008514966:
3202111151702550008714702:
3202111151709010005005263:
3202111151714550005263923:
3202111151758580008503489:
3202111151807370004975069:
3202111151859100005272252:
3202111151859130005250567:
3202111151900010005001262:
3202111151900030004998074:
3202111151900050005272252:
3202111151900070005250567:
3202111151903450009343567:
3202111151904590009343384:
3202111151905040009354391:
3202111151906200006042240:
3202111151906250005248661:
3202111151959150005262501:
3202111152000160009254212:
3202111152000490008692117:
3202111152000510009306586:
3202111152001020006018008:
3202111152001040009252970:
3202111152001060005250568:
3202111152001080009324879:
3202111152001100005252018:
3202111152001120008691341:
3202111152001150005254537:
3202111152001170005252022:
3202111152001190009354349:
3202111152001210005248597:
3202111152001240004964407:
3202111152001410000424167:
3202111152001430008499165:
3202111152001440004599828:
3202111152001470008499165:
3202111152001480004599828:
3202111152001550005263924:
3202111152001580007407459:
3202111152002000009343592:
3202111152002050006024859:
3202111152002150004936413:
3202111152002220004935638:
3202111152002320004604851:
3202111152004380004164864:
3202111152005270005258488:
3202111152019010008698121:
3202111152019590006041103:
3202111152020060006019315:
3202111152048150009286996:
3202111152104170009308083:
3202111152158590005252021:
3202111152159020009272418:
3202111152159040004975477:
3202111152159050004965502:
3202111152159070004999443:
3202111152159080004970901:
3202111152159100009343149:
3202111152159110009342954:
3202111152159140009324637:
3202111152159150005254419:
3202111152159170004161989:
3202111152159200005254419:
3202111152159210004161989:
3202111152159230004161986:
3202111152159250003137967:
3202111152159270005248599:
3202111152159290005008846:
3202111152159320009331842:
3202111152159350008498188:
3202111152159370009331842:
3202111152159380004980976:
3202111152159400007418333:
3202111152159420005009382:
3202111152159460009226952:
3202111152159490005250572:
3202111152159510008502984:
3202111152159530005248876:
3202111152159540009339802:
3202111152159590005249720:
3202111152200010004933136:
3202111152200030004926955:
3202111152200050008497634:
3202111152200060005249720:
3202111152200090005252020:
3202111152200130004933136:
3202111152200150005252020:
3202111152200160008711249:
3202111152200180005255676:
3202111152200200005265558:
3202111152200220008687514:
3202111152200240009326600:
3202111152200260009283931:
3202111152200270005011155:
3202111152200290008692290:
3202111152200310005263920:
3202111152200330008693920:
3202111152200340009326626:
3202111152200360009348776:
3202111152200380008693920:
3202111152200390004602277:
3202111152200410005011308:
3202111152200430005009549:
3202111152200450009287195:
3202111152200460006041721:
3202111152200480004986730:
3202111152200500004949239:
3202111152200520004937930:
3202111152200540000424146:
3202111152200560008686117:
3202111152200590008498021:
3202111152201000009342962:
3202111152201020008693892:
3202111152201030008709488:
3202111152201050004973922:
3202111152201070005250571:
3202111152201090008680900:
3202111152201110008515502:
3202111152201130006035802:
3202111152201160005269401:
3202111152201180004930162:
3202111152201210008494201:
3202111152201230009234457:
3202111152201250008501288:
3202111152201270008518736:
3202111152201290009324629:
3202111152201300009230815:
3202111152201340008690203:
3202111152201370004162162:
3202111152201390005248458:
3202111152201420004998055:
3202111152201440009234240:
3202111152201470005272314:
3202111152201530006039506:
3202111152201570004965754:
3202111152201590004162432:
3202111152202010008698795:
3202111152202020008500889:
3202111152202040005248596:
3202111152202050006030480:
3202111152202080006016090:
3202111152202100004966591:
3202111152202130009302534:
3202111152202210009322602:
3202111152202330009281928:
3202111152203050008688253:
3202111152204170004158333:
3202111152204310004990953:
3202111152204370008499556:
3202111152204560004988205:
3202111152205160005254707:
3202111152205220009339792:
3202111152206160004927539:
3202111152219370004929937:
3202111152224110004928581:
3202111152224550005254542:
3202111152232190005248460:
3202111152238570004935107:
3202111152256010005004742:
3202111152258140008492065:
3202111152259000009351758:
3202111152259190006039016:
3202111152259520004974136:
3202111152300010009339930:
3202111152300040008684967:
3202111152300110004970930:
3202111152300210004993672:
3202111152300240009284157:
3202111152300280004975787:
3202111152300430009348542:
3202111152300440009322590:
3202111152300460003137991:
3202111152300480008513325:
3202111152300500006015460:
3202111152300520008507829:
3202111152300530008699992:
3202111152300560005252027:
3202111152300590004957118:
3202111152301010005255416:
3202111152301040006033000:
3202111152301090008504091:
3202111152301120004596344:
3202111152301560006014941:
3202111152301580005255713:
3202111152302000004929202:
3202111152302020006014941:
3202111152302040004923617:
3202111152302060004989794:
3202111152302100004165756:
3202111152302480005260613:
3202111152303260009290264:
3202111152303290004967606:
3202111152303300004968208:
3202111152303330004941508:
3202111152304460005252029:
3202111152307330008494092:
3202111152310390008708003:
3202111152312340009300590:
3202111152358560009339144:
3202111152358570003126147:
3202111152359000004951537:
3202111152359040009346367:
3202111152359070009354581:
3202111152359100004936854:
4202111150002470004968173:
4202111150008070004967900:
4202111150201550004179142:
4202111150353400005254930:
4202111150743540007396382:
4202111150745110009281193:
4202111150745170004596346:
4202111150745580004605849:
4202111150747400008504234:
4202111150747420004990686:
4202111150748180004159574:
4202111150748210008501835:
4202111150748500008708048:
4202111150749060005262500:
4202111150749130004965482:
4202111150749280004159570:
4202111150749360005264545:
4202111150749420009285513:
4202111150749450009234486:
4202111150750160004929408:
4202111150750310008677903:
4202111150750340009305260:
4202111150750390004949437:
4202111150750440005001262:
4202111150750450004932608:
4202111150750480005001511:
4202111150750550001087543:
4202111150751130004928604:
4202111150751260007398203:
4202111150751380008445656:
4202111150751410004935638:
4202111150751450006021988:
4202111150751480004974727:
4202111150751500009236868:
4202111150751530004605843:
4202111150751550004981013:
4202111150751580006039510:
4202111150752000004934669:
4202111150752050004162431:
4202111150752080009311280:
4202111150752180006015165:
4202111150752240008699709:
4202111150752290004941774:
4202111150752340005012405:
4202111150752420004941774:
4202111150752460009253995:
4202111150752480004167845:
4202111150753010008496149:
4202111150753050004962411:
4202111150753070006025823:
4202111150753090008690234:
4202111150753110004929419:
4202111150753200004972421:
4202111150753220005254421:
4202111150753290009234249:
4202111150753310009339817:
4202111150753400009252946:
4202111150753430000424167:
4202111150753450005255714:
4202111150753470009278808:
4202111150753500004952169:
4202111150754060004958669:
4202111150754110004952531:
4202111150754150004162428:
4202111150754170008495426:
4202111150754190004161988:
4202111150754210009339225:
4202111150754240007407499:
4202111150754270005258488:
4202111150754300007402498:
4202111150754370004159580:
4202111150754540008492776:
4202111150754560009287614:
4202111150754580005252028:
4202111150754590004605847:
4202111150755020009324118:
4202111150755040005008693:
4202111150755060005254710:
4202111150755070004929713:
4202111150755100004165754:
4202111150755110005250565:
4202111150755130009252994:
4202111150755150009338161:
4202111150755180004162430:
4202111150755220009339792:
4202111150755270005264521:
4202111150755380009342997:
4202111150755400009226821:
4202111150755490005258478:
4202111150756020008702698:
4202111150756040009346340:
4202111150756060006020192:
4202111150756080006028799:
4202111150756100009295454:
4202111150756120004968761:
4202111150756140008494427:
4202111150756170004936058:
4202111150756190009226797:
4202111150756200008499867:
4202111150756220006035802:
4202111150756230008511222:
4202111150756260005252017:
4202111150756430008690224:
4202111150756540004957311:
4202111150756560009343592:
4202111150756580004972892:
4202111150756590009234457:
4202111150757020009250787:
4202111150757050004996716:
4202111150757080005004322:
4202111150757100004968592:
4202111150757160009324605:
4202111150757180009342981:
4202111150757200008695597:
4202111150757240004929270:
4202111150757280007401131:
4202111150757310004931038:
4202111150757420004167843:
4202111150757440005252024:
4202111150757450009247696:
4202111150757550003892332:
4202111150757580008710875:
4202111150758000009341742:
4202111150758020004941228:
4202111150758060004167851:
4202111150758090005248456:
4202111150758180004967114:
4202111150758200006036994:
4202111150758220002854367:
4202111150758240004948548:
4202111150758250009326600:
4202111150758280004946812:
4202111150758300009342143:
4202111150758310005004848:
4202111150758340008512783:
4202111150758360004977027:
4202111150758420004923699:
4202111150758450004045200:
4202111150758480008499706:
4202111150758490005012741:
4202111150758520009226433:
4202111150759040004990375:
4202111150759100006022158:
4202111150759240005005802:
4202111150759270004957855:
4202111150759340009351768:
4202111150759360005248878:
4202111150759380004929641:
4202111150759400009233704:
4202111150759430004179142:
4202111150759470009327620:
4202111150759520000431385:
4202111150759570009246202:
4202111150759590009339211:
4202111150800230005248602:
4202111150800340008709393:
4202111150800360005270006:
4202111150800460004926919:
4202111150800510008509836:
4202111150801240006039129:
4202111150801320004963073:
4202111150802120009339818:
4202111150802320004975255:
4202111150803290009352010:
4202111150803560004964545:
4202111150804350008494092:
4202111150805210009226817:
4202111150806190004599829:
4202111150807080004160312:
4202111150807570004933960:
4202111150808560008503089:
4202111150811130008519041:
4202111150815490004599826:
4202111150830350006022420:
4202111150837280004921785:
4202111150917400005254930:
4202111151702450009226433:
4202111151705210009246202:
4202111151802070004931038:
4202111151805510009346020:
4202111151812120008509836:
4202111151812170004989657:
4202111151900100004975565:
4202111151900150005008693:
4202111151900170008492410:
4202111151900180005008693:
4202111151900200008714113:
4202111151900220008697764:
4202111151900230004968250:
4202111151900250005254710:
4202111151900260004953437:
4202111151900280004981013:
4202111151900300005007370:
4202111151900340005258486:
4202111151900360009325535:
4202111151900450009346055:
4202111151900570004951868:
4202111151901110004926919:
4202111151901130006022158:
4202111151901150005001511:
4202111151901160004990979:
4202111151901180002851443:
4202111151901230006021988:
4202111151901250009339817:
4202111151901290004948548:
4202111151901520008492549:
4202111151902580005254421:
4202111151903000009324118:
4202111151903040005254421:
4202111151903080009327615:
4202111151903110006039541:
4202111151959300005252017:
4202111151959390008677903:
4202111151959420004966178:
4202111152000030009252994:
4202111152000080004953135:
4202111152000160009252994:
4202111152000210004159580:
4202111152000260009234249:
4202111152000320004596346:
4202111152000530009338161:
4202111152001090006036994:
4202111152001130009346033:
4202111152001380008512783:
4202111152001410004957311:
4202111152001580004976589:
4202111152002020009327620:
4202111152002130009342997:
4202111152002390004952471:
4202111152002560004929419:
4202111152002580004963073:
4202111152003330004927575:
4202111152003370005252024:
4202111152003540009296645:
4202111152004160009250787:
4202111152004360008690234:
4202111152006270004179142:
4202111152006420009232651:
4202111152007520005252032:
4202111152012180004972421:
4202111152021440009254207:
4202111152022480008519041:
4202111152101350007407499:
4202111152102080005006315:
4202111152158350004982114:
4202111152159030007401131:
4202111152159140007395601:
4202111152159160009346340:
4202111152159180004936293:
4202111152159270004990085:
4202111152159520004952531:
4202111152159550004965482:
4202111152159560004967114:
4202111152159580008499706:
4202111152200010005004322:
4202111152200030004941228:
4202111152200040005248457:
4202111152200060004941228:
4202111152200070009324572:
4202111152200090005012741:
4202111152200110005004322:
4202111152200130005255714:
4202111152200140004605843:
4202111152200160004965170:
4202111152200170004989259:
4202111152200190005010999:
4202111152200200009346035:
4202111152200220009339821:
4202111152200240006031524:
4202111152200250009342981:
4202111152200270009292038:
4202111152200290008445656:
4202111152200320008495556:
4202111152200340008499867:
4202111152200350004996716:
4202111152200370004929270:
4202111152200380001087543:
4202111152200421513631101:
4202111152200450008699709:
4202111152200460005264545:
4202111152200480007396382:
4202111152200500009336959:
4202111152200510004990686:
4202111152200530004968761:
4202111152200540009273291:
4202111152200560004990375:
4202111152200580008504234:
4202111152200590009273291:
4202111152201010004964566:
4202111152201030009226821:
4202111152201050004167849:
4202111152201070005264521:
4202111152201090004988966:
4202111152201110004962411:
4202111152201190008496149:
4202111152201220003137754:
4202111152201260009226797:
4202111152201290009280051:
4202111152201320008680442:
4202111152201330008506912:
4202111152201350004159570:
4202111152201460009305260:
4202111152201480004957855:
4202111152201500009295454:
4202111152201530004929713:
4202111152201560006039974:
4202111152202070008500083:
4202111152202100008679170:
4202111152202270004959868:
4202111152202570004160312:
4202111152203050008707911:
4202111152203440004929408:
4202111152204270009298223:
4202111152205050005258470:
4202111152205310004969304:
4202111152206370009247696:
4202111152207300007398203:
4202111152207460008708048:
4202111152208350004986846:
4202111152209410009343593:
4202111152231020004975255:
4202111152257280004159573:
4202111152257310004167851:
4202111152257340004596345:
4202111152259350006028799:
4202111152259370008695597:
4202111152259410008494427:
4202111152259420004162160:
4202111152300030004159574:
4202111152300090004045200:
4202111152300160004949437:
4202111152300180004953788:
4202111152300250008710875:
4202111152300260004953788:
4202111152300280008689944:
4202111152300340004923699:
4202111152300350009283323:
4202111152301000004929641:
4202111152301020008500493:
4202111152303130004974727:
4202111152303150004167845:
4202111152303180005254706:
4202111152304220004162428:
4202111152304240005258478:
4202111152305380004161988:
4202111152307240005254930:
4202111152308530004599829:
5202111150400570004991241:
5202111150401200007398203:
5202111150733060007404782:
5202111150739300004921536:
5202111150740400004950845:
5202111150740420004998138:
5202111150740460004975531:
5202111150741430004930090:
5202111150742310004989528:
5202111150742350009305457:
5202111150743510004974855:
5202111150743550005270003:
5202111150744000004957738:
5202111150744420004161991:
5202111150744580004959001:
5202111150746220008698279:
5202111150746330004924019:
5202111150746480004605842:
5202111150746510009346707:
5202111150747220006032924:
5202111150747300009276680:
5202111150748040008517932:
5202111150748100004950937:
5202111150748400008512859:
5202111150748420004967900:
5202111150748440006039493:
5202111150748470001083110:
5202111150748490005012946:
5202111150748520004995938:
5202111150749250004946775:
5202111150749340004968298:
5202111150750010005258489:
5202111150750060004994074:
5202111150750080004969726:
5202111150750170004976589:
5202111150750240004167842:
5202111150750380005266100:
5202111150750530004167842:
5202111150750560004997873:
5202111150750590008692450:
5202111150751010004990397:
5202111150751030004972171:
5202111150751050004162431:
5202111150751060005270002:
5202111150751070008499208:
5202111150751090004966418:
5202111150751190009346362:
5202111150751270009234480:
5202111150751361513645885:
5202111150751380009236809:
5202111150751400004931257:
5202111150751510004961532:
5202111150751530007402500:
5202111150752050009351308:
5202111150752100005272371:
5202111150752120004966690:
5202111150752150009296798:
5202111150752170008699606:
5202111150752270009339273:
5202111150752300004936419:
5202111150752330008509901:
5202111150752540004992723:
5202111150752580004980727:
5202111150753060005255416:
5202111150753080008516236:
5202111150753090004160314:
5202111150753150004602278:
5202111150753190004996134:
5202111150753200004923016:
5202111150753230004602278:
5202111150753250008493750:
5202111150753270004990979:
5202111150753320009230754:
5202111150753360007412611:
5202111150753420009310954:
5202111150753450009346033:
5202111150753500004937490:
5202111150753520009339219:
5202111150753540004946517:
5202111150753560008503915:
5202111150753580004967585:
5202111150754000008503171:
5202111150754020004605847:
5202111150754050009346170:
5202111150754070004180013:
5202111150754090008494613:
5202111150754120007402523:
5202111150754130004923454:
5202111150754150004961022:
5202111150754210004159572:
5202111150754230004922969:
5202111150754250009352009:
5202111150754280008718216:
5202111150754310004957428:
5202111150754330007402523:
5202111150754340009282809:
5202111150754370009279709:
5202111150754390004938202:
5202111150754410004947366:
5202111150754430005254708:
5202111150754460004165756:
5202111150754470007411321:
5202111150754490004605845:
5202111150754510004937390:
5202111150755070004961787:
5202111150755100008717926:
5202111150755190009233710:
5202111150755230009254908:
5202111150755260006018008:
5202111150755310009252984:
5202111150755350004928389:
5202111150755380008493366:
5202111150755410004932359:
5202111150755430008510716:
5202111150755450006033000:
5202111150755470001108277:
5202111150755500004968194:
5202111150755520004949598:
5202111150755530009348762:
5202111150755550004927329:
5202111150755590005255711:
5202111150756010004997809:
5202111150756050009335539:
5202111150756120009342959:
5202111150756140004932362:
5202111150756190008506766:
5202111150756230004930576:
5202111150756260003892332:
5202111150756300009230781:
5202111150756320005258468:
5202111150756410004961404:
5202111150756440004927939:
5202111150756450004935794:
5202111150756500009272187:
5202111150756520008696894:
5202111150756580009284157:
5202111150757000003137991:
5202111150757040009341030:
5202111150757070004951627:
5202111150757090009333812:
5202111150757120004953135:
5202111150757150004991584:
5202111150757170008513950:
5202111150757190006029988:
5202111150757200006018006:
5202111150757220009280491:
5202111150757240005254423:
5202111150757260004967379:
5202111150757280004940881:
5202111150757300008515021:
5202111150757310006030142:
5202111150757330005267056:
5202111150757350004928175:
5202111150757370004940674:
5202111150757380004965754:
5202111150757400004977027:
5202111150757410008506074:
5202111150757430004972420:
5202111150757450006033090:
5202111150757460004957545:
5202111150757480004947445:
5202111150757490004995654:
5202111150757510009321395:
5202111150757520005004855:
5202111150757540004994314:
5202111150757550009321334:
5202111150757570004965967:
5202111150757580004966986:
5202111150758000004966761:
5202111150758010008497463:
5202111150758030008510090:
5202111150758040001079288:
5202111150758060004157441:
5202111150758070006025807:
5202111150758090009286616:
5202111150758110008709011:
5202111150758120004998544:
5202111150758170004968100:
5202111150758220008494201:
5202111150758250004966903:
5202111150758260004967073:
5202111150758280005254709:
5202111150758310004981830:
5202111150758340004987744:
5202111150758360008676811:
5202111150758380006030130:
5202111150758400009354001:
5202111150758420006016276:
5202111150758440008698315:
5202111150758450008431645:
5202111150758460004969384:
5202111150758480009240533:
5202111150758500009246202:
5202111150758520005006958:
5202111150758530004989365:
5202111150758550005266099:
5202111150758570009342962:
5202111150758580009347607:
5202111150759000004951445:
5202111150759010009226412:
5202111150759030005254929:
5202111150759050008500113:
5202111150759070006037287:
5202111150759100009324076:
5202111150759170008496310:
5202111150759250009339524:
5202111150759300009226440:
5202111150759310005005056:
5202111150759330004962761:
5202111150759370004961333:
5202111150759380008497935:
5202111150759400008701274:
5202111150759410004968208:
5202111150759430004922029:
5202111150759470003920040:
5202111150759500008495556:
5202111150759510009340820:
5202111150759530004997608:
5202111150759550009340820:
5202111150759571513631101:
5202111150759590004167847:
5202111150800010009354827:
5202111150800030004158333:
5202111150800050004951177:
5202111150800070004162161:
5202111150800130008688253:
5202111150800140004941508:
5202111150800160005263715:
5202111150800170006030118:
5202111150800190006021994:
5202111150800210006041875:
5202111150800210009225481:
5202111150800240009339834:
5202111150800260004988966:
5202111150800280004956498:
5202111150800290004975069:
5202111150800310004178213:
5202111150800320004930608:
5202111150800350009339837:
5202111150800370007401654:
5202111150800390009348543:
5202111150800410006028797:
5202111150800420008508757:
5202111150800440004967296:
5202111150800470008501482:
5202111150800480007407459:
5202111150800500005254716:
5202111150800520005252016:
5202111150800540006020195:
5202111150800580005254540:
5202111150801000006036876:
5202111150801020004947107:
5202111150801040009346055:
5202111150801060009233697:
5202111150801080004935891:
5202111150801100009346020:
5202111150801120009234248:
5202111150801140009282114:
5202111150801200006021991:
5202111150801230004966802:
5202111150801360004934727:
5202111150801470004924182:
5202111150801490005010999:
5202111150801520008714113:
5202111150801550004968004:
5202111150801570009297056:
5202111150802110004162434:
5202111150802140004931701:
5202111150802250009290264:
5202111150802260008696238:
5202111150802280004161987:
5202111150802490004596343:
5202111150802520009226392:
5202111150804040009339803:
5202111150804090009342183:
5202111150804160004605846:
5202111150804570007414082:
5202111150805040007410282:
5202111150805060009281814:
5202111150805300009298223:
5202111150806230009294273:
5202111150808430006009777:
5202111150813270009305197:
5202111150814370008695330:
5202111151302260004968100:
5202111151704540009354827:
5202111151704550009342978:
5202111151709290008493366:
5202111151709310006033090:
5202111151709330009225481:
5202111151709350004932362:
5202111151709390009305457:
5202111151712380004997873:
5202111151713260004967585:
5202111151718180004966903:
5202111151720380009230754:
5202111151720420009347607:
5202111151720450004989528:
5202111151720470005258489:
5202111151720500009346362:
5202111151721060005006101:
5202111151721420005012946:
5202111151729300004950937:
5202111151744540004951177:
5202111151802210004936419:
5202111151802230008699606:
5202111151803100004997809:
5202111151803200001108277:
5202111151803310009234480:
5202111151803440008510716:
5202111151804340009339219:
5202111151804380005272371:
5202111151805220006041715:
5202111151806040004966761:
5202111151806430009252984:
5202111151806500008500184:
5202111151808080004924182:
5202111151808130004605842:
5202111151808270004922969:
5202111151808470008499208:
5202111151808510004966986:
5202111151808550004934727:
5202111151809130004975531:
5202111151809190004998138:
5202111151809260004946775:
5202111151810100003920040:
5202111151810220009346707:
5202111151810400009341030:
5202111151813130008509836:
5202111151813200004989657:
5202111151823140006022855:
5202111151855280007410385:
5202111151859200004972456:
5202111151859230003918790:
5202111151900190009286616:
5202111151900220006018006:
5202111151900260004998194:
5202111151900270004157149:
5202111151900290001087528:
5202111151900470004998074:
5202111151900490005272252:
5202111151901060008714113:
5202111151901090008697764:
5202111151901240005258486:
5202111151902200004990979:
5202111151903020004602278:
5202111151903040008718216:
5202111151903550005254421:
5202111151903580006039541:
5202111151904250004963921:
5202111151904270008501482:
5202111151905000004965814:
5202111151905070004951489:
5202111151905090007407739:
5202111151905120007401654:
5202111151905150009253997:
5202111151905200007411321:
5202111151905220006029988:
5202111151905240004167848:
5202111151905250008493750:
5202111151905280004927329:
5202111151905370005258468:
5202111151905460004980727:
5202111151906000006032924:
5202111151906020004966418:
5202111151906100004180013:
5202111151906121513645885:
5202111151906170009339273:
5202111151906200008717926:
5202111151906230009226826:
5202111151906250009339273:
5202111151906380005265555:
5202111151906420004968298:
5202111151906510008503915:
5202111151907240004989073:
5202111151907280004935186:
5202111151907350007410282:
5202111151908450006009777:
5202111151958120008698279:
5202111151959310009233695:
5202111151959480008513950:
5202111152000040005264721:
5202111152000080008513950:
5202111152000100005254709:
5202111152000140009282809:
5202111152000160006021994:
5202111152000190004596343:
5202111152000220004167842:
5202111152000260006030142:
5202111152000340005005056:
5202111152000370004930090:
5202111152000400009348762:
5202111152000420004160314:
5202111152000440008508757:
5202111152000460004942841:
5202111152000480004160314:
5202111152000510008701083:
5202111152001190008692560:
5202111152001210004922029:
5202111152001230004945980:
5202111152001350004976407:
5202111152001380004961333:
5202111152001400004968004:
5202111152001410009310954:
5202111152001450004951477:
5202111152001460004961022:
5202111152001480009243147:
5202111152001510006018008:
5202111152001530004928389:
5202111152001540005263716:
5202111152001580004988793:
5202111152002010005262498:
5202111152002020004599830:
5202111152002090004921536:
5202111152002190004923016:
5202111152002210000424167:
5202111152002220005009021:
5202111152002250009340824:
5202111152002310004604857:
5202111152002360004972171:
5202111152002400004922875:
5202111152002420009282114:
5202111152002440004969726:
5202111152002530004976589:
5202111152002560004997608:
5202111152002580005254540:
5202111152003100009240533:
5202111152003170005254540:
5202111152003210009292116:
5202111152003250008686663:
5202111152003270001079879:
5202111152003300006037287:
5202111152003330004958379:
5202111152004150009230781:
5202111152004200009236809:
5202111152004260009351308:
5202111152004470009226412:
5202111152005380005255711:
5202111152005450004165890:
5202111152006110004960782:
5202111152006210009321334:
5202111152006240004960782:
5202111152006260009290365:
5202111152006280004960782:
5202111152006510004950845:
5202111152007300004957545:
5202111152007350005263715:
5202111152007370005266100:
5202111152007510008502364:
5202111152008120004992723:
5202111152008490008698044:
5202111152009280009226440:
5202111152010030009354001:
5202111152010050009296798:
5202111152012090008706494:
5202111152012120004167850:
5202111152012210009321395:
5202111152012230007414082:
5202111152018250009339824:
5202111152020030004605846:
5202111152022150004954090:
5202111152022240009342959:
5202111152022260004946517:
5202111152022290006022852:
5202111152022300008696894:
5202111152022320008676811:
5202111152022350008702320:
5202111152022360008493286:
5202111152022380001079288:
5202111152022410008690529:
5202111152022450009254229:
5202111152022490008495616:
5202111152022510006036993:
5202111152022530009342183:
5202111152022560009294273:
5202111152022570004947445:
5202111152022590004972420:
5202111152023010004162433:
5202111152023060008510090:
5202111152032580009297056:
5202111152033040007410282:
5202111152035410004937390:
5202111152037540004967312:
5202111152039090004967590:
5202111152043100004961221:
5202111152101110005266099:
5202111152102130009348543:
5202111152102200008492480:
5202111152105320006016276:
5202111152108180004977027:
5202111152121080008703345:
5202111152159150005254422:
5202111152159320004965502:
5202111152159350009272418:
5202111152159400004975477:
5202111152159420007395592:
5202111152159430004999443:
5202111152159460009351768:
5202111152159470009343149:
5202111152159490004970901:
5202111152159500009324637:
5202111152159550009342954:
5202111152200000009301802:
5202111152200020004921380:
5202111152200040009295891:
5202111152200050009301551:
5202111152200100008692450:
5202111152200130004967073:
5202111152200140004951445:
5202111152200180004959001:
5202111152200200004995938:
5202111152200280008498188:
5202111152200300004165754:
5202111152200320009346340:
5202111152200340008502984:
5202111152200350004996134:
5202111152200400008517932:
5202111152200420004995938:
5202111152200450004959001:
5202111152200460004967416:
5202111152200490004605845:
5202111152200520004926646:
5202111152200550007402500:
5202111152200560004604854:
5202111152200590004974855:
5202111152201010004990397:
5202111152201030009340820:
5202111152201050004605851:
5202111152201070008494564:
5202111152201090004604852:
5202111152201130009234248:
5202111152201150005004855:
5202111152201190004940881:
5202111152201200004957738:
5202111152201220004994074:
5202111152201240004965967:
5202111152201260004951177:
5202111152201280004989365:
5202111152201290004167847:
5202111152201310006039493:
5202111152201330004946192:
5202111152201340009232378:
5202111152201370004969384:
5202111152201390006032999:
5202111152201410006028451:
5202111152201440004937490:
5202111152201450009339524:
5202111152201490009254908:
5202111152201510004932392:
5202111152201550004949177:
5202111152201570008494201:
5202111152201580007409900:
5202111152202000004167849:
5202111152202010004931257:
5202111152202030008497935:
5202111152202050004934669:
5202111152202060004981830:
5202111152202080004157151:
5202111152202100004969598:
5202111152202120009326612:
5202111152202130008506074:
5202111152202150004958069:
5202111152202170006021991:
5202111152202250008506597:
5202111152202270009279481:
5202111152202300004928604:
5202111152202330009339803:
5202111152202350008709011:
5202111152202370004965754:
5202111152202390008431645:
5202111152202410004966591:
5202111152202420004158139:
5202111152202450003892332:
5202111152203210008688253:
5202111152203240006016090:
5202111152203330007412611:
5202111152203400004947107:
5202111152203420004961787:
5202111152203440008697836:
5202111152203470004949598:
5202111152204020008494613:
5202111152204110008508290:
5202111152204340004923159:
5202111152204540005252028:
5202111152204580004924019:
5202111152205010008516236:
5202111152205040005263714:
5202111152205060005270003:
5202111152205270004987744:
5202111152205410007421269:
5202111152205450004995654:
5202111152205480004159572:
5202111152205500008503171:
5202111152206230009352009:
5202111152206250004968194:
5202111152206280004962761:
5202111152208220008708048:
5202111152210100004991241:
5202111152213040004968544:
5202111152217080009234486:
5202111152217110009285513:
5202111152258550004966690:
5202111152259150009324076:
5202111152259280008511510:
5202111152300000004157441:
5202111152300020009346170:
5202111152300040008515021:
5202111152300060006030118:
5202111152300080009279709:
5202111152300090004923454:
5202111152300110008509901:
5202111152300150004160311:
5202111152300170009276680:
5202111152300180004162161:
5202111152300220005270002:
5202111152300240008496310:
5202111152300260004961532:
5202111152300290005268686:
5202111152300300008496310:
5202111152300320004961644:
5202111152300330004961404:
5202111152300350008492776:
5202111152300370005248880:
5202111152300390004932359:
5202111152300410004933902:
5202111152300430004974136:
5202111152300450004605847:
5202111152300470009232629:
5202111152300490004158137:
5202111152300510005252073:
5202111152300530004953182:
5202111152300570009280491:
5202111152301000009225494:
5202111152301020004158137:
5202111152301080004943327:
5202111152301110004158137:
5202111152301140000431430:
5202111152301220009339834:
5202111152301290008689944:
5202111152301350005255416:
5202111152301470004602281:
5202111152302080008500113:
5202111152302190009344566:
5202111152303010004165756:
5202111152305090009287614:
5202111152359420009339144:
5202111152359500009346367:
5202111152359530009336990:
6202111150003470006039129:
6202111150006110008494964:
6202111150006140005252016:
6202111150400020009241075:
6202111150400520007398203:
6202111150401070007402498:
6202111150731310004951327:
6202111150740270006031524:
6202111150741080004992307:
6202111150742380004936685:
6202111150742470004946192:
6202111150742580004963921:
6202111150745020004605849:
6202111150747340005262500:
6202111150747360005270000:
6202111150747410004159576:
6202111150747460005263714:
6202111150747550008708048:
6202111150748120004965866:
6202111150748190004935629:
6202111150748240004604852:
6202111150748280004947159:
6202111150748380004596345:
6202111150748510005252073:
6202111150749100004967900:
6202111150749540004599832:
6202111150749570004998074:
6202111150750220004926646:
6202111150750260004928640:
6202111150750350004976589:
6202111150750470004974233:
6202111150750510004968173:
6202111150751170004957118:
6202111150751440005012405:
6202111150751480009283931:
6202111150751590004931257:
6202111150752050004987025:
6202111150752070008499805:
6202111150752100008715839:
6202111150752120004961532:
6202111150752230004928616:
6202111150752480004952169:
6202111150752520005269841:
6202111150752540009278808:
6202111150752580008683421:
6202111150753150008508441:
6202111150753210004961644:
6202111150753220004969304:
6202111150753240004965031:
6202111150753260004602280:
6202111150753280004981546:
6202111150753300008517056:
6202111150753320000431430:
6202111150753340008508290:
6202111150753370005268686:
6202111150753390008501795:
6202111150753410008492410:
6202111150753430004998663:
6202111150753450004159580:
6202111150753490005270001:
6202111150753550004969132:
6202111150753590007412611:
6202111150754080004929713:
6202111150754100001087528:
6202111150754130004942841:
6202111150754150004952471:
6202111150754170004165754:
6202111150754190009342978:
6202111150754210005006315:
6202111150754230008494613:
6202111150754260009292116:
6202111150754290004161985:
6202111150754310004961022:
6202111150754330005008853:
6202111150754370009324629:
6202111150754420005264728:
6202111150754470005010841:
6202111150754590004993672:
6202111150755020004989657:
6202111150755050009324879:
6202111150755060009348776:
6202111150755110008702698:
6202111150755150004979341:
6202111150755230004596349:
6202111150755260005001068:
6202111150755290006039974:
6202111150755310009283323:
6202111150755340004167852:
6202111150755400005254537:
6202111150755590004605851:
6202111150756020004976000:
6202111150756040005262498:
6202111150756070005248876:
6202111150756100003137754:
6202111150756110004968194:
6202111150756160008693920:
6202111150756170008689944:
6202111150756190008709488:
6202111150756200004596348:
6202111150756220005006747:
6202111150756240004949536:
6202111150756260008515502:
6202111150756280005248880:
6202111150756300004989524:
6202111150756320009252970:
6202111150756390004998194:
6202111150756400004932392:
6202111150756440006033000:
6202111150756450005248661:
6202111150756470005254712:
6202111150756490004159571:
6202111150756500003892332:
6202111150756560005270005:
6202111150757000005265558:
6202111150757020004987731:
6202111150757050005008846:
6202111150757080005272290:
6202111150757100005270004:
6202111150757120004975690:
6202111150757140001114611:
6202111150757180004167851:
6202111150757210008492549:
6202111150757230008507829:
6202111150757300005005063:
6202111150757320005252029:
6202111150757340009325535:
6202111150757370004159579:
6202111150757390004948881:
6202111150757400005005263:
6202111150757420005272292:
6202111150757430004599830:
6202111150757450005254419:
6202111150757470009254212:
6202111150757490006018006:
6202111150757500005263924:
6202111150757560008686117:
6202111150757590005263924:
6202111150758000005272252:
6202111150758020005250567:
6202111150758030004927727:
6202111150758050004165890:
6202111150758090004989794:
6202111150758220004982680:
6202111150758240004958069:
6202111150758260004962579:
6202111150758270004958069:
6202111150758290004988079:
6202111150758310009233695:
6202111150758330009233704:
6202111150758340008699992:
6202111150758370004986730:
6202111150758410004966362:
6202111150758430004951537:
6202111150758440008693892:
6202111150758460008494201:
6202111150758480004167849:
6202111150758560005005468:
6202111150759000004948289:
6202111150759020004157149:
6202111150759030009232629:
6202111150759050008431645:
6202111150759060006016276:
6202111150759080008698315:
6202111150759090009331842:
6202111150759110004599827:
6202111150759160008504091:
6202111150759190000424146:
6202111150759210009240533:
6202111150759220004160308:
6202111150759240004159578:
6202111150759250004159575:
6202111150759270008500401:
6202111150759290009326658:
6202111150759310004965502:
6202111150759320008511510:
6202111150759340009308083:
6202111150759370008511510:
6202111150759390004951477:
6202111150759410009339930:
6202111150759420009286387:
6202111150759450006015460:
6202111150759470008679943:
6202111150800050004929235:
6202111150800120004596350:
6202111150800180009354582:
6202111150800200008497774:
6202111150800210004953788:
6202111150800240004989820:
6202111150800260005263920:
6202111150800280004605844:
6202111150800310004596350:
6202111150800320005263920:
6202111150800340004928581:
6202111150800360009343593:
6202111150800370005263716:
6202111150800390005252021:
6202111150800400004997277:
6202111150800430005006239:
6202111150801150004604854:
6202111150801190004975565:
6202111150801210009339144:
6202111150802110008714113:
6202111150802130008692560:
6202111150802220004998055:
6202111150802270005264727:
6202111150802460004923771:
6202111150802480006026834:
6202111150802570007395592:
6202111150803040004975841:
6202111150803260004968472:
6202111150803310004988378:
6202111150805080004990953:
6202111150806240004923617:
6202111150807310008698121:
6202111150811450008506597:
6202111150848400005262496:
6202111150849480006016277:
6202111150914590009279594:
6202111151703100004928833:
6202111151713270004923771:
6202111151713550006022420:
6202111151803000004948585:
6202111151807550004975069:
6202111151857060004968592:
6202111151858520003918790:
6202111151859000002854367:
6202111151859020004972456:
6202111151859300004998194:
6202111151859330004935629:
6202111151900000006018006:
6202111151900020004998194:
6202111151900040006026834:
6202111151900060004157149:
6202111151900080001087528:
6202111151900130005001262:
6202111151900220004998074:
6202111151900260005272252:
6202111151900290005250567:
6202111151901590004161985:
6202111151903050008492549:
6202111151903060008701103:
6202111151905470005005468:
6202111151906230005265555:
6202111151906540006042240:
6202111151958130004605852:
6202111151958150005269841:
6202111151958210004965866:
6202111151958250004161990:
6202111151959040009233695:
6202111152000490005262499:
6202111152000530004929016:
6202111152000550004602280:
6202111152000570004159579:
6202111152000590008692560:
6202111152001000004989524:
6202111152001020004159571:
6202111152001040005010841:
6202111152001060004159578:
6202111152001070004605849:
6202111152001090004160313:
6202111152001110005270004:
6202111152001140004994575:
6202111152001150005254712:
6202111152001170004961333:
6202111152001190005272290:
6202111152001210008499149:
6202111152001230005270000:
6202111152001250004165891:
6202111152001260004951477:
6202111152001280004961022:
6202111152001300004167852:
6202111152001310006018008:
6202111152001330004599830:
6202111152001350005263716:
6202111152001370004962972:
6202111152001390005262498:
6202111152001430005009021:
6202111152001440005252022:
6202111152001460008691341:
6202111152001470004967296:
6202111152001490008683421:
6202111152001510005009021:
6202111152001530005008853:
6202111152001560004947159:
6202111152001580004604857:
6202111152002030004162429:
6202111152002050004602282:
6202111152002070004996445:
6202111152002090004596347:
6202111152002100008695905:
6202111152002130004596349:
6202111152002160008709393:
6202111152002180009240533:
6202111152002200004178213:
6202111152002230004936557:
6202111152002240009278808:
6202111152002260004927120:
6202111152002270008497774:
6202111152002290004160308:
6202111152002300007407459:
6202111152002320004998544:
6202111152002390005254540:
6202111152002450005267056:
6202111152002470009288913:
6202111152002490004937089:
6202111152002570009292116:
6202111152003000004162431:
6202111152003280005270001:
6202111152003350007404782:
6202111152003570004966490:
6202111152003590005248602:
6202111152004360004599827:
6202111152004540009281193:
6202111152004570004599827:
6202111152005120004165890:
6202111152005160008690234:
6202111152005490005258488:
6202111152007400005270006:
6202111152009290004987731:
6202111152009320004935891:
6202111152013480004159576:
6202111152017150005270005:
6202111152024080004939835:
6202111152024250007407502:
6202111152024310005264720:
6202111152026270006014349:
6202111152026370009274874:
6202111152033550008500401:
6202111152036140008713215:
6202111152044480004957428:
6202111152053410004599832:
6202111152100420005266099:
6202111152100580004962579:
6202111152101010005254708:
6202111152101070005254716:
6202111152101100001114611:
6202111152101130004967379:
6202111152101200006037924:
6202111152101530008492480:
6202111152101560009348543:
6202111152102220009335539:
6202111152102390004965031:
6202111152103110004976000:
6202111152103140006025807:
6202111152103160004976000:
6202111152103330004979341:
6202111152104340009308083:
6202111152105110006016276:
6202111152107590004977027:
6202111152108080009232653:
6202111152119080006028797:
6202111152130450009305197:
6202111152148000004975841:
6202111152159090005252076:
6202111152159190007395592:
6202111152159270007421210:
6202111152159330005265556:
6202111152159390004604856:
6202111152159470004988079:
6202111152159520004948881:
6202111152159550005008846:
6202111152200010004165754:
6202111152200030004942040:
6202111152200040004158136:
6202111152200060009276489:
6202111152200070005262500:
6202111152200090004604852:
6202111152200230004158135:
6202111152200250004604854:
6202111152200270005262500:
6202111152200280005272292:
6202111152200300004605851:
6202111152200320004926646:
6202111152200360004604852:
6202111152200370004596348:
6202111152200410008696238:
6202111152200430004946192:
6202111152200450004596348:
6202111152200470008696238:
6202111152200480009234248:
6202111152200500004946192:
6202111152200520008497634:
6202111152200540004596348:
6202111152200560004926955:
6202111152200570005270182:
6202111152200590004952169:
6202111152201000005012405:
6202111152201020009233704:
6202111152201040005011155:
6202111152201050008506074:
6202111152201070006032999:
6202111152201080004952169:
6202111152201100009233704:
6202111152201110005263920:
6202111152201130009252946:
6202111152201140008496367:
6202111152201160008702698:
6202111152201170004934669:
6202111152201210008517056:
6202111152201230004934669:
6202111152201270009254908:
6202111152201290008497935:
6202111152201310004932392:
6202111152201320007409900:
6202111152201340004969598:
6202111152201350004157151:
6202111152201370004921905:
6202111152201380004931257:
6202111152201400004157151:
6202111152201410008515502:
6202111152201430009339837:
6202111152201440006021991:
6202111152201460005006747:
6202111152201470008680900:
6202111152201490009252946:
6202111152201500008517056:
6202111152201520004958069:
6202111152201540008501795:
6202111152201550004941774:
6202111152201570004975690:
6202111152201590005254536:
6202111152202000004928604:
6202111152202030004927727:
6202111152202060004989820:
6202111152202080008506597:
6202111152202090008431645:
6202111152202160004929235:
6202111152202180003892332:
6202111152202200004949536:
6202111152202220004162432:
6202111152202240005248596:
6202111152202260004968886:
6202111152202280006030480:
6202111152202290008500889:
6202111152202310004994314:
6202111152202350006022160:
6202111152202400004167844:
6202111152202430008512859:
6202111152202450007402512:
6202111152203110004959868:
6202111152203130007412611:
6202111152203250004949598:
6202111152203320004998663:
6202111152203390004936685:
6202111152203430008494613:
6202111152203490006039510:
6202111152203570008508290:
6202111152204010005254929:
6202111152204030004938202:
6202111152204280004927029:
6202111152204330004982680:
6202111152204350005263714:
6202111152204430006030130:
6202111152205040008499556:
6202111152205200007421269:
6202111152206030004968194:
6202111152206060004962761:
6202111152206130008695330:
6202111152207340009339211:
6202111152207540004931925:
6202111152208270007398203:
6202111152209540004991241:
6202111152216370007402498:
6202111152218260004159575:
6202111152218380004930576:
6202111152218590004992307:
6202111152221110006036876:
6202111152222070004596350:
6202111152225310005254542:
6202111152225400004969132:
6202111152243000005255675:
6202111152259010004928175:
6202111152259030008511510:
6202111152259050004956498:
6202111152259090005006528:
6202111152259100009226447:
6202111152259140004987532:
6202111152259160005248878:
6202111152259470004987025:
6202111152259560005006239:
6202111152300000004933902:
6202111152300020004961532:
6202111152300030005268686:
6202111152300050004961532:
6202111152300060004961644:
6202111152300080005248880:
6202111152300110009232629:
6202111152300120008492776:
6202111152300140004605847:
6202111152300160004997277:
6202111152300190004953182:
6202111152300210005005063:
6202111152300220004989502:
6202111152300250005252073:
6202111152300260004596345:
6202111152300360006033720:
6202111152300390004596345:
6202111152300410005005063:
6202111152300430004159573:
6202111152300450004967806:
6202111152300460004167851:
6202111152300480000431430:
6202111152300490004966449:
6202111152300510008516772:
6202111152300530008499805:
6202111152300550007419049:
6202111152300570005263919:
6202111152300590004602281:
6202111152301010004972764:
6202111152301030004947366:
6202111152301060005264543:
6202111152301090006015460:
6202111152301100008507829:
6202111152301120009348542:
6202111152301130004165753:
6202111152301190008699992:
6202111152301230004957118:
6202111152301280008504091:
6202111152301410004596344:
6202111152302130004929202:
6202111152302260004923617:
6202111152302280004989794:
6202111152302420004165756:
6202111152303110004162430:
6202111152303420009290264:
6202111152303450004930608:
6202111152303470004968208:
6202111152304110004952773:
6202111152306500004599826:
6202111152307020004928616:
6202111152307210004605844:
6202111152335580009241075:
6202111152359240009339144:
6202111152359280004951537:
6202111152359340004936854:
8202111150002270004968173:
8202111150002290004947698:
8202111150002320005012521:
8202111150007490004967900:
8202111150740500004965170:
8202111150744120007396382:
8202111150748020004990686:
8202111150748040008504234:
8202111150749020008708048:
8202111150749170009295891:
8202111150749200006028957:
8202111150749220006027612:
8202111150749280008500626:
8202111150749360008511681:
8202111150749540005264545:
8202111150750550005001262:
8202111150750590004932608:
8202111150751000009305260:
8202111150751030004949437:
8202111150751100005001511:
8202111150751150001087543:
8202111150752030008445656:
8202111150752060001087543:
8202111150752080006021988:
8202111150752100004974727:
8202111150752120009236868:
8202111150752140004605843:
8202111150752170004981013:
8202111150752370009311280:
8202111150752400009273291:
8202111150752430006015165:
8202111150753070004953437:
8202111150753110004167845:
8202111150753150008496149:
8202111150753250006036504:
8202111150753270006028960:
8202111150753290004962411:
8202111150753330004929419:
8202111150753420004972421:
8202111150753460005254421:
8202111150753480009234249:
8202111150753510003126360:
8202111150753540008716113:
8202111150753590005255714:
8202111150754040000424167:
8202111150754250004991542:
8202111150754440007407499:
8202111150754500005258488:
8202111150755110005252028:
8202111150755240004927575:
8202111150755260005008693:
8202111150755270008513325:
8202111150755290009322602:
8202111150755310009296645:
8202111150755330005250565:
8202111150755350009252994:
8202111150755390009338161:
8202111150755470009339792:
8202111150756070007421253:
8202111150756100005258478:
8202111150756250009346340:
8202111150756300006028799:
8202111150756340009295454:
8202111150756360004968761:
8202111150756380004989259:
8202111150756490005252017:
8202111150757090008690224:
8202111150757180004957311:
8202111150757200009250787:
8202111150757310004996716:
8202111150757340005004322:
8202111150757490004929270:
8202111150757540004931038:
8202111150758020005252024:
8202111150758210008710875:
8202111150758260004941228:
8202111150758280004967114:
8202111150758410004948548:
8202111150758590008512783:
8202111150759020004162160:
8202111150759040008499706:
8202111150759160009226433:
8202111150759250006022158:
8202111150800390005248602:
8202111150800580004926919:
8202111150801480004936293:
8202111150801550004936688:
8202111150802200004963073:
8202111150805170007411174:
8202111150912300008500083:
8202111151702520009354827:
8202111151703020009342978:
8202111151703480006027612:
8202111151704560009246202:
8202111151715370008703693:
8202111151801470004931038:
8202111151805020004991542:
8202111151806380009253739:
8202111151811500008509836:
8202111151900000000431385:
8202111151900020005254710:
8202111151900030004981013:
8202111151900050005007370:
8202111151900060005258486:
8202111151900150009325535:
8202111151900250008511222:
8202111151900280009346055:
8202111151900300009275492:
8202111151900370009342143:
8202111151900390005001511:
8202111151900410006022158:
8202111151900480004926919:
8202111151900550006021988:
8202111151900570004948548:
8202111151901280005250565:
8202111151901310008492549:
8202111151901470006028957:
8202111151902440009327615:
8202111151902480008715839:
8202111151904520008502693:
8202111151906080001099428:
8202111151910370004946812:
8202111151959040005252017:
8202111152000010009234249:
8202111152000090004936688:
8202111152000340004958669:
8202111152000410009253995:
8202111152000430006036994:
8202111152001070008512783:
8202111152001170004957311:
8202111152001370009327620:
8202111152001460006020192:
8202111152002130004952471:
8202111152002230009339818:
8202111152002270004927575:
8202111152003190005252024:
8202111152003240004974233:
8202111152003300009296645:
8202111152003580009250787:
8202111152004180005005802:
8202111152004210004927939:
8202111152004240004162434:
8202111152004260009272187:
8202111152007070008696388:
8202111152009340005004848:
8202111152012000004972421:
8202111152101180007407499:
8202111152101330005006315:
8202111152158160004982114:
8202111152158470007395601:
8202111152158490009324572:
8202111152159190004952531:
8202111152159210005255714:
8202111152159240004989259:
8202111152159260004605843:
8202111152159280008499706:
8202111152159300004967114:
8202111152159370007402196:
8202111152200000009292038:
8202111152200020008495556:
8202111152200050008499867:
8202111152200070004996716:
8202111152200090004929270:
8202111152200110001087543:
8202111152200130008690224:
8202111152200140008495426:
8202111152200160005264545:
8202111152200180004990686:
8202111152200190007396382:
8202111152200210009336959:
8202111152200230009286387:
8202111152200250009273291:
8202111152200270004990375:
8202111152200280004968761:
8202111152200300008504234:
8202111152200320008511681:
8202111152200370008708992:
8202111152200410009226821:
8202111152200430004988966:
8202111152200470004962411:
8202111152200520006015165:
8202111152200530009324605:
8202111152200550008496149:
8202111152200570008501835:
8202111152200590005254534:
8202111152201010003137754:
8202111152201020009226797:
8202111152201040009280051:
8202111152201060008680442:
8202111152201120007421253:
8202111152201200009305260:
8202111152201230004957855:
8202111152201240009290271:
8202111152201260009295454:
8202111152201290003126360:
8202111152201310004929713:
8202111152201330006039974:
8202111152201340006028960:
8202111152201360006036504:
8202111152201380004972892:
8202111152201470008500083:
8202111152201490008679170:
8202111152202070004167843:
8202111152202200004953650:
8202111152202430008707911:
8202111152203400009341742:
8202111152203450005272291:
8202111152204430005258470:
8202111152205170004969304:
8202111152205500008503089:
8202111152206410005254424:
8202111152207310008708048:
8202111152209180009343593:
8202111152230440004975255:
8202111152259020006028799:
8202111152300010008689944:
8202111152300020004936058:
8202111152300040008711197:
8202111152300070008710875:
8202111152300090004923699:
8202111152300130009283323:
8202111152300180004929641:
8202111152300200008500493:
8202111152300220004948289:
8202111152300530008500626:
8202111152302450004981546:
8202111152302500004974727:
8202111152302570004167845:
8202111152302590005254706:
8202111152303330009226817:
8202111152303570005258478:
