2202111250724360009254926:
2202111250731070004966050:
2202111250731100007398914:
2202111250733340004972793:
2202111250737101513646659:
2202111250737200009283296:
2202111250738480009326438:
2202111250742110004963921:
2202111250743090004958165:
2202111250744270006021875:
2202111250744490004947963:
2202111250745110004161991:
2202111250745360008429638:
2202111250745400009291663:
2202111250745440006036505:
2202111250745590004605848:
2202111250746100004933649:
2202111250746130006022439:
2202111250746280004981261:
2202111250747030004599832:
2202111250747240008497657:
2202111250747290005007161:
2202111250747310004973922:
2202111250747340009307295:
2202111250747520005255715:
2202111250748020009297569:
2202111250748400004968394:
2202111250748440005269999:
2202111250748540004967900:
2202111250749110004967967:
2202111250749330005252072:
2202111250749470004953953:
2202111250749510008713215:
2202111250750010004960782:
2202111250750040004604853:
2202111250750100004159580:
2202111250750140009253739:
2202111250750300005270840:
2202111250750330009313676:
2202111250750360001079879:
2202111250750500009274874:
2202111250750550005252076:
2202111250751010009254229:
2202111250751080006022852:
2202111250751090004935186:
2202111250751120007421743:
2202111250751130004165753:
2202111250751160005255716:
2202111250751180008424093:
2202111250751220004940674:
2202111250751270009333812:
2202111250751360004951477:
2202111250751440004972764:
2202111250751470004927120:
2202111250751490009226393:
2202111250751520006030135:
2202111250751530005270182:
2202111250751550008716113:
2202111250751580005254538:
2202111250752020008503198:
2202111250752050005266871:
2202111250752090004596350:
2202111250752120004970930:
2202111250752140009284157:
2202111250752200004997665:
2202111250752280005270839:
2202111250752300008493286:
2202111250752330008681883:
2202111250752450009252984:
2202111250752480004986846:
2202111250753040005253080:
2202111250753100004160311:
2202111250753180004966761:
2202111250753200006033001:
2202111250753230008510716:
2202111250753340007421690:
2202111250753390004980727:
2202111250753410005258468:
2202111250753440004967416:
2202111250753470005268446:
2202111250753500009344566:
2202111250753510004948851:
2202111250753540006025823:
2202111250753560006022160:
2202111250753570005254710:
2202111250754000004968592:
2202111250754020009276908:
2202111250754040004923159:
2202111250754070004992022:
2202111250754100005248456:
2202111250754120004948881:
2202111250754150004989232:
2202111250754170006033000:
2202111250754190009290365:
2202111250754200009253997:
2202111250754230004167848:
2202111250754250005008846:
2202111250754270003137754:
2202111250754290004941773:
2202111250754300009226826:
2202111250754320009343592:
2202111250754340005005063:
2202111250754360004937490:
2202111250754380004165890:
2202111250754410004936557:
2202111250754420005263970:
2202111250754440004969384:
2202111250754480004951489:
2202111250754490005258216:
2202111250754520008515502:
2202111250754540005248597:
2202111250755020004167850:
2202111250755110006014349:
2202111250755160008680442:
2202111250755190009326618:
2202111250755200004972767:
2202111250755220006041715:
2202111250755240008709369:
2202111250755270008677773:
2202111250755290008506766:
2202111250755310004929423:
2202111250755330006016090:
2202111250755380008506912:
2202111250755400008492776:
2202111250755420005272372:
2202111250755430004950728:
2202111250755450008496310:
2202111250755470006030142:
2202111250755490005004855:
2202111250755510005264721:
2202111250755550008702320:
2202111250755570005265558:
2202111250755580004604850:
2202111250756010005265313:
2202111250756020005006958:
2202111250756040005254422:
2202111250756060009276489:
2202111250756070004991241:
2202111250756090008701083:
2202111250756120006039130:
2202111250756140009314286:
2202111250756170008492065:
2202111250756190004975255:
2202111250756210006751664:
2202111250756220004968544:
2202111250756240008492705:
2202111250756270000431412:
2202111250756290004165756:
2202111250756320005248880:
2202111250756330000431412:
2202111250756350008502693:
2202111250756370009321395:
2202111250756380005006528:
2202111250756410008511510:
2202111250756420008505663:
2202111250756440009281193:
2202111250756460004949598:
2202111250756470008507829:
2202111250756490007402482:
2202111250756510009297664:
2202111250756530004961532:
2202111250756540005263922:
2202111250756560009351823:
2202111250756580004933902:
2202111250757000004162433:
2202111250757010006037924:
2202111250757030004167844:
2202111250757070008706494:
2202111250757070009330833:
2202111250757100009301551:
2202111250757120004970618:
2202111250757130004954665:
2202111250757150009226412:
2202111250757160004963659:
2202111250757180004159573:
2202111250757190002851478:
2202111250757210008697836:
2202111250757230004931193:
2202111250757270008509836:
2202111250757280009300596:
2202111250757300008512059:
2202111250757310004931193:
2202111250757330005252032:
2202111250757340009340824:
2202111250757360008694944:
2202111250757370004989657:
2202111250757390004935107:
2202111250757400004989657:
2202111250757430004929491:
2202111250757440005258470:
2202111250757460007421210:
2202111250757480004948585:
2202111250757490005261061:
2202111250757510004968555:
2202111250757520004991528:
2202111250757540005254540:
2202111250757560004165757:
2202111250757570005271892:
2202111250757590006021994:
2202111250758000004975875:
2202111250758020006030145:
2202111250758030009302534:
2202111250758050008709061:
2202111250758060009253846:
2202111250758080006039497:
2202111250758100006041721:
2202111250758120004930389:
2202111250758140004967806:
2202111250758160004924346:
2202111250758180008709393:
2202111250758200004952773:
2202111250758220005270000:
2202111250758230004941508:
2202111250758260004968208:
2202111250758270009279481:
2202111250758300009354827:
2202111250758330009352010:
2202111250758350004929645:
2202111250758360004935794:
2202111250758380005258488:
2202111250758390009236810:
2202111250758410005264311:
2202111250758420009243147:
2202111250758440005252022:
2202111250758450008701527:
2202111250758470004936058:
2202111250758480004956498:
2202111250758500004966178:
2202111250758510005272292:
2202111250758530009346038:
2202111250758550004928175:
2202111250758570005005263:
2202111250758590004954090:
2202111250759000004921380:
2202111250759020009292038:
2202111250759030004996481:
2202111250759050009278808:
2202111250759060009232653:
2202111250759080009292038:
2202111250759100004996445:
2202111250759120005263919:
2202111250759130009339837:
2202111250759150007419049:
2202111250759160009253991:
2202111250759180004996445:
2202111250759190004995116:
2202111250759210005254424:
2202111250759220008493750:
2202111250759240009232629:
2202111250759260009293911:
2202111250759280007407459:
2202111250759290009275335:
2202111250759310005012741:
2202111250759330009293911:
2202111250759340007407459:
2202111250759360009339821:
2202111250759370009290271:
2202111250759390004951537:
2202111250759400006042240:
2202111250759420003132773:
2202111250759430004993146:
2202111250759450009234089:
2202111250759470005254536:
2202111250759480005006768:
2202111250759500008696388:
2202111250759520005265555:
2202111250759540005258486:
2202111250759560008697764:
2202111250759580009346035:
2202111250800000004602281:
2202111250800010009342962:
2202111250800030004927029:
2202111250800040006020195:
2202111250800060004602281:
2202111250800070005254716:
2202111250800090004929016:
2202111250800110004966490:
2202111250800130004929235:
2202111250800150008499149:
2202111250800160004929235:
2202111250800180008695905:
2202111250800190005258221:
2202111250800210004960160:
2202111250800220006039541:
2202111250800240005254534:
2202111250800250004943327:
2202111250800270005268444:
2202111250800280004935891:
2202111250800290004966591:
2202111250800310005264544:
2202111250800320006024859:
2202111250800340005264543:
2202111250800360004947445:
2202111250800380004982114:
2202111250800400009324604:
2202111250800410004930162:
2202111250800420006017488:
2202111250800440004964407:
2202111250800450008500889:
2202111250800470005254539:
2202111250800490004988966:
2202111250800520004976407:
2202111250800530009339828:
2202111250800550009254207:
2202111250800580004162429:
2202111250801000009226447:
2202111250801020009246193:
2202111250801040007402194:
2202111250801070005256125:
2202111250801090009339824:
2202111250801110004599825:
2202111250801120004939835:
2202111250801140004605851:
2202111250801150008506907:
2202111250801170006039969:
2202111250801180004968004:
2202111250801200005267443:
2202111250801220002851465:
2202111250801240008426248:
2202111250801250004968886:
2202111250801270006028451:
2202111250801280009309829:
2202111250801300004165755:
2202111250801320004167846:
2202111250801330005273787:
2202111250801340004604855:
2202111250801360005270175:
2202111250801370006021991:
2202111250801390004161990:
2202111250801410004604857:
2202111250801430008696238:
2202111250801440004970901:
2202111250801460007421269:
2202111250801490005254714:
2202111250801510006026834:
2202111250801530004599827:
2202111250801540009343567:
2202111250801560009346020:
2202111250801570005248458:
2202111250801590009279728:
2202111250802020009232651:
2202111250802030009282101:
2202111250802060005012521:
2202111250802080004969598:
2202111250802130009339144:
2202111250802160004980976:
2202111250802180005270281:
2202111250802200008494333:
2202111250802230007409900:
2202111250802250004975069:
2202111250802290004990085:
2202111250802320006027540:
2202111250802360004599829:
2202111250802410008492480:
2202111250802420005252020:
2202111250802470006019315:
2202111250802490004966802:
2202111250802510009281928:
2202111250802560006031525:
2202111250803010007422489:
2202111250803040009254002:
2202111250803250008686663:
2202111250803340008508219:
2202111250803510004921905:
2202111250803580009226392:
2202111250804070005254715:
2202111250804180008496367:
2202111250804200004967312:
2202111250804220004599831:
2202111250804240009342183:
2202111250804260008698795:
2202111250804280009286624:
2202111250804370004605852:
2202111250804400004947661:
2202111250804450005252025:
2202111250804480007402196:
2202111250804500005253569:
2202111250804550004964719:
2202111250805030004951928:
2202111250805060004947698:
2202111250805160009274443:
2202111250805200004923617:
2202111250805220009234240:
2202111250805240004938474:
2202111250805260008494964:
2202111250805300004967590:
2202111250805440008697063:
2202111250805530009226433:
2202111250805590008510378:
2202111250806100004160309:
2202111250806170005263977:
2202111250806230004958690:
2202111250806250007414082:
2202111250806270002851443:
2202111250806310005248660:
2202111250806330006029990:
2202111250806350009307388:
2202111250806520005262497:
2202111250807590007395592:
2202111250808290008494092:
2202111250809470009346063:
2202111250810020008498988:
2202111250810420004951627:
2202111250810530005248603:
2202111250810550006022855:
2202111250810570005248603:
2202111250811220008703345:
2202111250811270004985430:
2202111250811330007407502:
2202111250811500008500312:
2202111250812140005271891:
2202111250812320006009777:
2202111250813270008502364:
2202111250815490004924676:
2202111250815510005263973:
2202111250816010008506632:
2202111250817410004973825:
2202111250819500008712416:
2202111250841300006042277:
2202111250849280009310727:
2202111250906020009290471:
2202111250938030008708003:
2202111251701070004605851:
2202111251702180009300596:
2202111251702210006751664:
2202111251702320004995116:
2202111251704050008694944:
2202111251706300007398914:
2202111251709450008493286:
2202111251746310004167850:
2202111251747480005005056:
2202111251747490004997873:
2202111251749230004596343:
2202111251749280004932359:
2202111251751260005005056:
2202111251751280004997873:
2202111251753240008718216:
2202111251753280009236809:
2202111251753310009282809:
2202111251753330005271883:
2202111251753350009236809:
2202111251753370009282809:
2202111251753381513646659:
2202111251753460009351308:
2202111251753530006030142:
2202111251800350005248603:
2202111251805590009236810:
2202111251809290004985430:
2202111251858040008712416:
2202111251858120009279481:
2202111251900560004958165:
2202111251900580006026834:
2202111251901090008509836:
2202111251901130008517932:
2202111251901170004967416:
2202111251901190004968004:
2202111251901210004940674:
2202111251901480008701083:
2202111251901500004967585:
2202111251902590004960782:
2202111251903100004950937:
2202111251906120008512216:
2202111251906130004965967:
2202111251906150004957738:
2202111251906190004981830:
2202111251906250004994074:
2202111251906430007414082:
2202111251908000006017496:
2202111251912520004964719:
2202111251914510005271886:
2202111251915210005271889:
2202111251915520005271886:
2202111251916290005271889:
2202111251916530005271886:
2202111251907040005271889:
2202111251907070005271886:
2202111251906380004963659:
2202111251902520009339824:
2202111251958380006029990:
2202111251959030008502364:
2202111251959100004958690:
2202111252000010004991528:
2202111252000030009326618:
2202111252000040004599831:
2202111252000060004972767:
2202111252000080002851478:
2202111252000100004604855:
2202111252000120009297569:
2202111252000140005252032:
2202111252000160009302534:
2202111252000190004994575:
2202111252000350009300618:
2202111252000390004950728:
2202111252000420004999443:
2202111252000490009314286:
2202111252000550009307295:
2202111252000580009314286:
2202111252001000009307295:
2202111252001040004924346:
2202111252001060009314286:
2202111252001320004972171:
2202111252001350004965814:
2202111252001410006037287:
2202111252001530006029988:
2202111252001570009253997:
2202111252002050004968544:
2202111252002070004596346:
2202111252002220007401654:
2202111252002240005004855:
2202111252002260007402500:
2202111252002270009232378:
2202111252002310009330833:
2202111252002330005004855:
2202111252002360004604850:
2202111252002380004941773:
2202111252002440005258468:
2202111252002480006030135:
2202111252002510008492705:
2202111252002590009297664:
2202111252003040005266871:
2202111252003080004960160:
2202111252003100009283296:
2202111252003130009307388:
2202111252003170009297664:
2202111252003230009246193:
2202111252003240006021875:
2202111252003260005006101:
2202111252003590004992723:
2202111252004080004970618:
2202111252004150004932362:
2202111252004180008493366:
2202111252004200006033090:
2202111252004250004970618:
2202111252004290009346038:
2202111252004310003920040:
2202111252004340004975875:
2202111252004390004961404:
2202111252004570005269999:
2202111252005270009276908:
2202111252005360004604853:
2202111252006170004930389:
2202111252008210004972793:
2202111252009170009253846:
2202111252010470004937490:
2202111252010500008500113:
2202111252014290004989073:
2202111252016330009305457:
2202111252017160009286624:
2202111252017190005272372:
2202111252017210005265313:
2202111252001590007422489:
2202111252001580009252984:
2202111252004250009226392:
2202111252008400004966802:
2202111252101010004933960:
2202111252102310009275335:
2202111252107570007402482:
2202111252200020004921380:
2202111252200040005255716:
2202111252200060008681883:
2202111252200090004997665:
2202111252200110004165757:
2202111252200140004929491:
2202111252200160004165757:
2202111252200190008701527:
2202111252200230004921380:
2202111252200240008701527:
2202111252200260004929491:
2202111252200290006033001:
2202111252200310004997665:
2202111252200340006033001:
2202111252200360008709369:
2202111252200380005263922:
2202111252200390008709369:
2202111252200410008709061:
2202111252200430009301551:
2202111252200450005263922:
2202111252200460000431412:
2202111252200480009301551:
2202111252200490000431412:
2202111252200510008709061:
2202111252200530004938474:
2202111252200550005270840:
2202111252200570004967967:
2202111252200580008429638:
2202111252201000004967967:
2202111252201020005270840:
2202111252201080005270839:
2202111252201100005255715:
2202111252201120004605848:
2202111252201140005254538:
2202111252201170005252072:
2202111252201200009281193:
2202111252201210005254538:
2202111252201240004972764:
2202111252201490009226393:
2202111252201500009282101:
2202111252201540004981261:
2202111252201560009226393:
2202111252202000004981261:
2202111252202110001079879:
2202111252202150007402482:
2202111252202280006039541:
2202111252203070009293911:
2202111252204040009339828:
2202111252204070009293911:
2202111252204090009339828:
2202111252204110004968394:
2202111252205200005270074:
2202111252208110008497657:
2202111252208160004929423:
2202111252209400006032999:
2202111252209410005252029:
2202111252310500009309829:
2202111252314170004947698:
3202111250002060009233697:
3202111250002110004973825:
3202111250002140008677903:
3202111250002160003126147:
3202111250002190008708048:
3202111250002210009339225:
3202111250002220009344566:
3202111250002240005258486:
3202111250002300006025823:
3202111250002320005262497:
3202111250003170005001068:
3202111250003190006020195:
3202111250003230008708003:
3202111250003300008492410:
3202111250003320004966178:
3202111250003340004972456:
3202111250003360005272252:
3202111250003390009275492:
3202111250003410003137754:
3202111250003480004998074:
3202111250003590004967900:
3202111250004010004968173:
3202111250004180006016090:
3202111250005230005263923:
3202111250733560008501288:
3202111250735060004974136:
3202111250736150004968173:
3202111250741010001099428:
3202111250741080008692290:
3202111250741140005255713:
3202111250741210004936149:
3202111250742250005250571:
3202111250742290004929937:
3202111250744220009234458:
3202111250744250006028957:
3202111250744300008513325:
3202111250745350004966279:
3202111250745480008692117:
3202111250745540004604851:
3202111250746230009323446:
3202111250746350004949140:
3202111250747020008708048:
3202111250747040005004742:
3202111250747270005252029:
3202111250747290009351758:
3202111250747480004942040:
3202111250747570004959868:
3202111250748000004975787:
3202111250748060008503303:
3202111250748470004973922:
3202111250748510005263714:
3202111250749020009348776:
3202111250749030009325535:
3202111250749210004596344:
3202111250749350009306586:
3202111250749370008499165:
3202111250750040005258215:
3202111250750230004957118:
3202111250750270008715839:
3202111250750310004926955:
3202111250750340009301802:
3202111250750390005011155:
3202111250750470008497634:
3202111250751080005272252:
3202111250751090009343149:
3202111250751110005250567:
3202111250751160008687514:
3202111250751260005254707:
3202111250751310004962972:
3202111250751330005255676:
3202111250751350005254707:
3202111250751380004981546:
3202111250751400005250572:
3202111250751420006039016:
3202111250751450009295891:
3202111250751490004998074:
3202111250751560004972456:
3202111250751590005263972:
3202111250752010005252076:
3202111250752050008684967:
3202111250752080005008358:
3202111250752130008711197:
3202111250752160004933136:
3202111250752190005007370:
3202111250752220004988205:
3202111250752290004165753:
3202111250752350005252069:
3202111250752370004935446:
3202111250752410004986942:
3202111250752500004952471:
3202111250753240008698121:
3202111250753290005263967:
3202111250753330009321321:
3202111250753410005264920:
3202111250754000009283323:
3202111250754040005001262:
3202111250754070004932608:
3202111250754090008492410:
3202111250754130009326626:
3202111250754170008499556:
3202111250754200004927539:
3202111250754220005264728:
3202111250754250008680900:
3202111250754300004599828:
3202111250754460005258218:
3202111250754500005252675:
3202111250754530008680280:
3202111250754570005255674:
3202111250755010003137991:
3202111250755030004929202:
3202111250755070006018008:
3202111250755100004970930:
3202111250755120004604856:
3202111250755150005262094:
3202111250755220004969304:
3202111250755240008689944:
3202111250755260009354581:
3202111250755280004942841:
3202111250755290006030480:
3202111250755320005265556:
3202111250755360005255416:
3202111250755380009342978:
3202111250755400009336959:
3202111250755430009300590:
3202111250755450009324879:
3202111250755470005252027:
3202111250755490005250568:
3202111250755510008690203:
3202111250755540005258217:
3202111250755560009326658:
3202111250755580005252018:
3202111250756010008717268:
3202111250756030005006315:
3202111250756050008514966:
3202111250756090005266872:
3202111250756120005248596:
3202111250756140008677829:
3202111250756170005249720:
3202111250756220008515502:
3202111250756240008717268:
3202111250756260005248597:
3202111250756290008691341:
3202111250756310008518736:
3202111250756330008703693:
3202111250756350008502984:
3202111250756380009252970:
3202111250756400005250566:
3202111250756440009343384:
3202111250756460004936854:
3202111250756480008498188:
3202111250756580005248876:
3202111250757000009226952:
3202111250757030004161989:
3202111250757060004974233:
3202111250757080009324637:
3202111250757110004928581:
3202111250757130009339802:
3202111250757150009234248:
3202111250757170005252021:
3202111250757220005254423:
3202111250757250004949833:
3202111250757270004986730:
3202111250757300006039974:
3202111250757320005272314:
3202111250757350005249704:
3202111250757370008517323:
3202111250757410004162162:
3202111250757460004999443:
3202111250757570004165756:
3202111250758030005254706:
3202111250758060009272418:
3202111250758100009233695:
3202111250758110005251014:
3202111250758190009327615:
3202111250758200008686117:
3202111250758230009280051:
3202111250758250006015460:
3202111250758270008498021:
3202111250758290004993672:
3202111250758300008504091:
3202111250758330005268449:
3202111250758350005265851:
3202111250758370005254419:
3202111250758400004949239:
3202111250758450008688253:
3202111250758560004931925:
3202111250758580008698315:
3202111250758590008495468:
3202111250759010008699992:
3202111250759030009308083:
3202111250759050009339930:
3202111250759070009354349:
3202111250759100005270075:
3202111250759120008499471:
3202111250759130009331842:
3202111250759150003137967:
3202111250759170009300618:
3202111250759200004989794:
3202111250759320004987910:
3202111250759350003126147:
3202111250759390009286996:
3202111250759520004948289:
3202111250800370005271892:
3202111250801480004968472:
3202111250802040008697764:
3202111250802140004975477:
3202111250802180009290264:
3202111250803470004998055:
3202111250804070005262501:
3202111250842590008503489:
3202111250846250009298073:
3202111250846530005270074:
3202111251658200008514966:
3202111251700000006023662:
3202111251705460005270075:
3202111251714460004966279:
3202111251754510008503489:
3202111251759530005005263:
3202111251804480008708003:
3202111251900400009306586:
3202111251901010005265851:
3202111251901340004974727:
3202111251901480005004322:
3202111251901540004953650:
3202111251901560005268443:
3202111251902030005248597:
3202111251902110006024859:
3202111251902130005265556:
3202111251902150009327615:
3202111251902170004952471:
3202111251902190004965170:
3202111251902210006022158:
3202111251902230008507829:
3202111251902240004967606:
3202111251902280009342997:
3202111251902350005010999:
3202111251902440004941508:
3202111251903110005265081:
3202111251903530005263967:
3202111251903590004987910:
3202111251904040004945980:
3202111251904160006022158:
3202111251904200004993672:
3202111251904250008503303:
3202111251904300009286387:
3202111251905130006015460:
3202111251905200008495468:
3202111251905250004927539:
3202111251905280004599828:
3202111251905300004965754:
3202111251905360004974233:
3202111251905380005249704:
3202111251905420003137991:
3202111251905430004162162:
3202111251905450009283931:
3202111251905470004162162:
3202111251905500004989794:
3202111251906070009252970:
3202111251906170005252069:
3202111251906480005263716:
3202111251907120004968208:
3202111251907260005258217:
3202111251907280005252022:
3202111251907310004929202:
3202111251907420009281928:
3202111251908010005250568:
3202111251908360004962972:
3202111251909370004947661:
3202111251912170009290264:
3202111251913040004966591:
3202111251913250005258215:
3202111251913350004993934:
3202111251913390004969598:
3202111251914280009280051:
3202111251915270008689944:
3202111251915340005265558:
3202111251915470005262094:
3202111251915510008710875:
3202111251916010009233695:
3202111251916230009348776:
3202111251916260009326626:
3202111251916300005254542:
3202111251916310000424146:
3202111251916350004959868:
3202111251916360008693920:
3202111251917120008501288:
3202111251917350009343384:
3202111251918540008693892:
3202111251909060008709488:
3202111251910160005271886:
3202111251910270005271889:
3202111251916120008494092:
3202111251917000008698121:
3202111251958060004949437:
3202111251958410008687514:
3202111251959080004935446:
3202111251959110004986942:
3202111251959120009323446:
3202111251959140005254419:
3202111251959150008699992:
3202111251959170005269401:
3202111251959190009331842:
3202111251959240004990107:
3202111251959260009300618:
3202111251959280004975477:
3202111251959410004937930:
3202111251959450005004742:
3202111251959470004937930:
3202111251959490004045200:
3202111251959520004986730:
3202111251959540005271887:
3202111251959570005248660:
3202111251959590004966362:
3202111252000000009343149:
3202111252000070004928640:
3202111252000090009324637:
3202111252000110005255676:
3202111252000130008714113:
3202111252000150008710216:
3202111252000170007418333:
3202111252000180006028451:
3202111252000200009325535:
3202111252000220008711249:
3202111252000250008717268:
3202111252000270004974136:
3202111252000310005249720:
3202111252000360008692290:
3202111252000380008717268:
3202111252000400004162430:
3202111252000430003137967:
3202111252000470004162430:
3202111252000540006041721:
3202111252000590008498188:
3202111252001030008688253:
3202111252001060005011155:
3202111252001080004940881:
3202111252001110009339802:
3202111252001120005268449:
3202111252001150004604851:
3202111252001180004929235:
3202111252001210008698795:
3202111252001250008506632:
3202111252001340008677829:
3202111252001400004942040:
3202111252001420008492065:
3202111252002270009326658:
3202111252002280004930162:
3202111252002300004933136:
3202111252002340006021991:
3202111252002420004973922:
3202111252002440009234240:
3202111252003050008504091:
3202111252003260005250567:
3202111252003310008492549:
3202111252003350005265084:
3202111252003380008494201:
3202111252003590008696388:
3202111252004110009230815:
3202111252004310006036994:
3202111252005340008697764:
3202111252007300004980976:
3202111252007550005008846:
3202111252010250005264728:
3202111252014040004935107:
3202111252016160005271891:
3202111252006230005251014:
3202111252106590004929645:
3202111252106110004936149:
3202111252106380004929937:
3202111252159010003132773:
3202111252159050005001262:
3202111252159420009272418:
3202111252159430005263972:
3202111252159480009336959:
3202111252159500008692117:
3202111252159520008684967:
3202111252159530009234458:
3202111252159550009346367:
3202111252159570004161986:
3202111252159580009354581:
3202111252200000005271892:
3202111252200010009352010:
3202111252200030008502984:
3202111252200050004969304:
3202111252200070005252021:
3202111252200080009324879:
3202111252200100008691341:
3202111252200130008499165:
3202111252200160008680280:
3202111252200190005272314:
3202111252200230009348748:
3202111252200250009354349:
3202111252200270008518736:
3202111252200290006018008:
3202111252200310008500889:
3202111252200330005248458:
3202111252200340004931925:
3202111252200360005248876:
3202111252200380004596344:
3202111252200410005263924:
3202111252200430005271893:
3202111252200460005254707:
3202111252200480005258221:
3202111252200500004165756:
3202111252200530004161989:
3202111252200570007395592:
3202111252200580009339930:
3202111252201000008690203:
3202111252201020008517323:
3202111252201030009308083:
3202111252201050004965502:
3202111252201070005255674:
3202111252201090009286996:
3202111252201110008711197:
3202111252201120002854367:
3202111252201140008680900:
3202111252201160009287195:
3202111252201170009351758:
3202111252201220006031524:
3202111252201260004998055:
3202111252201310009322602:
3202111252201370006039541:
3202111252201430005255713:
3202111252201460006039016:
3202111252201480004975787:
3202111252201510009284157:
3202111252201530009343593:
3202111252201550005252018:
3202111252202000004949140:
3202111252202040008502189:
3202111252202090004923617:
3202111252202200005272252:
3202111252202220005011308:
3202111252202250008498021:
3202111252202350009354391:
3202111252202370008498021:
3202111252202400009354391:
3202111252203060009339144:
3202111252203170004165753:
3202111252203190009339144:
3202111252203210004602277:
3202111252203230005011308:
3202111252204020005270175:
3202111252204060005263977:
3202111252204140005270074:
3202111252204340005248460:
3202111252204490006030480:
3202111252204520009348542:
3202111252204590004990953:
3202111252205240008513325:
3202111252205320004973825:
3202111252207050006032999:
3202111252207070005252029:
3202111252214170004989820:
3202111252216150009354582:
3202111252217150004926955:
3202111252209130008498988:
3202111252256490008677773:
3202111252303190008677903:
3202111252303230004966178:
3202111252305280005252028:
3202111252306190005250571:
3202111252306230005001068:
3202111252307070005263923:
3202111252307180006020195:
3202111252307320008492410:
3202111252307350008497634:
3202111252307370004998074:
3202111252307520005250566:
3202111252307560005264920:
3202111252308020005252675:
3202111252308080004604856:
3202111252308100009274443:
3202111252308120004970901:
3202111252308150005263714:
3202111252308180009274443:
3202111252308390008679943:
3202111252308420009321321:
3202111252308440005254715:
3202111252308570003137754:
3202111252308590008698315:
3202111252309010006033000:
3202111252309050008499556:
3202111252309130004935794:
3202111252309160004988378:
3202111252309190009309829:
3202111252309210005254423:
3202111252309240009226952:
3202111252309260008506597:
3202111252309470005248596:
3202111252310000008715839:
3202111252310030009275492:
3202111252310070004972456:
3202111252310260006039497:
3202111252310290008506766:
3202111252310420009254002:
3202111252311120005263920:
3202111252311190008708048:
3202111252311220009344566:
3202111252311240006039129:
3202111252311290009233697:
3202111252311300003126147:
3202111252311340005262497:
3202111252311350006025823:
3202111252311370009339225:
3202111252311390009247696:
3202111252311410005258486:
3202111252312010008686117:
3202111252312040006016090:
3202111252312200008494964:
3202111252313460004949239:
3202111252317160004968472:
3202111252317270004968555:
4202111250742170009285513:
4202111250742210009234486:
4202111250745290005264545:
4202111250746230007398203:
4202111250746410009339818:
4202111250747140005254930:
4202111250747160007396382:
4202111250747350004965482:
4202111250748110004159570:
4202111250748490004928616:
4202111250749150004162160:
4202111250749530006015165:
4202111250749550005001511:
4202111250750230009226821:
4202111250750280008508441:
4202111250750310009226391:
4202111250750400004967900:
4202111250750420004948548:
4202111250750450008677903:
4202111250750550007407499:
4202111250751260004159580:
4202111250752100009250787:
4202111250752240008495426:
4202111250752270004981013:
4202111250752470005268443:
4202111250752490005008693:
4202111250753010004935638:
4202111250753070006022158:
4202111250753090009333812:
4202111250753110005251015:
4202111250753130004989259:
4202111250753150009339225:
4202111250753160004936293:
4202111250753180008504234:
4202111250753200004991542:
4202111250753210004958669:
4202111250753320009324572:
4202111250753360004605843:
4202111250753420009234249:
4202111250753570004990686:
4202111250753590009253995:
4202111250754180009324118:
4202111250754200008679170:
4202111250754210004927575:
4202111250754230008695597:
4202111250754250008493340:
4202111250754260006020192:
4202111250754280005255714:
4202111250754290004974727:
4202111250754310004965170:
4202111250754330008690224:
4202111250754350004929419:
4202111250754360005264521:
4202111250754380009324629:
4202111250754400009338161:
4202111250754420005252017:
4202111250754440001087543:
4202111250754470009305260:
4202111250754560009236868:
4202111250754580008496149:
4202111250755000005004322:
4202111250755020006036994:
4202111250755050009342997:
4202111250755070005005802:
4202111250755090004962411:
4202111250755110009252994:
4202111250755130009341511:
4202111250755250005248459:
4202111250755270004952531:
4202111250755310000424167:
4202111250755330005250565:
4202111250755340004926919:
4202111250755360004949437:
4202111250755400004946812:
4202111250755410008494427:
4202111250755430006035802:
4202111250755450004167849:
4202111250755470005254710:
4202111250755490005258478:
4202111250755520003137754:
4202111250755580009346340:
4202111250756060004162428:
4202111250756120004953437:
4202111250756190009226817:
4202111250756240006027612:
4202111250756390005267444:
4202111250756430009311280:
4202111250756450004967114:
4202111250756550009230812:
4202111250756570008699709:
4202111250757000009326600:
4202111250757020004167843:
4202111250757030009234457:
4202111250757110004941228:
4202111250757150008512783:
4202111250757170004965343:
4202111250757190007402498:
4202111250757260009295454:
4202111250757270004972892:
4202111250757290005252024:
4202111250757310009341742:
4202111250757320009339817:
4202111250757350004957311:
4202111250757370009342143:
4202111250757380004996716:
4202111250757410009324605:
4202111250757460004169060:
4202111250757480009247696:
4202111250757500005252028:
4202111250757520004968761:
4202111250757560007401131:
4202111250758080008710875:
4202111250758100008511222:
4202111250758120006041875:
4202111250758160000431385:
4202111250758210008501835:
4202111250758230004179142:
4202111250758250004929713:
4202111250758360005254421:
4202111250758450006039129:
4202111250758480009287195:
4202111250758490009226797:
4202111250758510004161988:
4202111250758540003916932:
4202111250758580009246202:
4202111250759000006021988:
4202111250759110004953650:
4202111250759160004993409:
4202111250759170005248602:
4202111250759230009272187:
4202111250759240008708992:
4202111250759260009346055:
4202111250759290004989657:
4202111250759340008499706:
4202111250759420005263971:
4202111250759490004957855:
4202111250759560004929641:
4202111250759580006028799:
4202111250800030005258213:
4202111250800040004162434:
4202111250800090005264311:
4202111250800110005258488:
4202111250800220004964566:
4202111250800330005264309:
4202111250801000008495556:
4202111250801250005250927:
4202111250801280008503089:
4202111250802320008445656:
4202111250802560004964545:
4202111250803120004929270:
4202111250803480005270181:
4202111250803530005263715:
4202111250808520008519041:
4202111250815470006022420:
4202111250821350004933960:
4202111250903340004921785:
4202111251702040005252024:
4202111251703220009342978:
4202111251703280006027612:
4202111251715210004927939:
4202111251715230004162434:
4202111251715300009272187:
4202111251715560000424167:
4202111251753040004928581:
4202111251901230004936293:
4202111251901240009346055:
4202111251901270004926919:
4202111251901390005007370:
4202111251901450009252994:
4202111251901490005008693:
4202111251901510009341511:
4202111251901530004991542:
4202111251901560005270181:
4202111251901580000431385:
4202111251901590004936688:
4202111251902010009324118:
4202111251902020009234249:
4202111251902050004164864:
4202111251902070006020192:
4202111251902090004927575:
4202111251902130009250787:
4202111251902160005258478:
4202111251902170009246202:
4202111251902180006041875:
4202111251902220009296645:
4202111251902250008512783:
4202111251902270009346340:
4202111251902300004953437:
4202111251903110005252017:
4202111251903130005248602:
4202111251903220005012741:
4202111251903260005001511:
4202111251905530004993409:
4202111251905580005261060:
4202111251906160004963073:
4202111251906420005259621:
4202111251906520004929419:
4202111251908010004957118:
4202111251911590005258213:
4202111251912020005254421:
4202111251913280005258488:
4202111251913300004957311:
4202111251909300008716113:
4202111251903410009226817:
4202111251905010005254706:
4202111251906180004179142:
4202111252000000004990085:
4202111252000020004936058:
4202111252000030005264311:
4202111252000050008695597:
4202111252000060004989259:
4202111252000090005263971:
4202111252000100005255714:
4202111252000170004981546:
4202111252000430005254710:
4202111252000440009273291:
4202111252000460008690224:
4202111252000480004981013:
4202111252000490004167849:
4202111252000510004159570:
4202111252000520004948548:
4202111252000540002851443:
4202111252000570008679170:
4202111252000590004968761:
4202111252001040004989657:
4202111252001140008499706:
4202111252001200004605843:
4202111252001330004954665:
4202111252001360009230812:
4202111252001420004965482:
4202111252001440001087543:
4202111252001460005270174:
4202111252001490004929270:
4202111252001500004169060:
4202111252001530004990686:
4202111252001551513631101:
4202111252001560008506912:
4202111252001580009290271:
4202111252002000004964566:
4202111252002020004996716:
4202111252002040009341742:
4202111252002060005253569:
4202111252002070006015165:
4202111252002090009295454:
4202111252002110005248457:
4202111252002130004965343:
4202111252002150008699709:
4202111252002170004931038:
4202111252002190004929713:
4202111252002200004953788:
4202111252002230009226821:
4202111252002280004941228:
4202111252002290007407499:
4202111252002310009226821:
4202111252002330007407499:
4202111252002340008495556:
4202111252002360008445656:
4202111252002380004957855:
4202111252002400005250927:
4202111252002430005254930:
4202111252002480009305260:
4202111252003110003916932:
4202111252003180005251015:
4202111252003260009346035:
4202111252003580009226433:
4202111252004070009232651:
4202111252004080009292038:
4202111252005040005258218:
4202111252008130004926757:
4202111252011000004939835:
4202111252005330008519041:
4202111252003180004991241:
4202111252058280006036876:
4202111252102150005006315:
4202111252112170007401131:
4202111252150190005248456:
4202111252159000008702698:
4202111252159020009346020:
4202111252159040004159580:
4202111252159130009333812:
4202111252159150009254212:
4202111252159300008511222:
4202111252159320004964407:
4202111252159330009236868:
4202111252159430009234457:
4202111252159450005264309:
4202111252159480009354001:
4202111252159530009283323:
4202111252159550006028799:
4202111252200000009326600:
4202111252200020009283323:
4202111252200040009324629:
4202111252200070009338161:
4202111252200190004968173:
4202111252200280005248459:
4202111252200320008496367:
4202111252200370004967114:
4202111252200460009322590:
4202111252200480008493340:
4202111252200580004948289:
4202111252201030005251016:
4202111252201050007396382:
4202111252201070008496149:
4202111252201090005264545:
4202111252201120005264521:
4202111252201310004929641:
4202111252201350006035802:
4202111252201360008500493:
4202111252201380004604852:
4202111252201390009226797:
4202111252201410004988966:
4202111252201420004952531:
4202111252201440004605849:
4202111252201460008494427:
4202111252201480004162160:
4202111252201530009351768:
4202111252202000004596350:
4202111252202180004951928:
4202111252202230005252025:
4202111252202460009287614:
4202111252202550004161988:
4202111252311150004967900:
4202111252311260007398203:
4202111252312110007402498:
4202111252313220004947698:
5202111250002420005252028:
5202111250003060005258486:
5202111250004180005272252:
5202111250004210004998074:
5202111250004440006016090:
5202111250732510004975531:
5202111250732540004998138:
5202111250737420004974855:
5202111250737490007404782:
5202111250741310009305457:
5202111250741370004989528:
5202111250742230008698279:
5202111250743350005254929:
5202111250745120004950845:
5202111250745170008494564:
5202111250745210004995938:
5202111250745230005255711:
5202111250745310009236809:
5202111250745590006032924:
5202111250746060004924019:
5202111250746090004966418:
5202111250746120004957738:
5202111250746160004605842:
5202111250746550004998544:
5202111250747010004942040:
5202111250747060004959001:
5202111250747120005012946:
5202111250747340005266100:
5202111250747510009347607:
5202111250747590008517932:
5202111250748080004990397:
5202111250748180009346707:
5202111250748330009296798:
5202111250748440004936419:
5202111250748490004946775:
5202111250749100004990979:
5202111250749120008499208:
5202111250749160004961022:
5202111250749190004937390:
5202111250749250009352009:
5202111250749290004967900:
5202111250749320008503915:
5202111250749360004989073:
5202111250749390008503915:
5202111250749420007401654:
5202111250749440009322602:
5202111250749530008516236:
5202111250749570005272371:
5202111250749590004994074:
5202111250750270005270003:
5202111250750360006039493:
5202111250750380009279709:
5202111250750400004960782:
5202111250750580009339273:
5202111250751020004950937:
5202111250751040008512216:
5202111250751070004924182:
5202111250751220004998074:
5202111250751250009351308:
5202111250751341513631101:
5202111250751400009340820:
5202111250751430009254229:
5202111250751460007402500:
5202111250751490006022852:
5202111250751530005268445:
5202111250751580008699606:
5202111250752000004940674:
5202111250752020009234480:
5202111250752050009346362:
5202111250752070006025812:
5202111250752180004931038:
5202111250752220004961404:
5202111250752240004969726:
5202111250752270007402523:
5202111250752290004605846:
5202111250752370005259619:
5202111250752400004966903:
5202111250752410009282809:
5202111250752460009346033:
5202111250752500004967585:
5202111250752560009346170:
5202111250752580004157441:
5202111250753010009233710:
5202111250753030009276680:
5202111250753060004966690:
5202111250753080004997809:
5202111250753100008493286:
5202111250753130005254708:
5202111250753140005254709:
5202111250753180004922875:
5202111250753200008503171:
5202111250753220004997809:
5202111250753230009252984:
5202111250753310005270002:
5202111250753330008692450:
5202111250753410004946517:
5202111250753440004972171:
5202111250753480004938202:
5202111250753510004968298:
5202111250753530005256328:
5202111250753550004966761:
5202111250753580009230781:
5202111250754000008510716:
5202111250754020004987744:
5202111250754030004997873:
5202111250754060004932359:
5202111250754090004965967:
5202111250754130004922969:
5202111250754150004966986:
5202111250754180003920040:
5202111250754200004980727:
5202111250754220005258468:
5202111250754230004967416:
5202111250754250006018008:
5202111250754270009230754:
5202111250754290004990401:
5202111250754310001108277:
5202111250754320006037287:
5202111250754411513645885:
5202111250754430004602278:
5202111250754490008676811:
5202111250754510004159572:
5202111250755020005255675:
5202111250755040007407739:
5202111250755070004941773:
5202111250755130004158139:
5202111250755150008690529:
5202111250755170004976589:
5202111250755180004930576:
5202111250755200004165890:
5202111250755230004951489:
5202111250755250005267056:
5202111250755270004953135:
5202111250755310004928389:
5202111250755390009321334:
5202111250755410004981830:
5202111250755430008718216:
5202111250755450006030130:
5202111250755470005251013:
5202111250755500004932362:
5202111250755530008492549:
5202111250755550004927329:
5202111250755570008509901:
5202111250755590009335539:
5202111250756000004162161:
5202111250756020009225494:
5202111250756030004167847:
5202111250756050004962761:
5202111250756070004975166:
5202111250756080008500113:
5202111250756100004923454:
5202111250756120004937089:
5202111250756140007412611:
5202111250756160008717926:
5202111250756180008506766:
5202111250756200009339524:
5202111250756210004995654:
5202111250756230004967073:
5202111250756240008496310:
5202111250756260007411321:
5202111250756270006030142:
5202111250756290005004855:
5202111250756300004988793:
5202111250756310004180013:
5202111250756330004167842:
5202111250756370004961787:
5202111250756390008494201:
5202111250756410005006958:
5202111250756430009324076:
5202111250756440004961221:
5202111250756460004993674:
5202111250756480008510090:
5202111250756490004992723:
5202111250756510001079288:
5202111250756530006016276:
5202111250756550004921536:
5202111250756560004958069:
5202111250756580009339219:
5202111250757000009254908:
5202111250757020004994314:
5202111250757030008493366:
5202111250757050006030118:
5202111250757060006025807:
5202111250757080006041875:
5202111250757100008494613:
5202111250757120005251016:
5202111250757130004923016:
5202111250757160004972420:
5202111250757180009321395:
5202111250757220006018006:
5202111250757240004167851:
5202111250757250005253082:
5202111250757270009272418:
5202111250757290004961532:
5202111250757300006033090:
5202111250757320004949598:
5202111250757330004957545:
5202111250757350006029988:
5202111250757360008515021:
5202111250757380005263969:
5202111250757390004991584:
5202111250757400002854367:
5202111250757430009351823:
5202111250757450004934727:
5202111250757470009225481:
5202111250757480004958379:
5202111250757500009232378:
5202111250757520009280491:
5202111250757550004940881:
5202111250757570003892332:
5202111250757590004977027:
5202111250758000006036993:
5202111250758020005005056:
5202111250758050004965814:
5202111250758070003916932:
5202111250758080005005056:
5202111250758100005272291:
5202111250758110009340824:
5202111250758130005006101:
5202111250758140008688253:
5202111250758160001083110:
5202111250758180005263012:
5202111250758200004953650:
5202111250758210004930090:
5202111250758230008431645:
5202111250758240008509836:
5202111250758260004989657:
5202111250758270004927939:
5202111250758290005270172:
5202111250758310004162431:
5202111250758320009226440:
5202111250758340009342959:
5202111250758360004930608:
5202111250758370009354001:
5202111250758390004965754:
5202111250758400004952229:
5202111250758420008694659:
5202111250758450004178213:
5202111250758460004931257:
5202111250758480004989365:
5202111250758490005261578:
5202111250758510004951445:
5202111250758520008513950:
5202111250758540005261060:
5202111250758560005248878:
5202111250758570004957428:
5202111250758580005264310:
5202111250759000004968208:
5202111250759100009240533:
5202111250759120005268448:
5202111250759140004966362:
5202111250759160004997608:
5202111250759180004158333:
5202111250759200008701274:
5202111250759220004966750:
5202111250759240009339834:
5202111250759250004989670:
5202111250759270005254540:
5202111250759280008709011:
5202111250759300005248457:
5202111250759320004965502:
5202111250759330008710216:
5202111250759340005271892:
5202111250759380004951177:
5202111250759400008495556:
5202111250759420009351768:
5202111250759440005269401:
5202111250759460008695330:
5202111250759470008500493:
5202111250759490009278808:
5202111250759510004158137:
5202111250759530009326612:
5202111250759550009348543:
5202111250759560008508757:
5202111250759580008493750:
5202111250800060007407459:
5202111250800090006036876:
5202111250800110005266099:
5202111250800130004990111:
5202111250800150009232629:
5202111250800160008501482:
5202111250800170004963073:
5202111250800190006042240:
5202111250800210008497935:
5202111250800230004961333:
5202111250800250005254536:
5202111250800270005265555:
5202111250800300005009021:
5202111250800310005258486:
5202111250800330004990107:
5202111250800350004161986:
5202111250800390009282114:
5202111250800431513409863:
5202111250800450004979341:
5202111250800480004967379:
5202111250800490009348542:
5202111250800520004951537:
5202111250800540005010999:
5202111250801120004975477:
5202111250801140006023662:
5202111250801160006032999:
5202111250801180004990953:
5202111250801200004949177:
5202111250801250009290264:
5202111250801280005254539:
5202111250801310005259621:
5202111250801510004968004:
5202111250801580006039969:
5202111250802030005262048:
5202111250802070008504041:
5202111250802170008696238:
5202111250802280009339803:
5202111250802360009281814:
5202111250802380007410282:
5202111250802410005012521:
5202111250803150009294273:
5202111250803210004966802:
5202111250803240006041103:
5202111250803260009297056:
5202111250803300008502189:
5202111250803550009233697:
5202111250804130006042873:
5202111250804270009226392:
5202111250804380004596343:
5202111250804430005004848:
5202111250804460005263923:
5202111250805250004964719:
5202111250805540009310954:
5202111250806590006028797:
5202111250807000007414082:
5202111250807520009354401:
5202111250809290009298223:
5202111250810280009305197:
5202111250811540007410385:
5202111250848550006016277:
5202111251104300004933397:
5202111251701240004947445:
5202111251701270004954090:
5202111251701290008676811:
5202111251701480009342183:
5202111251701500008690529:
5202111251701510004162433:
5202111251701530004972420:
5202111251701550004946517:
5202111251701570009342183:
5202111251701590004946517:
5202111251702110004167842:
5202111251702160001087528:
5202111251702410009294273:
5202111251702450005268444:
5202111251702580009351823:
5202111251703040005264721:
5202111251703160008494333:
5202111251703290004931193:
5202111251703330008694944:
5202111251705100004968298:
5202111251709030008493286:
5202111251710360004975166:
5202111251715300004966279:
5202111251703330008497463:
5202111251703430004933649:
5202111251759500006022855:
5202111251751170005268448:
5202111251756500008505663:
5202111251801450009233710:
5202111251802390008512059:
5202111251802430007402523:
5202111251802480009254229:
5202111251802530008702320:
5202111251802550001079288:
5202111251802580006036993:
5202111251803020008510090:
5202111251803050004966050:
5202111251803360006022852:
5202111251804240009342959:
5202111251804270009324604:
5202111251806090004602278:
5202111251810010004605842:
5202111251843580006009777:
5202111251900330004967416:
5202111251900350008509836:
5202111251900370008517932:
5202111251900410004967416:
5202111251900440004988205:
5202111251900470004961787:
5202111251900480004968004:
5202111251900500004940674:
5202111251900550008697836:
5202111251901010004929408:
5202111251901100008701083:
5202111251901130009340824:
5202111251901150004992022:
5202111251901210004967585:
5202111251901310008515021:
5202111251901350004922875:
5202111251901380004160311:
5202111251901420004926646:
5202111251901440004923454:
5202111251901460004157441:
5202111251902030009346170:
5202111251902060008509901:
5202111251902070009279709:
5202111251902190004989232:
5202111251902270004960782:
5202111251902310005270172:
5202111251902340004950937:
5202111251902360004996445:
5202111251902390005248597:
5202111251902410004930090:
5202111251902420005255711:
5202111251902450009276680:
5202111251902470004162431:
5202111251902480009296798:
5202111251902500009327615:
5202111251902530008496310:
5202111251902560009321395:
5202111251902580008496310:
5202111251903000006021994:
5202111251903020004921536:
5202111251903050004949177:
5202111251903070009321395:
5202111251903090004921536:
5202111251903110004949177:
5202111251903120008692450:
5202111251903150004924019:
5202111251903180008513950:
5202111251903210008698279:
5202111251903290008516236:
5202111251903310004997608:
5202111251903320009340820:
5202111251903330004997608:
5202111251903360009352009:
5202111251903370006039493:
5202111251903390006030118:
5202111251903410004158137:
5202111251903430004987744:
5202111251903460006030130:
5202111251903470004159572:
5202111251903490004974855:
5202111251903510008694659:
5202111251904020004950845:
5202111251904030009354401:
5202111251904060005270002:
5202111251904120004989365:
5202111251904160004995654:
5202111251904170004951177:
5202111251904190005254709:
5202111251904220004162161:
5202111251904250004990397:
5202111251904330008494564:
5202111251904350004995938:
5202111251904470008503171:
5202111251904550005256328:
5202111251904580009280491:
5202111251905140004981830:
5202111251905200004957738:
5202111251905250004965967:
5202111251905270008512216:
5202111251905350004167847:
5202111251905450004994074:
5202111251905590007414082:
5202111251906110004996481:
5202111251907310008703345:
5202111251912260004964719:
5202111251914470004162428:
5202111251958000004959001:
5202111251959330004942841:
5202111252000010004975477:
5202111252000040001083110:
5202111252000090004999443:
5202111252000130004962761:
5202111252000200004988079:
5202111252000230005252076:
5202111252000240004966750:
5202111252000270009254908:
5202111252000290004962761:
5202111252000320006025807:
5202111252000410004958379:
5202111252000430005248880:
5202111252000460008686663:
5202111252000490008511510:
5202111252000530004604857:
5202111252000550005270003:
5202111252000580004972171:
5202111252001000004965814:
5202111252001030006037287:
5202111252001060005012946:
5202111252001080006041103:
5202111252001100007407739:
5202111252001120008696238:
5202111252001140008493750:
5202111252001150005264543:
5202111252001170007411321:
5202111252001190004951489:
5202111252001210008699606:
5202111252001230007402500:
5202111252001260001108277:
5202111252001281513645885:
5202111252001290008717926:
5202111252001310004936419:
5202111252001330005004855:
5202111252001350004167848:
5202111252001360008510716:
5202111252001380005262048:
5202111252001390004167848:
5202111252001420009232378:
5202111252001430004969726:
5202111252001450009339524:
5202111252001480004969384:
5202111252001490007401654:
5202111252001510005006101:
5202111252001540009346707:
5202111252001570004941773:
5202111252001590002851443:
5202111252002010005254540:
5202111252002020009286616:
5202111252002040004180013:
5202111252002060004980727:
5202111252002090009234480:
5202111252002120005258468:
5202111252002170004158139:
5202111252002260009339273:
5202111252002280004966418:
5202111252002320004924182:
5202111252002350005270174:
5202111252002380005251013:
5202111252002390004951445:
5202111252002420006032924:
5202111252002450004997809:
5202111252002480005264310:
5202111252002510005258216:
5202111252002520009321334:
5202111252002540004967073:
5202111252002560005006958:
5202111252002580004966761:
5202111252003000006025812:
5202111252003020004927329:
5202111252003060006041715:
5202111252003080009347607:
5202111252003120009290365:
5202111252003140009225481:
5202111252003150004992723:
5202111252003180004599825:
5202111252003210009226440:
5202111252003230009230781:
5202111252003260005259619:
5202111252003290009226440:
5202111252003300009346362:
5202111252003340009230754:
5202111252003360008698044:
5202111252003380004932362:
5202111252003390008493366:
5202111252003410006033090:
5202111252003430004957545:
5202111252003440004931257:
5202111252003460005253081:
5202111252003480004935186:
5202111252003490004966903:
5202111252003510009226826:
5202111252003530003920040:
5202111252003560004961404:
5202111252004090004993674:
5202111252004140009226412:
5202111252004180008499208:
5202111252004210004922969:
5202111252004220004998138:
5202111252004250004966986:
5202111252004280005272371:
5202111252004300004993146:
5202111252004320004937390:
5202111252004350004975531:
5202111252004390004946775:
5202111252004420004957428:
5202111252004540004990401:
5202111252004570007402194:
5202111252005080006039969:
5202111252005100005268445:
5202111252005110008503915:
5202111252005130006039969:
5202111252005140008503915:
5202111252005170008680442:
5202111252005300004934727:
5202111252005320007421690:
5202111252005360004934727:
5202111252005380004165890:
5202111252005430008500312:
5202111252006090008697764:
5202111252006190005254539:
5202111252006290005258218:
5202111252007050004596345:
5202111252008310009290365:
5202111252008490005008846:
5202111252009130004927727:
5202111252009520009234486:
5202111252010080008500113:
5202111252010110004937490:
5202111252010140009339219:
5202111252010190005263012:
5202111252010220009297056:
5202111252011150004605846:
5202111252011180004161991:
5202111252012050004958069:
5202111252012560004967312:
5202111252013000009339803:
5202111252013150004989073:
5202111252013270009285513:
5202111252015500005266100:
5202111252015530009305457:
5202111252015560004989528:
5202111252009400008706494:
5202111252011240006031525:
5202111252011260009225494:
5202111252011270009252984:
5202111252011290008709011:
5202111252012090004943327:
5202111252012110007410385:
5202111252013420009298223:
5202111252013530009226392:
5202111252014110004991241:
5202111252018440005272291:
5202111252058440005254422:
5202111252058430004961221:
5202111252058460004966690:
5202111252058510004967590:
5202111252058540009324076:
5202111252058560005271890:
5202111252059000009326612:
5202111252146390009254207:
5202111252159540006039506:
5202111252200000004976407:
5202111252200020008515502:
5202111252200030005252070:
5202111252200050005264544:
5202111252200060009310954:
5202111252200080004951868:
5202111252200110008431645:
5202111252200150005261578:
5202111252200160004932608:
5202111252200180008494613:
5202111252200200009336959:
5202111252200210008692117:
5202111252200230004936685:
5202111252200240004998663:
5202111252200260004165754:
5202111252200280008499471:
5202111252200300004986846:
5202111252200310009226447:
5202111252200330004967296:
5202111252200340004161986:
5202111252200360005249706:
5202111252200370004157149:
5202111252200401513409863:
5202111252200420005271892:
5202111252200430004961022:
5202111252200450008683421:
5202111252200460004968592:
5202111252200480004994314:
5202111252200500004998544:
5202111252200550008691341:
5202111252200570004975069:
5202111252200580009354001:
5202111252201010004998544:
5202111252201020009324879:
5202111252201050004990979:
5202111252201080004936854:
5202111252201090004975069:
5202111252201110004951477:
5202111252201120004599830:
5202111252201140005258470:
5202111252201160004968173:
5202111252201170004932392:
5202111252201190006018008:
5202111252201210008695905:
5202111252201230006042240:
5202111252201250005248661:
5202111252201280008501482:
5202111252201290004929016:
5202111252201310004165756:
5202111252201340004936557:
5202111252201360004977027:
5202111252201380007395592:
5202111252201390005254707:
5202111252201410004596344:
5202111252201440006039130:
5202111252201450009292116:
5202111252201480004161989:
5202111252201500004988793:
5202111252201520009308083:
5202111252201530008517323:
5202111252201550004949598:
5202111252201570004976589:
5202111252201580002854367:
5202111252202000004965502:
5202111252202010006018006:
5202111252202030000431430:
5202111252202050004961644:
5202111252202060008492776:
5202111252202080009240533:
5202111252202090008508290:
5202111252202110005264312:
5202111252202120005268686:
5202111252202160008680900:
5202111252202170003892332:
5202111252202190005267056:
5202111252202210005265555:
5202111252202240005272292:
5202111252202270004969132:
5202111252202300004602281:
5202111252202320004928604:
5202111252202330009232629:
5202111252202400008502189:
5202111252202440009311280:
5202111252202470006016276:
5202111252202490004605849:
5202111252202510009278808:
5202111252202530004157151:
5202111252202560009348543:
5202111252202570004961532:
5202111252202590005253082:
5202111252203040005272252:
5202111252203140007421743:
5202111252203170008690234:
5202111252203220006033720:
5202111252203280008498021:
5202111252203410009339834:
5202111252203430007412611:
5202111252205510005270281:
5202111252207170009348542:
5202111252304230005012521:
5202111252308190004998074:
5202111252309140005254715:
5202111252309230009305197:
5202111252309440006033000:
5202111252311010006039497:
5202111252312320006016090:
5202111252312420005258486:
5202111252313550004951327:
5202111252314000004948881:
6202111250002230005252028:
6202111250002450008708048:
6202111250002480005258486:
6202111250002510003126147:
6202111250002540008494964:
6202111250003540004972456:
6202111250003590005272252:
6202111250004050004998074:
6202111250004080003137754:
6202111250004130004967900:
6202111250004190009241075:
6202111250004210004968173:
6202111250729370004951327:
6202111250732060006031524:
6202111250735480004968173:
6202111250740430004946192:
6202111250742230006039506:
6202111250743190004596346:
6202111250744160004935629:
6202111250744390004992307:
6202111250745140004596347:
6202111250745180005263968:
6202111250745220004158136:
6202111250745250005262500:
6202111250745300008500401:
6202111250745570004975690:
6202111250746040005012405:
6202111250746260005252073:
6202111250746280008708048:
6202111250746310005252073:
6202111250746340008708048:
6202111250746380008683421:
6202111250746560008698044:
6202111250747130004998544:
6202111250747190008517056:
6202111250747400004965031:
6202111250747480005249706:
6202111250748280004987025:
6202111250748310009325535:
6202111250748350009348776:
6202111250748460004965866:
6202111250748490005270174:
6202111250748510004934669:
6202111250749220004994575:
6202111250749330004990979:
6202111250749350004961644:
6202111250749390004994575:
6202111250749440005008853:
6202111250749480004961022:
6202111250749510004165891:
6202111250749540004928604:
6202111250749560004929408:
6202111250749590008690234:
6202111250750040009339211:
6202111250750100005005468:
6202111250750120004928833:
6202111250750290004969132:
6202111250750310004967296:
6202111250750340005006747:
6202111250750380009252946:
6202111250750470008499805:
6202111250750530009283931:
6202111250750560004981546:
6202111250750580009231473:
6202111250751080004952169:
6202111250751170005270005:
6202111250751190004926646:
6202111250751250000431430:
6202111250751280004953182:
6202111250751330004998074:
6202111250751410005011308:
6202111250751450004602277:
6202111250751480005270173:
6202111250751510006039510:
6202111250751540004988205:
6202111250752010004159576:
6202111250752070009275492:
6202111250752080007421743:
6202111250752150005269841:
6202111250752190009241075:
6202111250752230005254542:
6202111250752270004952471:
6202111250752300009346367:
6202111250752320004605849:
6202111250752340004604852:
6202111250752360004596345:
6202111250752390004951477:
6202111250753060001087528:
6202111250753220004982680:
6202111250753340004596348:
6202111250753370005254708:
6202111250753430004927539:
6202111250753470007418333:
6202111250753490004932608:
6202111250753510005264728:
6202111250754000008702698:
6202111250754070004945980:
6202111250754110004936685:
6202111250754150004998663:
6202111250754260004160313:
6202111250754300005263924:
6202111250754380008508290:
6202111250754400005268686:
6202111250754430004604856:
6202111250754460004932392:
6202111250754510004969304:
6202111250754520008689944:
6202111250754560005252070:
6202111250754590006030480:
6202111250755040005253081:
6202111250755060009342978:
6202111250755080004165754:
6202111250755090009292116:
6202111250755110004993934:
6202111250755140009233704:
6202111250755180005248460:
6202111250755220005008846:
6202111250755250005005063:
6202111250755260005006315:
6202111250755290005001068:
6202111250755310001114611:
6202111250755320004605847:
6202111250755350004988378:
6202111250755360004976589:
6202111250755380008506074:
6202111250755420005248661:
6202111250755450005264720:
6202111250755470005268447:
6202111250755500004162430:
6202111250755560004948881:
6202111250755570005254537:
6202111250756030008502984:
6202111250756050004599830:
6202111250756070005251013:
6202111250756110005262499:
6202111250756190008693920:
6202111250756210008709488:
6202111250756230004976000:
6202111250756250005262498:
6202111250756270007402498:
6202111250756290004927727:
6202111250756310004159571:
6202111250756330004974233:
6202111250756360007412611:
6202111250756380008492776:
6202111250756410004996986:
6202111250756440004953788:
6202111250756480004988793:
6202111250756500006039974:
6202111250756520004962579:
6202111250756550004045200:
6202111250756570005264312:
6202111250756580005249704:
6202111250757000005010841:
6202111250757010004989524:
6202111250757030004604854:
6202111250757070008517323:
6202111250757080005270004:
6202111250757100008497774:
6202111250757110005272290:
6202111250757130004975841:
6202111250757140006016276:
6202111250757160004167852:
6202111250757180004958069:
6202111250757190008693892:
6202111250757220004998194:
6202111250757230005254712:
6202111250757250005248880:
6202111250757270008494613:
6202111250757280004929713:
6202111250757300008501795:
6202111250757320005254706:
6202111250757340004160308:
6202111250757370004167851:
6202111250757390008507829:
6202111250757410004988079:
6202111250757430009233695:
6202111250757450004159578:
6202111250757470005253082:
6202111250757490004961532:
6202111250757500004928640:
6202111250757520006018006:
6202111250757540006015460:
6202111250757550008504091:
6202111250757570008498021:
6202111250757590009286387:
6202111250758020008711249:
6202111250758040003918790:
6202111250758060008511510:
6202111250758080000424146:
6202111250758100005270006:
6202111250758150005270001:
6202111250758170003892332:
6202111250758190004977027:
6202111250758210004968100:
6202111250758220004922029:
6202111250758240009287614:
6202111250758270004605844:
6202111250758280008698315:
6202111250758300008495468:
6202111250758320006033000:
6202111250758330008699992:
6202111250758350004164864:
6202111250758360005271893:
6202111250758380004989794:
6202111250758460009286616:
6202111250758480008431645:
6202111250758500005006239:
6202111250758510008516772:
6202111250758530004989794:
6202111250758550006021994:
6202111250758570004161985:
6202111250758580005263975:
6202111250759020005270172:
6202111250759030004157151:
6202111250759050009254212:
6202111250759060009288913:
6202111250759080005263716:
6202111250759110004159579:
6202111250759130004157151:
6202111250759140009348748:
6202111250759160006033720:
6202111250759180005268450:
6202111250759190004931257:
6202111250759210004997277:
6202111250759240004162431:
6202111250759260004997277:
6202111250759280009240533:
6202111250759310009343593:
6202111250759370004987532:
6202111250759390008679943:
6202111250759400004968194:
6202111250759430004989670:
6202111250759460004966750:
6202111250759480009322590:
6202111250759500004965502:
6202111250759510009354391:
6202111250759530005271892:
6202111250759570005254540:
6202111250759590004928175:
6202111250800010004996445:
6202111250800020005263920:
6202111250800040009339837:
6202111250800070004937930:
6202111250800080004923771:
6202111250800100006031526:
6202111250800120009278808:
6202111250800150009354582:
6202111250800190004602280:
6202111250800590005250569:
6202111250801030009230815:
6202111250801080008714113:
6202111250801120004923548:
6202111250801440005273786:
6202111250801500005259621:
6202111250801580005258214:
6202111250802210005252026:
6202111250802250005262048:
6202111250802380004157149:
6202111250802490006026834:
6202111250802540005270073:
6202111250803140004951868:
6202111250803190004975069:
6202111250806070004923617:
6202111250807350008506597:
6202111250807570004989820:
6202111250808020004967606:
6202111250808540007395592:
6202111250819080005259620:
6202111250820440004158135:
6202111250848400005262496:
6202111250936570009279594:
6202111251656170004167851:
6202111251658310008697063:
6202111251700160006023662:
6202111251702000001087528:
6202111251702010008517056:
6202111251703410009282114:
6202111251706480004599829:
6202111251800190005005263:
6202111251801030009310727:
6202111251900060006026834:
6202111251900090009343567:
6202111251900290004988205:
6202111251901030009306586:
6202111251901050004167852:
6202111251901060004159579:
6202111251901080004159571:
6202111251901090004596347:
6202111251901120005262498:
6202111251901140004159578:
6202111251901150005262499:
6202111251901170005010841:
6202111251901180005270001:
6202111251901200005270173:
6202111251901220004989524:
6202111251901230004160313:
6202111251901250004926646:
6202111251901300004928389:
6202111251901400004968886:
6202111251901410004927029:
6202111251901440005248878:
6202111251901470004946192:
6202111251901540004974727:
6202111251901570005254712:
6202111251901590004161985:
6202111251902010005270172:
6202111251902030008499805:
6202111251902050004928175:
6202111251902060004952169:
6202111251902100005004322:
6202111251902110004927120:
6202111251902140005268443:
6202111251902160004165891:
6202111251902180004996445:
6202111251902190009339837:
6202111251902210004162431:
6202111251902220008499149:
6202111251902300005005468:
6202111251902320009253995:
6202111251902340009233704:
6202111251902370005268450:
6202111251902400006021994:
6202111251902420009233704:
6202111251902440004952471:
6202111251902450008507829:
6202111251902590005263970:
6202111251903200005270000:
6202111251903310004928833:
6202111251903320004956498:
6202111251903340004961333:
6202111251903530001114611:
6202111251904060004967806:
6202111251904110008501795:
6202111251904120004934669:
6202111251904470009252946:
6202111251905380006015460:
6202111251905420004927539:
6202111251905460004599828:
6202111251905480004965754:
6202111251905550006039974:
6202111251905570005249704:
6202111251905590004974233:
6202111251906130004989794:
6202111251906150008508757:
6202111251906160004989670:
6202111251907300004968208:
6202111251907320005259621:
6202111251907510004929202:
6202111251910290009335539:
6202111251912340009290264:
6202111251913260004966591:
6202111251913570004969598:
6202111251915580008689944:
6202111251916120008710875:
6202111251916410009348776:
6202111251916580004959868:
6202111251904160009300590:
6202111251904380006022420:
6202111251905500005254706:
6202111251938110009241075:
6202111251958300007407502:
6202111251955570005262501:
6202111251958150006014349:
6202111251958210009274874:
6202111251958310004949437:
6202111251958340004987025:
6202111251959090008687514:
6202111251959100004161990:
6202111251959300005254419:
6202111251959380008699992:
6202111251959400009331842:
6202111251959420005269401:
6202111252000010004922029:
6202111252000020005012405:
6202111252000040005252076:
6202111252000060009254908:
6202111252000070004949833:
6202111252000090005005063:
6202111252000110006025807:
6202111252000120009276489:
6202111252000140005273786:
6202111252000160005005063:
6202111252000170009343149:
6202111252000190004975690:
6202111252000210004966362:
6202111252000230005248880:
6202111252000270008511510:
6202111252000310005265082:
6202111252000350005265083:
6202111252000380008696238:
6202111252000400009325535:
6202111252000420006019315:
6202111252000440008710216:
6202111252000450004982680:
6202111252000470005264720:
6202111252000490004990111:
6202111252000510004998194:
6202111252000530005267443:
6202111252000540004602280:
6202111252000560004935629:
6202111252000570004159576:
6202111252000590004596346:
6202111252001010004937089:
6202111252001030006037924:
6202111252001050007404782:
6202111252001070005273787:
6202111252001100008497935:
6202111252001110005008853:
6202111252001130005262048:
6202111252001160004162429:
6202111252001180005009021:
6202111252001220008688253:
6202111252001240007407459:
6202111252001280009243147:
6202111252001300005254540:
6202111252001330007407459:
6202111252001350005254540:
6202111252001370009286616:
6202111252001420004965031:
6202111252001440005256125:
6202111252001470005263975:
6202111252001510008695330:
6202111252001570004158135:
6202111252002070004987532:
6202111252002090005006528:
6202111252002110004991584:
6202111252002130005251013:
6202111252002160004935891:
6202111252002180005252020:
6202111252002200004165755:
6202111252002230005254539:
6202111252002250004167846:
6202111252002270004966490:
6202111252002280005006747:
6202111252002390004933902:
6202111252002460004948585:
6202111252003070005258214:
6202111252003130005262500:
6202111252003170004599827:
6202111252003200005253081:
6202111252003230004931257:
6202111252003250005263969:
6202111252003270005262500:
6202111252003400004605847:
6202111252003460008492549:
6202111252003510005250567:
6202111252003590009234248:
6202111252004010008494201:
6202111252004060005254929:
6202111252005120004953182:
6202111252005150005263919:
6202111252005170004165890:
6202111252005180009288913:
6202111252005280009232653:
6202111252005530005254714:
6202111252006060005272290:
6202111252006430004596345:
6202111252008480004927727:
6202111252009060008709393:
6202111252009550007421269:
6202111252011000005264728:
6202111252011500004958069:
6202111252012020004963921:
6202111252045410004992307:
6202111252045440004975841:
6202111252049370005261061:
6202111252051170004975255:
6202111252057470008508441:
6202111252102460004921905:
6202111252103320009339211:
6202111252104090008713215:
6202111252104120008500401:
6202111252111590005007161:
6202111252114390006028797:
6202111252145530005259620:
6202111252159210004932608:
6202111252159240003132773:
6202111252159260008515502:
6202111252159270005008358:
6202111252159300005269841:
6202111252159300005270005:
6202111252159340004976407:
6202111252159390005250572:
6202111252159540008431645:
6202111252159560005001262:
6202111252200000008494613:
6202111252200020004967296:
6202111252200030005008358:
6202111252200050008499471:
6202111252200060009226447:
6202111252200080006017488:
6202111252200090004923771:
6202111252200110004970930:
6202111252200120005249706:
6202111252200141513409863:
6202111252200150004157149:
6202111252200170008683421:
6202111252200180004968592:
6202111252200200004961022:
6202111252200210004998544:
6202111252200230004969304:
6202111252200250004975069:
6202111252200260009352010:
6202111252200280004599830:
6202111252200290005254708:
6202111252200310005270182:
6202111252200330004936854:
6202111252200340005254536:
6202111252200360008506074:
6202111252200370004951477:
6202111252200390005258470:
6202111252200400004990979:
6202111252200420008502984:
6202111252200430004604854:
6202111252200450008680280:
6202111252200460004962579:
6202111252200490004932392:
6202111252200510008497774:
6202111252200520009348748:
6202111252200540008695905:
6202111252200550005270006:
6202111252200570004923016:
6202111252200590004160308:
6202111252201010004936557:
6202111252201030004952773:
6202111252201050008516772:
6202111252201070004997277:
6202111252201090009292116:
6202111252201100005266099:
6202111252201120005006239:
6202111252201140004977027:
6202111252201160005265555:
6202111252201170005266099:
6202111252201190004949598:
6202111252201200006039130:
6202111252201220004938202:
6202111252201240006018006:
6202111252201260004965866:
6202111252201280009240533:
6202111252201290004949598:
6202111252201310004976589:
6202111252201330005270004:
6202111252201350004976000:
6202111252201360000431430:
6202111252201380004968100:
6202111252201390008492776:
6202111252201410004976000:
6202111252201430004961644:
6202111252201450008492776:
6202111252201460005264312:
6202111252201480008508290:
6202111252201490005268686:
6202111252201510003892332:
6202111252201520005268447:
6202111252201540005267056:
6202111252201550006022160:
6202111252201570004596348:
6202111252202000004159573:
6202111252202020007409900:
6202111252202040004605852:
6202111252202060008492480:
6202111252202090004928604:
6202111252202110009232629:
6202111252202130005252073:
6202111252202140007421210:
6202111252202190005252073:
6202111252202210009278808:
6202111252202220009343593:
6202111252202240004979341:
6202111252202260004968194:
6202111252202280006016276:
6202111252202300004167844:
6202111252202320005263968:
6202111252202330004158136:
6202111252202350004157151:
6202111252202360009348543:
6202111252202380004923159:
6202111252202390005253082:
6202111252202410004961532:
6202111252202430004949140:
6202111252202450005272252:
6202111252202550004178213:
6202111252202570007419049:
6202111252202590008690234:
6202111252203000008498021:
6202111252203020006033720:
6202111252203050004996986:
6202111252203060009346033:
6202111252203200007412611:
6202111252203280006039510:
6202111252203330005254716:
6202111252203380004923617:
6202111252203410004928616:
6202111252203440004165753:
6202111252203460009339144:
6202111252203560009287614:
6202111252204440005254716:
6202111252205220004605844:
6202111252205250005270281:
6202111252205410004599832:
6202111252209300004930576:
6202111252211110005252026:
6202111252211150005255675:
6202111252211230005270073:
6202111252213250004989820:
6202111252304060005012521:
6202111252305410005252028:
6202111252308000004998074:
6202111252308210005250566:
6202111252308220004604856:
6202111252308260005264920:
6202111252308290008497634:
6202111252308420004970901:
6202111252309040008679943:
6202111252309070009321321:
6202111252309180003137754:
6202111252309240008698315:
6202111252309270008499556:
6202111252309500008510378:
6202111252310350004972456:
6202111252310460008506766:
6202111252311320005263920:
6202111252311370008708048:
6202111252312230005258486:
6202111252312250008686117:
6202111252312280007398203:
6202111252312370008494964:
8202111250746040005264545:
8202111250747110008511681:
8202111250747340007396382:
8202111250749030006028960:
8202111250749060006036504:
8202111250750130005001511:
8202111250750550004948548:
8202111250751150007407499:
8202111250751410008500626:
8202111250752350003126360:
8202111250753090009250787:
8202111250753100005268443:
8202111250753140005008693:
8202111250753230009296645:
8202111250753270004936688:
8202111250753300006022158:
8202111250753310005251015:
8202111250753330004989259:
8202111250753360009273291:
8202111250753380004931038:
8202111250753400008504234:
8202111250753420008716113:
8202111250753450004991542:
8202111250753570004605843:
8202111250754070009234249:
8202111250754200004990686:
8202111250754210009253995:
8202111250754380008679170:
8202111250754430004927575:
8202111250754450005255714:
8202111250754500006020192:
8202111250754520004974727:
8202111250754540004929419:
8202111250755000008690224:
8202111250755020001087543:
8202111250755060005252017:
8202111250755090009305260:
8202111250755140009236868:
8202111250755160008496149:
8202111250755200005004322:
8202111250755350009252994:
8202111250755380009341511:
8202111250755490004952531:
8202111250755510005248459:
8202111250755580004926919:
8202111250755590004949437:
8202111250756040005258478:
8202111250756080004167849:
8202111250756170009346340:
8202111250756320004162428:
8202111250756420004953437:
8202111250756500006027612:
8202111250756560004967114:
8202111250757070008492549:
8202111250757090009311280:
8202111250757120005267444:
8202111250757150009230812:
8202111250757290004941228:
8202111250757360008512783:
8202111250757400004965343:
8202111250757500005252024:
8202111250758010004957311:
8202111250758040004996716:
8202111250758060005252028:
8202111250758120004968761:
8202111250758250008710875:
8202111250758430005251016:
8202111250758580005254421:
8202111250759180009246202:
8202111250759200006021988:
8202111250759510009346055:
8202111250759540008499706:
8202111250800000005263971:
8202111250800200006028799:
8202111250800370004602279:
8202111250801530005250927:
8202111250803020008445656:
8202111250803270004929270:
8202111250804100005270181:
8202111250856100004926757:
8202111251456070005001318:
8202111251701330005252024:
8202111251702440009342978:
8202111251703010006027612:
8202111251707320005250565:
8202111251715020004927939:
8202111251715040004162434:
8202111251715100009272187:
8202111251715250000424167:
8202111251901010004926919:
8202111251901090009252994:
8202111251901110009341511:
8202111251901160005007370:
8202111251901230000431385:
8202111251901250005008693:
8202111251901260004991542:
8202111251901280006021988:
8202111251901300005270181:
8202111251901310006020192:
8202111251901330009234249:
8202111251901350004927575:
8202111251901390004164864:
8202111251901430009250787:
8202111251901440009246202:
8202111251901470005258478:
8202111251902000009296645:
8202111251902030008512783:
8202111251902050009346340:
8202111251902070009339821:
8202111251902140009354827:
8202111251902170009339818:
8202111251902360004946812:
8202111251902400005252017:
8202111251902430005248602:
8202111251902500005012741:
8202111251903040005001511:
8202111251905290004935638:
8202111251905340009343592:
8202111251905360005261060:
8202111251906000004963073:
8202111251906040009339817:
8202111251907280004957118:
8202111251911320005254421:
8202111251912230005250565:
8202111251912580005258488:
8202111251913010009342143:
8202111251913040004957311:
8202111251913060004162428:
8202111251913240005255416:
8202111251913260005252027:
8202111251914550004958669:
8202111251914590005266872:
8202111251909040008716113:
8202111251909080004930608:
8202111251904110005254424:
8202111251913230009226817:
8202111251950590005004848:
8202111251959360004989259:
8202111251959400005263971:
8202111251959420005255714:
8202111252000140005254710:
8202111252000160008690224:
8202111252000180004981013:
8202111252000190009273291:
8202111252000210004948548:
8202111252000230004167849:
8202111252000310009324605:
8202111252000330008679170:
8202111252000350005267444:
8202111252000380004968761:
8202111252000420009253739:
8202111252000440004989657:
8202111252000460008499706:
8202111252000480008495426:
8202111252000500006030145:
8202111252000560004605843:
8202111252001010004169060:
8202111252001110001087543:
8202111252001130009230812:
8202111252001150004965482:
8202111252001220004929270:
8202111252001240004990686:
8202111252001270008506912:
8202111252001290009290271:
8202111252001310009295454:
8202111252001330009341742:
8202111252001350004996716:
8202111252001360005248457:
8202111252001380007402196:
8202111252001400008501835:
8202111252001440004965343:
8202111252001470004931038:
8202111252001490004929713:
8202111252001510008495556:
8202111252001540004941228:
8202111252001550003126360:
8202111252001580006036504:
8202111252002000006028960:
8202111252002020007407499:
8202111252002060004957855:
8202111252002090005250927:
8202111252002230009305260:
8202111252002470005251015:
8202111252003260009226433:
8202111252003320008680442:
8202111252003350004972892:
8202111252003420009324572:
8202111252003450009292038:
8202111252003540009226391:
8202111252005190005250569:
8202111252005230004952229:
8202111252005460008504234:
8202111252007220004982114:
8202111252007540004926757:
8202111252007570008703693:
8202111252008590008503089:
8202111252101350005006315:
8202111252116450004924676:
8202111252150050005248456:
8202111252159150008701274:
8202111252159180004158333:
8202111252159210009234457:
8202111252159230005264309:
8202111252159260004167843:
8202111252159280009326600:
8202111252159300006028799:
8202111252159350009342962:
8202111252200010005248459:
8202111252200070004967114:
8202111252200120008502693:
8202111252200170008500626:
8202111252200290004948289:
8202111252200330008496149:
8202111252200360005264545:
8202111252200410007396382:
8202111252200450009301802:
8202111252200460004964545:
8202111252200480006028957:
8202111252200500009295891:
8202111252200580005254534:
8202111252201000001099428:
8202111252201020004929641:
8202111252201040008500493:
8202111252201060009226797:
8202111252201080008511681:
8202111252201100004952531:
8202111252201130004988966:
8202111252201150009311280:
8202111252201180004162160:
8202111252201190008494427:
8202111252201460005252025:
8202111252201530004951928:
8202111252204260008708992:
8202111252204340004962411:
8202111252309430004602279:
8202111252310550004967900:
