2202111240000010004975875:
2202111240000030009324604:
2202111240000050001079288:
2202111240000090008510090:
2202111240000150006036993:
2202111240000170006751664:
2202111240000220009294273:
2202111240000400009254229:
2202111240000460008517932:
2202111240000580008696894:
2202111240006310005268444:
2202111240016520004967590:
2202111240052580008694944:
2202111240053110007398914:
2202111240359520004947963:
2202111240731510009326438:
2202111240734110004966050:
2202111240734140007398914:
2202111240738090008677773:
2202111240738130006022160:
2202111240741210009290365:
2202111240743210009283296:
2202111240743290004161991:
2202111240743590004972793:
2202111240744110008504041:
2202111240744550009307295:
2202111240745290004981261:
2202111240746100004605848:
2202111240746160004967967:
2202111240746530008497657:
2202111240747110005255715:
2202111240748000006021875:
2202111240748051513646659:
2202111240748470004968394:
2202111240748530006022439:
2202111240749050009297569:
2202111240749140004928604:
2202111240749180005272372:
2202111240749240009254926:
2202111240749260005269999:
2202111240750020008503198:
2202111240750050008505663:
2202111240750090004604850:
2202111240750120005266871:
2202111240750150004924346:
2202111240750300004941773:
2202111240750320009281193:
2202111240750350005270840:
2202111240750370005270839:
2202111240750400004604853:
2202111240750430004958165:
2202111240750530004960782:
2202111240750560004972764:
2202111240750580006030135:
2202111240751100006751664:
2202111240751120009300596:
2202111240751150007402523:
2202111240751200009346707:
2202111240751270005265558:
2202111240751310005008846:
2202111240751350004160311:
2202111240751390008681883:
2202111240751410004927120:
2202111240751470009253739:
2202111240752060005270174:
2202111240752090004924676:
2202111240752160004997665:
2202111240752200001079879:
2202111240752230005252072:
2202111240752260005255716:
2202111240752280004923159:
2202111240752310004159580:
2202111240752340008698044:
2202111240752360007421690:
2202111240752390004997665:
2202111240752430004970618:
2202111240752480004986846:
2202111240752500009226393:
2202111240752550009230754:
2202111240752590004933649:
2202111240753020009344566:
2202111240753040001108277:
2202111240753070004599832:
2202111240753090009276489:
2202111240753130005258468:
2202111240753150004929423:
2202111240753170004980727:
2202111240753290008493286:
2202111240753320007402500:
2202111240753420005270182:
2202111240753460004159573:
2202111240753510000431412:
2202111240753540004922875:
2202111240753550004948548:
2202111240753570000431412:
2202111240753580005253080:
2202111240754000004946812:
2202111240754020008429638:
2202111240754040008679943:
2202111240754050004928389:
2202111240754070004929419:
2202111240754090008716113:
2202111240754140006030142:
2202111240754160005267056:
2202111240754180005006958:
2202111240754200004953650:
2202111240754230005254710:
2202111240754250009226412:
2202111240754270008709369:
2202111240754290009226412:
2202111240754300008709369:
2202111240754320006022852:
2202111240754340009254229:
2202111240754360004935186:
2202111240754390005004855:
2202111240754400007395592:
2202111240754450008497463:
2202111240754490004605847:
2202111240754510009253997:
2202111240754530004167848:
2202111240754550005268447:
2202111240754560005005063:
2202111240754580005011308:
2202111240755000004602277:
2202111240755030005248880:
2202111240755060009284157:
2202111240755090009322602:
2202111240755110005263922:
2202111240755120009340824:
2202111240755140006033001:
2202111240755160004165890:
2202111240755190005265313:
2202111240755210004964566:
2202111240755230005006528:
2202111240755250004972767:
2202111240755270009339211:
2202111240755290007421743:
2202111240755310004951489:
2202111240755320004937490:
2202111240755340005255674:
2202111240755360008706494:
2202111240755370004167850:
2202111240755390004945980:
2202111240755410004165753:
2202111240755430004948881:
2202111240755460004993146:
2202111240755480009339828:
2202111240755500008510716:
2202111240755510004968592:
2202111240755530004967416:
2202111240755540009321395:
2202111240755560007402194:
2202111240755570007402482:
2202111240755590008506912:
2202111240756000009252984:
2202111240756020008506907:
2202111240756030006039969:
2202111240756050004599825:
2202111240756070009246193:
2202111240756090008492705:
2202111240756110004921380:
2202111240756130009253991:
2202111240756140009276908:
2202111240756160008709061:
2202111240756180004958690:
2202111240756190009226826:
2202111240756210009232651:
2202111240756230009301551:
2202111240756240009293911:
2202111240756260009232378:
2202111240756270008496310:
2202111240756290009301551:
2202111240756310003137754:
2202111240756310008492065:
2202111240756340005258216:
2202111240756360005254422:
2202111240756380008506766:
2202111240756400008426248:
2202111240756410008507829:
2202111240756430004604857:
2202111240756440004987532:
2202111240756460009293535:
2202111240756480008680442:
2202111240756500006014349:
2202111240756520009280051:
2202111240756540009254000:
2202111240756550004965967:
2202111240756570004596350:
2202111240756580004943327:
2202111240757000004167844:
2202111240757030008701274:
2202111240757050004596350:
2202111240757060004968208:
2202111240757080005261061:
2202111240757090006039497:
2202111240757110008509836:
2202111240757120005261061:
2202111240757140009297664:
2202111240757160004989657:
2202111240757170004165757:
2202111240757190005012741:
2202111240757200009297664:
2202111240757220005254538:
2202111240757240009314286:
2202111240757260008511510:
2202111240757270004161990:
2202111240757300004951537:
2202111240757320006039130:
2202111240757340004980976:
2202111240757350006033000:
2202111240757370009346038:
2202111240757380008701527:
2202111240757400004929016:
2202111240757410005273787:
2202111240757430009324572:
2202111240757440004948585:
2202111240757460004938202:
2202111240757470006021994:
2202111240757500009346063:
2202111240757510004967806:
2202111240757530008697836:
2202111240757550004929491:
2202111240757570004935107:
2202111240757580005248457:
2202111240758000005012521:
2202111240758030008494333:
2202111240758050004936557:
2202111240758060004950728:
2202111240758080003918790:
2202111240758090004963659:
2202111240758110004954090:
2202111240758120004966761:
2202111240758140004928175:
2202111240758150004927029:
2202111240758170006036993:
2202111240758180004960160:
2202111240758200008694944:
2202111240758210004954665:
2202111240758230008696388:
2202111240758240004930389:
2202111240758261513631101:
2202111240758280004968544:
2202111240758290005005263:
2202111240758310005254424:
2202111240758330004968555:
2202111240758340004975875:
2202111240758360009330833:
2202111240758380008499149:
2202111240758390006030145:
2202111240758410004158333:
2202111240758420005270281:
2202111240758440008688253:
2202111240758450009275335:
2202111240758470005264544:
2202111240758480006036336:
2202111240758510005254539:
2202111240758560005264721:
2202111240758580008424093:
2202111240759010002851465:
2202111240759020006015460:
2202111240759040004161986:
2202111240759050009243147:
2202111240759070005263919:
2202111240759080005273785:
2202111240759100007419049:
2202111240759110005252032:
2202111240759130005272292:
2202111240759140005005056:
2202111240759160004948851:
2202111240759190004953953:
2202111240759200008501482:
2202111240759220008500889:
2202111240759230009232629:
2202111240759250009292038:
2202111240759270004941508:
2202111240759290007407459:
2202111240759310008492480:
2202111240759330004992022:
2202111240759350005254540:
2202111240759370004947445:
2202111240759380004964407:
2202111240759400008713215:
2202111240759410004996481:
2202111240759430009290271:
2202111240759450006036505:
2202111240759460009234089:
2202111240759480009226447:
2202111240759490006039541:
2202111240759510004952773:
2202111240759520008698795:
2202111240759540009339821:
2202111240759560004605851:
2202111240759580007421269:
2202111240800000006021991:
2202111240800020004968886:
2202111240800040004973922:
2202111240800050005258221:
2202111240800070003132773:
2202111240800070004162433:
2202111240800100009346020:
2202111240800110005258470:
2202111240800130009281928:
2202111240800140006028451:
2202111240800170004929645:
2202111240800190009291663:
2202111240800200004931193:
2202111240800220009253846:
2202111240800240004966802:
2202111240800250006016090:
2202111240800270006026834:
2202111240800290009232653:
2202111240800300008686663:
2202111240800320005006768:
2202111240800340006017488:
2202111240800350004965814:
2202111240800370009309829:
2202111240800390008692560:
2202111240800410004604855:
2202111240800420004966490:
2202111240800440008493750:
2202111240800460006020195:
2202111240800480006023662:
2202111240800500004605852:
2202111240800520004599829:
2202111240800540004995116:
2202111240801060009279481:
2202111240801090004989502:
2202111240801120006024859:
2202111240801140004968250:
2202111240801160009230812:
2202111240801180009286624:
2202111240801210006042873:
2202111240801230008709393:
2202111240801250005010999:
2202111240801280008696238:
2202111240801300006041715:
2202111240801320008502693:
2202111240801350005254534:
2202111240801400009290264:
2202111240801430004969598:
2202111240801450004969384:
2202111240801470009302534:
2202111240801500004599831:
2202111240801530004930162:
2202111240801550009313676:
2202111240801560009342183:
2202111240802070005263973:
2202111240802140004991528:
2202111240802200006042240:
2202111240802280005268444:
2202111240802360004157151:
2202111240802390004968004:
2202111240802410005004848:
2202111240802440004935891:
2202111240802460009226392:
2202111240803010004949177:
2202111240803040004599826:
2202111240803070007410282:
2202111240803110004976407:
2202111240803140009254207:
2202111240803160009226433:
2202111240803440008508219:
2202111240803460004947661:
2202111240804010005270175:
2202111240804040004966591:
2202111240804110009230815:
2202111240804130005254715:
2202111240804170004967312:
2202111240804190008496367:
2202111240804210005252020:
2202111240804260004982114:
2202111240804300005252076:
2202111240804330006022855:
2202111240804350009307388:
2202111240804370006032999:
2202111240804390008510378:
2202111240804420006028797:
2202111240804440004967606:
2202111240804490005252016:
2202111240804570008494092:
2202111240805000005252025:
2202111240805050006031525:
2202111240805070004964719:
2202111240805120007414082:
2202111240805140006029990:
2202111240805210007421210:
2202111240806090008697063:
2202111240806330004923617:
2202111240806380004947698:
2202111240806400008494964:
2202111240806460004951928:
2202111240806560009274443:
2202111240807230007407502:
2202111240807280006009777:
2202111240807360009339824:
2202111240807380005252026:
2202111240808050008500312:
2202111240808330007422489:
2202111240808450007402196:
2202111240808470009282101:
2202111240808500006027540:
2202111240808560009324604:
2202111240808580008506632:
2202111240809070004947107:
2202111240809410004951627:
2202111240809510004975069:
2202111240810000009234240:
2202111240810390008502364:
2202111240810430006031526:
2202111240810450005254536:
2202111240810570008712416:
2202111240811150004990085:
2202111240811570004160309:
2202111240813470008703345:
2202111240814130005254714:
2202111240814530004929937:
2202111240816250005248603:
2202111240818270005272807:
2202111240819310009310727:
2202111240820490004985430:
2202111240826270009254002:
2202111240828080009298073:
2202111240834150005264720:
2202111240854130008708003:
2202111240906150004938474:
2202111240926550004967590:
2202111240942050009290471:
2202111241004330006042277:
2202111241018370004947963:
2202111241700010003918790:
2202111241700030004975477:
2202111241700550004964719:
2202111241700570009279709:
2202111241700580008701083:
2202111241701000009276680:
2202111241701050009233710:
2202111241701100004972171:
2202111241701150004981830:
2202111241701190004995938:
2202111241701220004968004:
2202111241701270009340824:
2202111241701450004924676:
2202111241702080009226440:
2202111241702510008517932:
2202111241703010008510716:
2202111241703030004967416:
2202111241703070004961404:
2202111241703080004994074:
2202111241703100004965967:
2202111241703140004961787:
2202111241703160005258468:
2202111241703180005264310:
2202111241703210005006958:
2202111241703230004965814:
2202111241703250007401654:
2202111241703270004966418:
2202111241703510005006101:
2202111241704410004975875:
2202111241705030008694944:
2202111241705050004995116:
2202111241705080009324604:
2202111241705100007414082:
2202111241705120004931193:
2202111241705520006751664:
2202111241706460004960782:
2202111241708050004987731:
2202111241709070006033090:
2202111241709150009305457:
2202111241709230008516236:
2202111241709250008496310:
2202111241710580009252984:
2202111241713110008500312:
2202111241736370009300596:
2202111241736420004966050:
2202111241736450007398914:
2202111241736490007402523:
2202111241737360005263973:
2202111241746420005248603:
2202111241749520009246193:
2202111241805530009339803:
2202111241836130004967590:
2202111241849320008712416:
2202111241859010009343567:
2202111241900010005263922:
2202111241900470006026834:
2202111241902560005004855:
2202111241903090004992723:
2202111241903530007402500:
2202111241904340009330833:
2202111241904370006037287:
2202111241905130004928175:
2202111241911020004985430:
2202111241922110008505663:
2202111241922160006042277:
2202111241932431513646659:
2202111241936090009313676:
2202111241936230004947963:
2202111241939430008506632:
2202111241955440008502364:
2202111242000350004972767:
2202111242000550009253846:
2202111242001110004941773:
2202111242001160004599831:
2202111242001350005272807:
2202111242001370009279481:
2202111242002110004604855:
2202111242002140004604850:
2202111242002200008506907:
2202111242002310008714113:
2202111242002380009314286:
2202111242002450004967967:
2202111242002470009302534:
2202111242002490008429638:
2202111242002510009314286:
2202111242002530008429638:
2202111242002550004967967:
2202111242002570004924346:
2202111242002590004604853:
2202111242003130004950728:
2202111242003220005266871:
2202111242003310007422489:
2202111242003370009307295:
2202111242003380004968208:
2202111242003410009297569:
2202111242003560004935446:
2202111242003580005252069:
2202111242004370004968544:
2202111242005160004970618:
2202111242005200006030135:
2202111242005230009297664:
2202111242005260008492705:
2202111242006010009275335:
2202111242006090004930389:
2202111242006190008510378:
2202111242006220005005063:
2202111242007170008686663:
2202111242007220004981261:
2202111242007250004960160:
2202111242007320006021991:
2202111242007350009226393:
2202111242010100009253991:
2202111242011540004958690:
2202111242011590005265313:
2202111242013450009286624:
2202111242013470005272372:
2202111242014260004966802:
2202111242015060001079879:
2202111242020070004963659:
2202111242021530009226392:
2202111242028120004972793:
2202111242030520006029990:
2202111242031070009307388:
2202111242032320006021875:
2202111242032560009283296:
2202111242034220009346038:
2202111242034250009276908:
2202111242035270009346038:
2202111242035290009276908:
2202111242040150004933960:
2202111242051490005254422:
2202111242102350004958165:
2202111242115000004599832:
2202111242130350007402482:
2202111242200000004921380:
2202111242200020000431412:
2202111242200030004929491:
2202111242200070000431412:
2202111242200090005255716:
2202111242200130000431412:
2202111242200140008709369:
2202111242200170008681883:
2202111242200180008709369:
2202111242200200008681883:
2202111242200220006033001:
2202111242200250008701527:
2202111242200280004997665:
2202111242200300003916932:
2202111242200320004165757:
2202111242200360008709061:
2202111242200380004165757:
2202111242200400005254538:
2202111242200420004997665:
2202111242200430004167844:
2202111242200470005270840:
2202111242200500004167844:
2202111242200510005270840:
2202111242200530009281193:
2202111242200540006039130:
2202111242200560005254538:
2202111242200570009281193:
2202111242201010004923159:
2202111242201020005270840:
2202111242201040009281193:
2202111242201050004923159:
2202111242201070005264543:
2202111242201090005255715:
2202111242201110006018006:
2202111242201120008692560:
2202111242201140005270839:
2202111242201160005263715:
2202111242201180004605848:
2202111242201250009243147:
2202111242201330005267056:
2202111242201450005263716:
2202111242201480009354349:
2202111242201590004979341:
2202111242203020005006528:
2202111242203570005269999:
2202111242204050009309829:
2202111242204200009282101:
2202111242204310008497657:
2202111242204430004929423:
2202111242205300004961333:
2202111242214010005263977:
2202111242214530005252025:
2202111242214560004947698:
3202111240001020004970930:
3202111240001050006039016:
3202111240001090008513325:
3202111240001110008708003:
3202111240731410005250571:
3202111240735390008501288:
3202111240739160004968173:
3202111240740040001099428:
3202111240740120005255713:
3202111240741290004974136:
3202111240741330008692290:
3202111240742000004959868:
3202111240743430005263972:
3202111240744410005004742:
3202111240745110004988205:
3202111240746160004162160:
3202111240746410004966279:
3202111240747080008503303:
3202111240747210009234458:
3202111240747330005252029:
3202111240747450009351758:
3202111240747490008708048:
3202111240747540005248456:
3202111240747570009306586:
3202111240748050004949140:
3202111240748210004928640:
3202111240749270005008358:
3202111240749280004936854:
3202111240749300005008358:
3202111240749330008680900:
3202111240749360004965502:
3202111240749450004933136:
3202111240749470008711197:
3202111240749540005011155:
3202111240749560006028957:
3202111240749590006039016:
3202111240750020009295891:
3202111240750040008513325:
3202111240750140005258215:
3202111240750170005258217:
3202111240750210004975787:
3202111240750300008684967:
3202111240750330005254707:
3202111240750500004998074:
3202111240751010005252018:
3202111240751130006030480:
3202111240751180004957118:
3202111240751200005255676:
3202111240751230005250572:
3202111240751250008497634:
3202111240751270005263967:
3202111240751300004952471:
3202111240751330004929202:
3202111240751360005272252:
3202111240751520005251014:
3202111240751570005263714:
3202111240752020005248460:
3202111240752100004926955:
3202111240752170004986730:
3202111240752270005250568:
3202111240752410004972456:
3202111240752500008692117:
3202111240752550006018008:
3202111240753350004596344:
3202111240753410004993672:
3202111240753430005264920:
3202111240753450005007370:
3202111240753480009343149:
3202111240753500009342954:
3202111240753520004986942:
3202111240753550008687514:
3202111240753560004935446:
3202111240753590005252069:
3202111240754020004161989:
3202111240754050005248597:
3202111240754070009325535:
3202111240754080004927539:
3202111240754110009348776:
3202111240754130008518736:
3202111240754250009326626:
3202111240754310004969304:
3202111240754470008689944:
3202111240754540005266872:
3202111240755070005001262:
3202111240755100008698121:
3202111240755130004932608:
3202111240755220008499165:
3202111240755250009339930:
3202111240755290004942841:
3202111240755330003137991:
3202111240755360005264728:
3202111240755410008677829:
3202111240755440005262094:
3202111240755470008717268:
3202111240755500004164864:
3202111240755570004949833:
3202111240755590009327615:
3202111240756020005249720:
3202111240756040008502984:
3202111240756080004931925:
3202111240756110005272314:
3202111240756140007395592:
3202111240756170009308083:
3202111240756200005254706:
3202111240756220004604851:
3202111240756330008517323:
3202111240756420004998055:
3202111240756460008492549:
3202111240756520008691341:
3202111240756540004165753:
3202111240756570004970930:
3202111240757070009343384:
3202111240757080009339802:
3202111240757110005248596:
3202111240757150009336959:
3202111240757190005250566:
3202111240757220005268449:
3202111240757250008711249:
3202111240757270009324637:
3202111240757290004948289:
3202111240757310004928581:
3202111240757340009324879:
3202111240757380004968472:
3202111240757440009300590:
3202111240757460009342978:
3202111240757490004599828:
3202111240757560009234248:
3202111240757590009233695:
3202111240758000005006315:
3202111240758030008686117:
3202111240758050008699992:
3202111240758070008504091:
3202111240758110006041721:
3202111240758120003137967:
3202111240758190008498188:
3202111240758230004989794:
3202111240758390005262501:
3202111240758430004989657:
3202111240758450009252970:
3202111240758470008690203:
3202111240758500004940881:
3202111240758520005254423:
3202111240758540004966178:
3202111240758560005248876:
3202111240758580004980976:
3202111240759000004952229:
3202111240759030009226952:
3202111240759050009331842:
3202111240759070004965754:
3202111240759090005254419:
3202111240759130008697764:
3202111240759140005258486:
3202111240759180004162162:
3202111240759210004167849:
3202111240759220004999443:
3202111240759250009272418:
3202111240759270008499471:
3202111240759300004165756:
3202111240759350005252027:
3202111240759390005270075:
3202111240759460009343593:
3202111240759470005265851:
3202111240759590005269401:
3202111240800010004935794:
3202111240800080004975477:
3202111240800100004949239:
3202111240800120004990107:
3202111240800140004923548:
3202111240800170005252021:
3202111240800220003126147:
3202111240800310009354391:
3202111240800340005248660:
3202111240800470008703693:
3202111240801050009300618:
3202111240801480009286996:
3202111240802560009290264:
3202111240802590004969598:
3202111240812220004973825:
3202111240845000008503489:
3202111240848140004936149:
3202111241659590008514966:
3202111241706430004948289:
3202111241753320008503489:
3202111241905290008703693:
3202111241912560005265556:
3202111241951560008698121:
3202111241953100005262501:
3202111241957260008504041:
3202111241959080005008358:
3202111241959310004988205:
3202111241959340009323446:
3202111241959380005254537:
3202111241959420005265851:
3202111241959450004990107:
3202111241959520008499471:
3202111241959540005008358:
3202111241959560009354581:
3202111241959570004990107:
3202111241959590008499471:
3202111242000020009306586:
3202111242000040009346367:
3202111242000050004962972:
3202111242000060006023662:
3202111242000080006018008:
3202111242000100009306586:
3202111242000120009283931:
3202111242000140008687514:
3202111242000170004937930:
3202111242000190004162162:
3202111242000210005263967:
3202111242000230004965754:
3202111242000250008710216:
3202111242000260004947661:
3202111242000280004965754:
3202111242000290009252970:
3202111242000310004947661:
3202111242000330002851443:
3202111242000340009343149:
3202111242000360008498188:
3202111242000380005258217:
3202111242000390005252020:
3202111242000410004957118:
3202111242000430008693892:
3202111242000440008502189:
3202111242000460004980976:
3202111242000480005255676:
3202111242000490004980976:
3202111242000510005255676:
3202111242000520005250568:
3202111242000540009300618:
3202111242000550003137967:
3202111242000570005268443:
3202111242000590003137967:
3202111242001000009321321:
3202111242001020003132773:
3202111242001060009324637:
3202111242001070009272418:
3202111242001090005249720:
3202111242001110005262094:
3202111242001140004162430:
3202111242001160008711249:
3202111242001180009339802:
3202111242001190004162430:
3202111242001220005004742:
3202111242001250008714113:
3202111242001260005273785:
3202111242001280004949239:
3202111242001300004965170:
3202111242001320004966362:
3202111242001340009348776:
3202111242001350008693920:
3202111242001370008709488:
3202111242001390009233695:
3202111242001410004959868:
3202111242001430004161986:
3202111242001450005004322:
3202111242001470008689944:
3202111242001480006022158:
3202111242001510004973922:
3202111242001530005250567:
3202111242001540004045200:
3202111242001560005252022:
3202111242001580006028451:
3202111242002000008697764:
3202111242002020000424146:
3202111242002040008501288:
3202111242002060004929202:
3202111242002080004927539:
3202111242002090005265558:
3202111242002120008699992:
3202111242002150009343384:
3202111242002190009280051:
3202111242002360008492065:
3202111242002400009234240:
3202111242002450005011155:
3202111242002460009326626:
3202111242002500004930162:
3202111242002540008692290:
3202111242002560005270075:
3202111242003130004160309:
3202111242003150008688253:
3202111242003180008717268:
3202111242003290008688253:
3202111242003320009339144:
3202111242003410004966279:
3202111242003550009343593:
3202111242003570009230815:
3202111242003590004933136:
3202111242004110004604851:
3202111242004130004975069:
3202111242004270004974136:
3202111242004290008492549:
3202111242004310008677829:
3202111242004370008698795:
3202111242004550009326658:
3202111242005000008506766:
3202111242005160005252018:
3202111242005280004162428:
3202111242005310004987910:
3202111242005360009234248:
3202111242006100006021991:
3202111242006330004929235:
3202111242006390004998055:
3202111242006520009324879:
3202111242007210008494201:
3202111242007380008513325:
3202111242008280005266872:
3202111242009010005250566:
3202111242009300009286996:
3202111242009580005254542:
3202111242010260004161989:
3202111242010580004926955:
3202111242011440008499165:
3202111242020110004935107:
3202111242032560004928581:
3202111242100140004941508:
3202111242100180005250572:
3202111242102310004602277:
3202111242104400004949140:
3202111242104430005006315:
3202111242113300004929937:
3202111242127060008508441:
3202111242159170006041721:
3202111242159200008495468:
3202111242159440004965502:
3202111242159480009331842:
3202111242159500004993672:
3202111242159520009331842:
3202111242159530009342954:
3202111242159550005269401:
3202111242159560005248876:
3202111242159580009234458:
3202111242200000005263972:
3202111242200020008518736:
3202111242200040004993672:
3202111242200060008515502:
3202111242200080001099428:
3202111242200100005264920:
3202111242200120005252675:
3202111242200170008691341:
3202111242200190009348748:
3202111242200210005271891:
3202111242200260005263716:
3202111242200280009354349:
3202111242200310004931925:
3202111242200320003137991:
3202111242200340008679943:
3202111242200370008680900:
3202111242200380008503303:
3202111242200410005263924:
3202111242200430006042240:
3202111242200450005248661:
3202111242200470008711197:
3202111242200490004952471:
3202111242200510005250571:
3202111242200530009226952:
3202111242200550007407459:
3202111242200570005271892:
3202111242200580005249705:
3202111242201030008507829:
3202111242201040006015460:
3202111242201050004949833:
3202111242201070009339930:
3202111242201090008684967:
3202111242201110004599828:
3202111242201120009326438:
3202111242201140006031524:
3202111242201160005248458:
3202111242201180005258215:
3202111242201190008499556:
3202111242201210009336959:
3202111242201220008500889:
3202111242201240006028957:
3202111242201250009301802:
3202111242201270009295891:
3202111242201290004596344:
3202111242201320005252027:
3202111242201330009290264:
3202111242201350006024859:
3202111242201360008690203:
3202111242201380009308083:
3202111242201390008517323:
3202111242201410004975787:
3202111242201430005263714:
3202111242201460004928640:
3202111242201470006033000:
3202111242201490004970901:
3202111242201510009284157:
3202111242201520006030480:
3202111242201540008497634:
3202111242201550006039974:
3202111242201570005249704:
3202111242201580004923617:
3202111242202000005255416:
3202111242202020009286387:
3202111242202030004989794:
3202111242202050005011308:
3202111242202070004952229:
3202111242202090008498021:
3202111242202110005255713:
3202111242202130009348542:
3202111242202150005250569:
3202111242202170009352010:
3202111242202180005005263:
3202111242202200004969304:
3202111242202220006036336:
3202111242202240007396382:
3202111242202260006039016:
3202111242202280009309829:
3202111242202310009324572:
3202111242202330008506597:
3202111242202360004948881:
3202111242202450004951537:
3202111242203020005264728:
3202111242203080009354391:
3202111242203120005252076:
3202111242203140005258221:
3202111242203190004929645:
3202111242203270009274443:
3202111242203290008698315:
3202111242203330009254002:
3202111242203550005251014:
3202111242203590004158333:
3202111242204010004968592:
3202111242204560005248460:
3202111242205070004975255:
3202111242205300005254424:
3202111242206330008504091:
3202111242206360004930608:
3202111242206550005258470:
3202111242210110009300590:
3202111242210160005252029:
3202111242227010005252016:
3202111242227560004936149:
3202111242235440004988378:
3202111242300000005253080:
3202111242300180006039497:
3202111242300340008498988:
3202111242301070005271893:
3202111242301140004986942:
3202111242301190005268449:
3202111242302100008677773:
3202111242302120006039541:
3202111242302350008696388:
3202111242303360009354582:
3202111242303390004923548:
3202111242303400005252021:
3202111242303420005255674:
3202111242303470007418333:
3202111242303490004935794:
3202111242303510005263920:
3202111242303530004165753:
3202111242304010005248596:
3202111242304030008686117:
3202111242304050005248596:
3202111242304070004165753:
3202111242304410004968555:
3202111242306020005008846:
3202111242306300007395592:
3202111242322070004968472:
4202111240742130009285513:
4202111240742170009234486:
4202111240743090005254930:
4202111240744520005264545:
4202111240745510006015165:
4202111240747300007396382:
4202111240747330001087543:
4202111240747370007398203:
4202111240747550004981013:
4202111240748390004965482:
4202111240748440008504234:
4202111240749390008445656:
4202111240750280004962411:
4202111240750300008679170:
4202111240750330007407499:
4202111240750500008501835:
4202111240750550000424167:
4202111240751000004928616:
4202111240751040004161988:
4202111240751060005001511:
4202111240751080009339818:
4202111240751130004967900:
4202111240751180005267444:
4202111240751250005251015:
4202111240751280004974233:
4202111240751310009301802:
4202111240751380009339225:
4202111240751390008677903:
4202111240751420004605843:
4202111240751440004990686:
4202111240751460004160312:
4202111240752030008690224:
4202111240752040004965170:
4202111240752200008495426:
4202111240752220004159570:
4202111240752330009234249:
4202111240752480004958669:
4202111240753050005268443:
4202111240753060005008693:
4202111240753090009226391:
4202111240753160009342997:
4202111240753190006020192:
4202111240753220004927575:
4202111240753240005270174:
4202111240753360005252017:
4202111240753390009338161:
4202111240753410008695597:
4202111240753550008493340:
4202111240754090009324629:
4202111240754120004926757:
4202111240754160009305260:
4202111240754170005005802:
4202111240754220004989259:
4202111240754310009311280:
4202111240754340009339817:
4202111240754360008496149:
4202111240754380004996716:
4202111240754390008493092:
4202111240754410005004322:
4202111240754500008699709:
4202111240754550004162428:
4202111240754570009250787:
4202111240754580009324118:
4202111240755000004968761:
4202111240755020008511222:
4202111240755040005264521:
4202111240755080004936688:
4202111240755150004974727:
4202111240755180004952531:
4202111240755210009342143:
4202111240755230004948548:
4202111240755280004936293:
4202111240755290004953437:
4202111240755330005255714:
4202111240755340009346340:
4202111240755360004949437:
4202111240755370006025823:
4202111240755390004929419:
4202111240755400009226821:
4202111240755420009226817:
4202111240755430009253995:
4202111240755450004953650:
4202111240755580004931038:
4202111240756020005254710:
4202111240756030006036994:
4202111240756050004926919:
4202111240756070009333812:
4202111240756080004935638:
4202111240756100004167843:
4202111240756110009234457:
4202111240756140004162430:
4202111240756160005258213:
4202111240756200006022158:
4202111240756340009341742:
4202111240756420009236868:
4202111240756510006021988:
4202111240756530006027612:
4202111240756560006035802:
4202111240756580008494427:
4202111240757010007401131:
4202111240757060005252028:
4202111240757110004179142:
4202111240757130004941228:
4202111240757190008499706:
4202111240757210009346055:
4202111240757230009326600:
4202111240757250004045200:
4202111240757280008512783:
4202111240757300004957311:
4202111240757560009252994:
4202111240757570009341511:
4202111240757580006039974:
4202111240758000009295454:
4202111240758060008710875:
4202111240758080004953135:
4202111240758120009247696:
4202111240758140004967114:
4202111240758160009226797:
4202111240758180008708992:
4202111240758200004972892:
4202111240758210005248459:
4202111240758280004965343:
4202111240758380000431385:
4202111240758400005264311:
4202111240758420005258488:
4202111240758450009272187:
4202111240758480004979341:
4202111240758510008500493:
4202111240758520004936058:
4202111240758550004988966:
4202111240758560009246202:
4202111240758580006039129:
4202111240759010008509836:
4202111240759040009327620:
4202111240759060009324572:
4202111240759160006028799:
4202111240759170009287195:
4202111240759260004957855:
4202111240759300009342962:
4202111240759320004162434:
4202111240759360005270181:
4202111240759460005254421:
4202111240759490005264309:
4202111240759520008503089:
4202111240759540004169060:
4202111240759580009352010:
4202111240800020005005263:
4202111240800080004929270:
4202111240800100009346035:
4202111240800310009351768:
4202111240800390004929713:
4202111240800460004993409:
4202111240800550008495556:
4202111240801050004933960:
4202111240801120005251016:
4202111240801130005263971:
4202111240801150002851443:
4202111240801170005250927:
4202111240801250005270281:
4202111240802160004964545:
4202111240806220005263715:
4202111240807290008519041:
4202111240849140004921785:
4202111241700110004924676:
4202111241702090006027612:
4202111241705460004926919:
4202111241705480004951868:
4202111241901030005248602:
4202111241901200009253739:
4202111241901300009342978:
4202111241901460009234249:
4202111241902100005008693:
4202111241902360005252017:
4202111241902440004991542:
4202111241902570009246202:
4202111241903280009250787:
4202111241903360005007370:
4202111241903390009296645:
4202111241903400006020192:
4202111241903430004927575:
4202111241904130004965343:
4202111242000050004991241:
4202111242000140004929419:
4202111242000350005251015:
4202111242000370005267444:
4202111242000390008493092:
4202111242000410009252994:
4202111242000430009346055:
4202111242000451513631101:
4202111242000470004605843:
4202111242000500005255714:
4202111242000520004963073:
4202111242000530004159580:
4202111242000550005001511:
4202111242000560004993409:
4202111242000580006041875:
4202111242000590009253995:
4202111242001010005261060:
4202111242001030009346340:
4202111242001040004165756:
4202111242001060004167849:
4202111242001070008499706:
4202111242001110009343592:
4202111242001120005252024:
4202111242001190004957855:
4202111242001280009226433:
4202111242001420004953437:
4202111242001450005258478:
4202111242001470004929270:
4202111242001490009341511:
4202111242001560008710875:
4202111242002010004989657:
4202111242002030008506912:
4202111242002090009295454:
4202111242002110005252032:
4202111242002210004968761:
4202111242002270009325535:
4202111242002280008495556:
4202111242002300005264311:
4202111242002320005258488:
4202111242002330004988966:
4202111242002360009342997:
4202111242003440004964566:
4202111242003460009290271:
4202111242003480005010999:
4202111242003590005254715:
4202111242004310008496149:
4202111242004330004941228:
4202111242004410009232651:
4202111242004510004954665:
4202111242006070008445656:
4202111242007040004953788:
4202111242012370009292038:
4202111242012390005248459:
4202111242015200007401131:
4202111242015230005264521:
4202111242101010008716113:
4202111242105230006036994:
4202111242106300004948548:
4202111242106320005254706:
4202111242126280005254930:
4202111242158180004958669:
4202111242159000009324629:
4202111242159030007402498:
4202111242159040009254212:
4202111242159060006028799:
4202111242159080009234457:
4202111242159100004936058:
4202111242159110009342962:
4202111242159120005264309:
4202111242159150004596350:
4202111242159180009324118:
4202111242159200009339817:
4202111242159220005252070:
4202111242200030005264544:
4202111242200070004167843:
4202111242200090004159570:
4202111242200110005264544:
4202111242200140009346035:
4202111242200150009326600:
4202111242200170005263971:
4202111242200190004949437:
4202111242200200006035802:
4202111242200220005254707:
4202111242200240004989259:
4202111242200250004162160:
4202111242200270008699709:
4202111242200280004957311:
4202111242200300009226817:
4202111242200330005254421:
4202111242200350004964407:
4202111242200370004996716:
4202111242200390005254710:
4202111242200410005250927:
4202111242200420005270181:
4202111242200440006021988:
4202111242200450005001262:
4202111242200460005248457:
4202111242200480008494427:
4202111242200500004932608:
4202111242200510004981013:
4202111242200530004931038:
4202111242200550009287195:
4202111242200560008679170:
4202111242200580009341742:
4202111242201020004952531:
4202111242201040009305260:
4202111242201060008695597:
4202111242201070004967114:
4202111242201100004993934:
4202111242201170004169060:
4202111242201190008500493:
4202111242201210008493340:
4202111242201230004929713:
4202111242201260004974727:
4202111242201280004990686:
4202111242201310004981546:
4202111242201330004974727:
4202111242201370009236868:
4202111242201390009311280:
4202111242201400009230812:
4202111242201560004142027:
4202111242202010005251016:
4202111242202050009338161:
4202111242202110008502693:
4202111242202150006015165:
4202111242202170009226821:
4202111242202190004161988:
4202111242202230005264545:
4202111242202520004605847:
4202111242203060004953650:
4202111242203090004164864:
4202111242203140004974233:
4202111242203410006036876:
4202111242205180004179142:
4202111242208350004962411:
4202111242209040004928616:
4202111242216130008509836:
4202111242218360005272291:
4202111242218380008519041:
4202111242300250009351768:
4202111242305190006039129:
5202111240000010008702320:
5202111240000030009254229:
5202111240000050006022852:
5202111240000070004935186:
5202111240000100004954090:
5202111240000120008696894:
5202111240000140008676811:
5202111240000160008690529:
5202111240000180009276680:
5202111240000200008517932:
5202111240000260004972420:
5202111240000290009342959:
5202111240000320004946517:
5202111240000430004158139:
5202111240001030004947445:
5202111240003520008706494:
5202111240003540009326612:
5202111240006510004951177:
5202111240007050006030118:
5202111240007080004923454:
5202111240007130004158137:
5202111240008260004943327:
5202111240009480004949177:
5202111240009500009339524:
5202111240010300008500113:
5202111240013210009324076:
5202111240013230004966690:
5202111240018150004933649:
5202111240023310008508219:
5202111240023380008497463:
5202111240052140008512059:
5202111240052150004966050:
5202111240052190009300596:
5202111240052210008694944:
5202111240052230007402523:
5202111240052250004931193:
5202111240052280004995116:
5202111240052330007398914:
5202111240731410004998138:
5202111240731460004975531:
5202111240735250004974855:
5202111240737220007404782:
5202111240741430006032924:
5202111240742190009305457:
5202111240742210004989528:
5202111240742280004946775:
5202111240742430004993674:
5202111240743010009339273:
5202111240743040008494564:
5202111240743210005255711:
5202111240743520008698279:
5202111240744380005012946:
5202111240745400005272371:
5202111240746290004924019:
5202111240746430004967585:
5202111240746510004961022:
5202111240746560008499208:
5202111240746590004995938:
5202111240747020004957738:
5202111240747090005252073:
5202111240747110004966418:
5202111240747130004937390:
5202111240747340004950845:
5202111240747350009236809:
5202111240747380004930576:
5202111240748150008517932:
5202111240748220004994074:
5202111240749240004976589:
5202111240749270004162161:
5202111240749290004959001:
5202111240749420004989073:
5202111240749440009352009:
5202111240749480005259619:
5202111240749520004605846:
5202111240750040004967900:
5202111240750080004161988:
5202111240750130004990397:
5202111240750160004966690:
5202111240750340009282809:
5202111240750370004922969:
5202111240750390005266100:
5202111240750400004950937:
5202111240751010004961532:
5202111240751070004941773:
5202111240751110005254708:
5202111240751220009346170:
5202111240751240008509901:
5202111240751260004960782:
5202111240751280008516236:
5202111240751580006039506:
5202111240752000004605842:
5202111240752040009346362:
5202111240752050008503915:
5202111240752070006039493:
5202111240752100008503915:
5202111240752130004961404:
5202111240752160006018008:
5202111240752180004997873:
5202111240752200005255416:
5202111240752220008690529:
5202111240752240008696894:
5202111240752300004967073:
5202111240752320004602278:
5202111240752360004958069:
5202111240752480004968298:
5202111240752500005270003:
5202111240752530004930090:
5202111240753060004994575:
5202111240753100009233710:
5202111240753110004936419:
5202111240753130004997809:
5202111240753150009279709:
5202111240753160005254709:
5202111240753180008492776:
5202111240753210009230781:
5202111240753230004969726:
5202111240753250004957428:
5202111240753270004159571:
5202111240753310009296798:
5202111240753330004994314:
5202111240753340001079288:
5202111240753360008676811:
5202111240753480001108277:
5202111240753490004921536:
5202111240753530008699606:
5202111240753560009280491:
5202111240753580005258468:
5202111240754000008503171:
5202111240754030009254908:
5202111240754070004951445:
5202111240754090001083110:
5202111240754120004160314:
5202111240754140004980727:
5202111240754160007402500:
5202111240754190009347607:
5202111240754250004981830:
5202111240754360005251013:
5202111240754380004931257:
5202111240754400009340820:
5202111240754440008512216:
5202111240754510004946517:
5202111240754520006030142:
5202111240754550005006958:
5202111240754560007407739:
5202111240754580009346033:
5202111240755000004157441:
5202111240755010008692450:
5202111240755030009234480:
5202111240755050004972171:
5202111240755070004975166:
5202111240755080004966986:
5202111240755100005270002:
5202111240755110004927329:
5202111240755130004968194:
5202111240755140005004855:
5202111240755161513645885:
5202111240755180008510090:
5202111240755190009321334:
5202111240755210004167842:
5202111240755240004962761:
5202111240755260005258218:
5202111240755290009351308:
5202111240755300009335539:
5202111240755320004951477:
5202111240755340005264312:
5202111240755360009339219:
5202111240755390004934727:
5202111240755420005248880:
5202111240755440008718216:
5202111240755450008494613:
5202111240755470007401654:
5202111240755490004923454:
5202111240755560004165890:
5202111240755580004923454:
5202111240756040008492549:
5202111240756060004951489:
5202111240756080005252028:
5202111240756100004991584:
5202111240756110005263969:
5202111240756130003920040:
5202111240756150004934727:
5202111240756170004923016:
5202111240756190008516772:
5202111240756280008500113:
5202111240756310009321395:
5202111240756330009343592:
5202111240756340004967416:
5202111240756360004966903:
5202111240756370007402194:
5202111240756390005256328:
5202111240756410009252984:
5202111240756420005256125:
5202111240756450004972420:
5202111240756500008493366:
5202111240756530004159572:
5202111240756550006025812:
5202111240756570004987744:
5202111240757010008514966:
5202111240757030008496310:
5202111240757060008717926:
5202111240757100004988793:
5202111240757130004933902:
5202111240757140004937089:
5202111240757150006030130:
5202111240757170005266099:
5202111240757190008501795:
5202111240757230005255675:
5202111240757250009324076:
5202111240757260008701083:
5202111240757280008506766:
5202111240757300008494201:
5202111240757310004167851:
5202111240757330004965967:
5202111240757340004927939:
5202111240757360004167847:
5202111240757370004995654:
5202111240757390009351823:
5202111240757410008431645:
5202111240757430004958379:
5202111240757450005248458:
5202111240757460008515021:
5202111240757480006037287:
5202111240757500008498021:
5202111240757510005261578:
5202111240757530005261060:
5202111240757550008715839:
5202111240757560004998544:
5202111240757580003916932:
5202111240758000008508757:
5202111240758021513409863:
5202111240758040005268446:
5202111240758050006033090:
5202111240758070004957545:
5202111240758090009339524:
5202111240758100004158137:
5202111240758120004968100:
5202111240758140009276680:
5202111240758150004952229:
5202111240758170004965754:
5202111240758180008694659:
5202111240758200004165755:
5202111240758220004167846:
5202111240758230006018006:
5202111240758250005265555:
5202111240758260004949598:
5202111240758280004961221:
5202111240758290004938202:
5202111240758310005258486:
5202111240758330004951537:
5202111240758340009348542:
5202111240758360003892332:
5202111240758370009240533:
5202111240758390004924182:
5202111240758400004165756:
5202111240758420007411321:
5202111240758430009352010:
5202111240758450009272418:
5202111240758470008512059:
5202111240758490008499471:
5202111240758500009225494:
5202111240758520004961787:
5202111240758530006041875:
5202111240758550008513950:
5202111240758560004997608:
5202111240758580004989365:
5202111240758590009225481:
5202111240759010008702320:
5202111240759030004935794:
5202111240759040008695905:
5202111240759060008512859:
5202111240759080004961333:
5202111240759090009226440:
5202111240759100008497935:
5202111240759120004977027:
5202111240759130009342959:
5202111240759150008698315:
5202111240759170004992723:
5202111240759180008495468:
5202111240759200009226440:
5202111240759220004178213:
5202111240759240004966750:
5202111240759250004989670:
5202111240759270009354001:
5202111240759290005262048:
5202111240759300009354827:
5202111240759360006029988:
5202111240759380009286616:
5202111240759400009348543:
5202111240759410005006101:
5202111240759450004989232:
5202111240759480008495556:
5202111240759500005005056:
5202111240759510004993409:
5202111240759530005259621:
5202111240759540009282114:
5202111240759560004990401:
5202111240759580007412611:
5202111240800000004968555:
5202111240800010004932362:
5202111240800030008714113:
5202111240800040009232629:
5202111240800060004970901:
5202111240800080004930608:
5202111240800100008710216:
5202111240800120009354581:
5202111240800130007407459:
5202111240800150009339144:
5202111240800170005254540:
5202111240800180004967379:
5202111240800200005251016:
5202111240800220009321321:
5202111240800260009343567:
5202111240800280006039541:
5202111240800310008502189:
5202111240800330004158139:
5202111240800340005263923:
5202111240800360004990111:
5202111240800370004921905:
5202111240800390009339837:
5202111240800410004996445:
5202111240800430008502189:
5202111240800460004975255:
5202111240800480009346020:
5202111240800500006033720:
5202111240800570004951177:
5202111240801000009298223:
5202111240801030005272291:
5202111240801040008695330:
5202111240801060004966802:
5202111240801080006030118:
5202111240801090004965814:
5202111240801110009339834:
5202111240801130004966802:
5202111240801150009309829:
5202111240801160008692560:
5202111240801180009326612:
5202111240801200005263012:
5202111240801220008493750:
5202111240801340009339803:
5202111240801360009310954:
5202111240801380006036876:
5202111240801550009297056:
5202111240802050008709011:
5202111240802240004596343:
5202111240802260005264310:
5202111240802370009288913:
5202111240802500005270172:
5202111240802510004162431:
5202111240802550006042240:
5202111240803090004968004:
5202111240803120006041103:
5202111240803140006019315:
5202111240803160009226392:
5202111240803170005268445:
5202111240803300004963073:
5202111240803330009233697:
5202111240803470004951868:
5202111240803520009281814:
5202111240805060009294273:
5202111240805430007414082:
5202111240805480004964719:
5202111240807030009305197:
5202111240807070008498988:
5202111240812410007410385:
5202111240842350006016277:
5202111241518120009293535:
5202111241518140009254000:
5202111241626130008690529:
5202111241700140009279709:
5202111241700180004923454:
5202111241700220009276680:
5202111241700240009346170:
5202111241700260008509901:
5202111241700280009233710:
5202111241700290004157441:
5202111241700320004160311:
5202111241700330009351823:
5202111241700360004964719:
5202111241700370004972171:
5202111241700390008513950:
5202111241700420004959001:
5202111241700440004981830:
5202111241700470004995938:
5202111241700490004602278:
5202111241700510004990397:
5202111241700530009340824:
5202111241700550004968004:
5202111241700560004990397:
5202111241700580004992022:
5202111241701000004989232:
5202111241701010004167847:
5202111241701030005270002:
5202111241701040008494564:
5202111241701060006030142:
5202111241701090009282809:
5202111241701110009352009:
5202111241701180004162161:
5202111241701220009352009:
5202111241701240009225481:
5202111241701250004994074:
5202111241701280004922875:
5202111241701300004997873:
5202111241701310009226440:
5202111241701330005270003:
5202111241701350008515021:
5202111241701390004599825:
5202111241701480004975166:
5202111241701510008512216:
5202111241701550004997608:
5202111241701580005268445:
5202111241702010009340820:
5202111241702060004965967:
5202111241702090004957738:
5202111241702140004961404:
5202111241702170009321334:
5202111241702180008517932:
5202111241702210004989365:
5202111241702230004967585:
5202111241702250008510716:
5202111241702270008499208:
5202111241702290004990401:
5202111241702310009290365:
5202111241702330005258468:
5202111241702350004967416:
5202111241702360004961787:
5202111241702380009296798:
5202111241702390006039493:
5202111241702410005264310:
5202111241702430006039493:
5202111241702440001108277:
5202111241702450004951445:
5202111241702470004965814:
5202111241702480005006958:
5202111241702500007401654:
5202111241702520004966418:
5202111241702540005012946:
5202111241702560004968298:
5202111241702580004974855:
5202111241703000008697836:
5202111241703020004980727:
5202111241703060008493750:
5202111241703080009226826:
5202111241703120005006101:
5202111241703150008698279:
5202111241703180004930090:
5202111241703210005258216:
5202111241703230005259619:
5202111241703250008696238:
5202111241703270004936419:
5202111241703280008699606:
5202111241703340004966986:
5202111241703370004605842:
5202111241703420004922969:
5202111241703450004924182:
5202111241703510006025812:
5202111241703540004989528:
5202111241703560009234480:
5202111241703580009347607:
5202111241704070007402194:
5202111241704110004998138:
5202111241704140004993674:
5202111241704160004997809:
5202111241704180004946775:
5202111241704210006039969:
5202111241704220004966761:
5202111241704240009346362:
5202111241704260009230754:
5202111241704280004989073:
5202111241704320006041715:
5202111241704330007414082:
5202111241704370004975531:
5202111241704450004934727:
5202111241704480005272371:
5202111241704500008503915:
5202111241704530004934727:
5202111241704550008503915:
5202111241704570008676811:
5202111241705000004949177:
5202111241705010005255711:
5202111241705040004947445:
5202111241705060009354001:
5202111241705080008702320:
5202111241705100009342959:
5202111241705160004946517:
5202111241705170004954090:
5202111241705200004162433:
5202111241705220008494333:
5202111241705240009254229:
5202111241705260008696894:
5202111241705310008512059:
5202111241705330005268444:
5202111241705350008510090:
5202111241705370001079288:
5202111241705390004966903:
5202111241705400006022852:
5202111241705430008493286:
5202111241705440004937490:
5202111241705470006036993:
5202111241705510009342183:
5202111241706150004960782:
5202111241706370009346707:
5202111241706420009294273:
5202111241706440004972420:
5202111241708190004932362:
5202111241708210008694659:
5202111241708220009321395:
5202111241708240004924019:
5202111241708260004957545:
5202111241708280006030130:
5202111241708320008500312:
5202111241708330006030130:
5202111241708350006033090:
5202111241708360004987744:
5202111241708400009305457:
5202111241708420008516236:
5202111241708440008496310:
5202111241708450005254709:
5202111241708470004987744:
5202111241708490008493366:
5202111241708520004995654:
5202111241708540005266100:
5202111241708550004159572:
5202111241708580005256328:
5202111241709000004921536:
5202111241709030004947107:
5202111241709060009354401:
5202111241709080008503171:
5202111241709540004158139:
5202111241710110009225494:
5202111241710170008709011:
5202111241710180009225494:
5202111241710200006031525:
5202111241710220009252984:
5202111241710390009280491:
5202111241711050003920040:
5202111241713400009339219:
5202111241716200006009777:
5202111241722330004966690:
5202111241730300009339824:
5202111241731000005263012:
5202111241731040009297056:
5202111241731070009281814:
5202111241731170007410282:
5202111241733370009234486:
5202111241733440009285513:
5202111241735050006022855:
5202111241741080008497463:
5202111241741200008508219:
5202111241758570004943327:
5202111241800550004970930:
5202111241803230004161991:
5202111241803270004605846:
5202111241825500007410385:
5202111241856170004933649:
5202111241900000004167842:
5202111241900030004958379:
5202111241900150001083110:
5202111241901310008717926:
5202111241901530001087528:
5202111241902170008692450:
5202111241902200004935186:
5202111241902240005004855:
5202111241902300004969726:
5202111241902330004992723:
5202111241902440004927329:
5202111241902460004596343:
5202111241903071513645885:
5202111241903090009339273:
5202111241903120004950845:
5202111241903150007411321:
5202111241903170004160314:
5202111241903200007402500:
5202111241903290006032924:
5202111241903320008718216:
5202111241903340007407739:
5202111241903360009253997:
5202111241903380006037287:
5202111241903410004951489:
5202111241903430004937390:
5202111241904390004969384:
5202111241904410009339524:
5202111241904470009232378:
5202111241906260006029988:
5202111241906280004167848:
5202111241906450009236809:
5202111241906470009230781:
5202111241906490009226412:
5202111241906520009351308:
5202111241906540009226412:
5202111241906550004927727:
5202111241907100004158137:
5202111241908380004961221:
5202111241908430009326612:
5202111241908450008706494:
5202111241908460009324076:
5202111241909270004167850:
5202111241914120005254540:
5202111241917580008500113:
5202111241921290004953953:
5202111242000080009301551:
5202111242000240005248597:
5202111242000330008508757:
5202111242000370004165754:
5202111242000400004941773:
5202111242000430004986730:
5202111242000460009286616:
5202111242000480006021994:
5202111242000500004967073:
5202111242000530006018008:
5202111242000550008687514:
5202111242000570005272314:
5202111242001000004926646:
5202111242001020004965754:
5202111242001040004604857:
5202111242001060005248660:
5202111242001080009252970:
5202111242001110004936854:
5202111242001130002851443:
5202111242001150009343149:
5202111242001160008710216:
5202111242001180004962761:
5202111242001200005252020:
5202111242001220005005468:
5202111242001240008498188:
5202111242001260008502189:
5202111242001280009327615:
5202111242001350003132773:
5202111242001370004951177:
5202111242001380005268443:
5202111242001400004951177:
5202111242001420009324637:
5202111242001430009300618:
5202111242001450006039506:
5202111242001470004963073:
5202111242001500005270172:
5202111242001520004950937:
5202111242001550007404782:
5202111242002020009252946:
5202111242002040004934669:
5202111242002060004966750:
5202111242002080004165756:
5202111242002110008511510:
5202111242002130004165755:
5202111242002180004940881:
5202111242002490004953437:
5202111242002510008701274:
5202111242002530004927539:
5202111242002560004968208:
5202111242002580008494613:
5202111242003050005253081:
5202111242003120005268448:
5202111242003310004999443:
5202111242003340004988793:
5202111242004050004961022:
5202111242004070004988793:
5202111242004460004162431:
5202111242004490004996481:
5202111242005370005248880:
5202111242005390008510378:
5202111242007130004967606:
5202111242008570008502984:
5202111242009340004967296:
5202111242009360009253991:
5202111242010140007421690:
5202111242010170004604856:
5202111242010220009247696:
5202111242010280004957428:
5202111242010560004951477:
5202111242011320004938202:
5202111242011380004926955:
5202111242013240005012521:
5202111242014460004968394:
5202111242019410007421269:
5202111242021070009226392:
5202111242045360009346063:
5202111242050440004967312:
5202111242101560009232629:
5202111242200000005252072:
5202111242200030004993146:
5202111242200050006017488:
5202111242200070006039130:
5202111242200090004977027:
5202111242200110004966591:
5202111242200130008516772:
5202111242200140004986846:
5202111242200200005254536:
5202111242200240006022160:
5202111242200260005249706:
5202111242200280009292116:
5202111242200290008508290:
5202111242200310008512859:
5202111242200320004599830:
5202111242200340008492776:
5202111242200360005268686:
5202111242200380005254536:
5202111242200390004965502:
5202111242200410000431430:
5202111242200420005254539:
5202111242200440006016276:
5202111242200450004994314:
5202111242200470009254908:
5202111242200480006025807:
5202111242200500005268446:
5202111242200510004956498:
5202111242200530008695330:
5202111242200550009254207:
5202111242200560008695330:
5202111242200580004976407:
5202111242201000004942040:
5202111242201020008691341:
5202111242201040005267056:
5202111242201050005266099:
5202111242201070004972764:
5202111242201080004596345:
5202111242201100005264312:
5202111242201120009348748:
5202111242201140004990085:
5202111242201160004157151:
5202111242201170009288913:
5202111242201200008680900:
5202111242201220008431645:
5202111242201260004961644:
5202111242201280009278808:
5202111242201290009310954:
5202111242201310004979341:
5202111242201320004976589:
5202111242201340004969598:
5202111242201350005263968:
5202111242201400004949598:
5202111242201410005263919:
5202111242201430009335539:
5202111242201450004994575:
5202111242201480005262048:
5202111242201490005254423:
5202111242201510004964407:
5202111242201530004599828:
5202111242201570005248457:
5202111242201590005271892:
5202111242202010007407459:
5202111242202030009339828:
5202111242202050006033720:
5202111242202070009226952:
5202111242202110004931257:
5202111242202130007412611:
5202111242202150005254714:
5202111242202170006028957:
5202111242202190003892332:
5202111242202210009240533:
5202111242202220009351758:
5202111242202250009226447:
5202111242202260006030480:
5202111242202300004958069:
5202111242202320004970901:
5202111242202340005263714:
5202111242202370004165890:
5202111242202410004596344:
5202111242202440004928604:
5202111242202470005265555:
5202111242202490004952229:
5202111242203030004948585:
5202111242203060005270281:
5202111242203130007421743:
5202111242203210004961532:
5202111242203280004161988:
5202111242203320004968194:
5202111242203370009339834:
5202111242203410009348543:
5202111242203460004605847:
5202111242204040008690234:
5202111242204480006028797:
5202111242205030009339828:
5202111242205090009293911:
5202111242207060004157149:
5202111242212360004998544:
5202111242212400004596346:
5202111242217530008509836:
5202111242227260005252016:
5202111242304490008686117:
6202111240000450004947445:
6202111240730320004951327:
6202111240733250006031524:
6202111240734360004992307:
6202111240737400004965866:
6202111240738470004968173:
6202111240740380004946192:
6202111240741270004963921:
6202111240744090004596346:
6202111240744570008500401:
6202111240745330004942040:
6202111240746140008508441:
6202111240746440005262500:
6202111240746460005263968:
6202111240746500004158136:
6202111240746560004975690:
6202111240747090008708048:
6202111240747110005008853:
6202111240747130004961022:
6202111240747290005252073:
6202111240747320004159576:
6202111240748180008517056:
6202111240748280004967296:
6202111240748340004990979:
6202111240748500005012405:
6202111240748590004965502:
6202111240749080008499556:
6202111240749230004969132:
6202111240749420004976589:
6202111240749490004929408:
6202111240750160004928604:
6202111240750200004967900:
6202111240750240008499805:
6202111240750280006039510:
6202111240750300009287614:
6202111240750320005270000:
6202111240750350004998074:
6202111240750360004957118:
6202111240750410004965031:
6202111240750480004952169:
6202111240750510006030480:
6202111240750530004961644:
6202111240750580005250567:
6202111240751010009283931:
6202111240751050004596348:
6202111240751070004982680:
6202111240751100007402498:
6202111240751150007418333:
6202111240751170004961532:
6202111240751220005251014:
6202111240751240004961532:
6202111240751260004926646:
6202111240751310005005468:
6202111240751330004926646:
6202111240751370000431430:
6202111240751410005253081:
6202111240751460005269841:
6202111240751550005270173:
6202111240752190004981546:
6202111240752230004988378:
6202111240752250008690234:
6202111240752280005008846:
6202111240752300004953182:
6202111240752350005255416:
6202111240752370009283323:
6202111240752430009233704:
6202111240752450001114611:
6202111240752540009233704:
6202111240752550004958069:
6202111240752570008683421:
6202111240753060009241075:
6202111240753090005270005:
6202111240753110004604852:
6202111240753150004596345:
6202111240753180005006747:
6202111240753200004998194:
6202111240753220004605849:
6202111240753250009275492:
6202111240753270008508290:
6202111240753290005268686:
6202111240753320009325535:
6202111240753330004927539:
6202111240753360009346367:
6202111240753380009348776:
6202111240753390008492776:
6202111240753420005254542:
6202111240753450004159571:
6202111240753480005252675:
6202111240753540008492410:
6202111240753570004969304:
6202111240753590004947366:
6202111240754030004923159:
6202111240754070006016276:
6202111240754090004962972:
6202111240754110008689944:
6202111240754140005262498:
6202111240754150004159579:
6202111240754170004976000:
6202111240754190005264543:
6202111240754230009254908:
6202111240754250004599830:
6202111240754280004165891:
6202111240754380009252946:
6202111240754410004936685:
6202111240754450004998663:
6202111240754470005001068:
6202111240754490008702698:
6202111240754520005254537:
6202111240754550004932608:
6202111240754580005251013:
6202111240755010004993934:
6202111240755040004931257:
6202111240755050005267056:
6202111240755070004604856:
6202111240755090008677829:
6202111240755110005262499:
6202111240755120005264728:
6202111240755140004934669:
6202111240755180004164864:
6202111240755220009323446:
6202111240755240001087528:
6202111240755260004987731:
6202111240755280008506074:
6202111240755300009327615:
6202111240755330008497774:
6202111240755350005263977:
6202111240755370004968194:
6202111240755380005248661:
6202111240755410000424146:
6202111240755420005254712:
6202111240755440004605847:
6202111240755450005254706:
6202111240755470004605844:
6202111240755490009308083:
6202111240755510005005063:
6202111240755530005268447:
6202111240755550005264312:
6202111240755590004951477:
6202111240756010004932392:
6202111240756030008517323:
6202111240756050008494613:
6202111240756110005270001:
6202111240756150004160313:
6202111240756170005270006:
6202111240756230005255674:
6202111240756270005268450:
6202111240756330004948881:
6202111240756400005263970:
6202111240756440006037924:
6202111240756460005263970:
6202111240756500004602280:
6202111240756530002854367:
6202111240756550008693920:
6202111240756570008709488:
6202111240757010005265556:
6202111240757040005253082:
6202111240757060005252070:
6202111240757080005270004:
6202111240757100004159578:
6202111240757120009354349:
6202111240757130009342978:
6202111240757150004165754:
6202111240757170005272290:
6202111240757180004596347:
6202111240757200004987910:
6202111240757220004988079:
6202111240757230004922029:
6202111240757250003137754:
6202111240757270009233695:
6202111240757290005006315:
6202111240757300008507829:
6202111240757320004988793:
6202111240757340009343174:
6202111240757360008504091:
6202111240757390008699992:
6202111240757440005248878:
6202111240757450004159580:
6202111240757470009326658:
6202111240757480005252022:
6202111240757500004167851:
6202111240757510009286387:
6202111240757540004989794:
6202111240757560004962579:
6202111240757580009292116:
6202111240758010004604854:
6202111240758030008431645:
6202111240758050005258214:
6202111240758080008498021:
6202111240758100004923771:
6202111240758120004160308:
6202111240758140004167852:
6202111240758170004998544:
6202111240758200005012741:
6202111240758220008693892:
6202111240758240008511510:
6202111240758260009324605:
6202111240758280006025807:
6202111240758290005010841:
6202111240758310009331842:
6202111240758330004161990:
6202111240758350004989524:
6202111240758370006033000:
6202111240758390006021994:
6202111240758410005263924:
6202111240758430006018006:
6202111240758450004949598:
6202111240758470004161985:
6202111240758490004157149:
6202111240758510009278808:
6202111240758530004167849:
6202111240758560005265555:
6202111240758580009240533:
6202111240759000003892332:
6202111240759020008515502:
6202111240759040009254212:
6202111240759050004928175:
6202111240759070004928833:
6202111240759080005254716:
6202111240759100009343593:
6202111240759130004951537:
6202111240759140005006239:
6202111240759160004966362:
6202111240759180009339792:
6202111240759200004997277:
6202111240759220004956498:
6202111240759250005263975:
6202111240759290004975477:
6202111240759310004975841:
6202111240759320004977027:
6202111240759340008698315:
6202111240759360008495468:
6202111240759380008497935:
6202111240759420009354582:
6202111240759440004937930:
6202111240759470004996986:
6202111240759490005263920:
6202111240759500004989670:
6202111240759520004929713:
6202111240759530005263716:
6202111240759550009348748:
6202111240759570005262048:
6202111240759590004178213:
6202111240800010006015460:
6202111240800030009348543:
6202111240800050005264727:
6202111240800110005273786:
6202111240800130005259621:
6202111240800150004953788:
6202111240800180004927727:
6202111240800200007412611:
6202111240800210004929235:
6202111240800240004602281:
6202111240800250008714113:
6202111240800290009322590:
6202111240800300009339144:
6202111240800530005009021:
6202111240801080006033720:
6202111240801250006026834:
6202111240801280004935629:
6202111240801300004989820:
6202111240801410006023662:
6202111240803000005250569:
6202111240803070005270172:
6202111240803110004162431:
6202111240803480005262497:
6202111240803540007409900:
6202111240804370009309504:
6202111240805070004158135:
6202111240807470004923617:
6202111240811020008506597:
6202111240820070009274874:
6202111240834410005259620:
6202111240835560004985960:
6202111240842310005262496:
6202111240945170009279594:
6202111241703020008696238:
6202111241707030004987731:
6202111241900010006026834:
6202111241900220002854367:
6202111241900510005248878:
6202111241901010004929408:
6202111241901030004596347:
6202111241901090005264721:
6202111241901140004159578:
6202111241901170005262499:
6202111241901190004159579:
6202111241901210004159571:
6202111241901290005270000:
6202111241901310004990979:
6202111241901330004160308:
6202111241901340004165891:
6202111241901360001087528:
6202111241901380005262498:
6202111241901590005270004:
6202111241902030005262500:
6202111241902110005270001:
6202111241902270005263969:
6202111241902460004167852:
6202111241902590005010841:
6202111241903130008697063:
6202111241903170005270173:
6202111241903270009232653:
6202111241903300009233704:
6202111241903350008517056:
6202111241903380009282114:
6202111241904090008499149:
6202111241904150005268450:
6202111241904170004160313:
6202111241904190008695905:
6202111241904210008501795:
6202111241904220008517056:
6202111241904300004928175:
6202111241904570004989524:
6202111241905020004921905:
6202111241905060005254540:
6202111241905120005254712:
6202111241906120004927120:
6202111241906230004968886:
6202111241906310004927727:
6202111241906350004927029:
6202111241906500004966490:
6202111241907000006039510:
6202111241907120004928389:
6202111241924510004967806:
6202111241930120004942039:
6202111241959050006032999:
6202111241959460004988205:
6202111241959540004161990:
6202111241959570005254537:
6202111242000020005248597:
6202111242000050008497774:
6202111242000070004988079:
6202111242000100004936854:
6202111242000140004165754:
6202111242000190004158135:
6202111242000210005273787:
6202111242000220004933902:
6202111242000240004161985:
6202111242000260005263975:
6202111242000270005268447:
6202111242000290004945980:
6202111242000300006023662:
6202111242000320004604854:
6202111242000330006018008:
6202111242000350005012405:
6202111242000360009306586:
6202111242000390004926646:
6202111242000410004936557:
6202111242000430009283931:
6202111242000450004599827:
6202111242000470004162162:
6202111242000490004962761:
6202111242000500005259621:
6202111242000520008692117:
6202111242000540005005468:
6202111242000550004602280:
6202111242000570009327615:
6202111242000580005259621:
6202111242001000004946192:
6202111242001010008499805:
6202111242001030008709393:
6202111242001050004987532:
6202111242001070001114611:
6202111242001110004957118:
6202111242001120004952169:
6202111242001140005250568:
6202111242001160004159576:
6202111242001180005263970:
6202111242001190005268443:
6202111242001210005263970:
6202111242001220004952169:
6202111242001240005006747:
6202111242001280004990111:
6202111242001290005270172:
6202111242001310004953182:
6202111242001340004934669:
6202111242001360007404782:
6202111242001390009252946:
6202111242001420004935629:
6202111242001440004998194:
6202111242001460004967379:
6202111242001480008511510:
6202111242001490004167846:
6202111242001510004989670:
6202111242001530005256125:
6202111242001550008506074:
6202111242001580005273786:
6202111242002000009233695:
6202111242002020004959868:
6202111242002040004159580:
6202111242002060005008853:
6202111242002070008689944:
6202111242002090005258214:
6202111242002120004975690:
6202111242002140004923016:
6202111242002160004159573:
6202111242002190009339837:
6202111242002210004996445:
6202111242002220004929202:
6202111242002240005250567:
6202111242002321513409863:
6202111242002370008699992:
6202111242002390008494613:
6202111242002450005253081:
6202111242002550005009021:
6202111242003070005254716:
6202111242003150008683421:
6202111242003230004997277:
6202111242003250004935891:
6202111242003270004965866:
6202111242003300008501482:
6202111242003470004961022:
6202111242003570009339144:
6202111242004000008497935:
6202111242004020004937089:
6202111242004140009343593:
6202111242004180004933136:
6202111242004260004162431:
6202111242004300004922029:
6202111242004430008492549:
6202111242005020004975069:
6202111242005160005248880:
6202111242005180008506766:
6202111242005350005005063:
6202111242005480004162428:
6202111242005580005270174:
6202111242007090004998055:
6202111242007160004989502:
6202111242007490008698044:
6202111242008410008502984:
6202111242008450004982680:
6202111242009150004967296:
6202111242010010004604856:
6202111242010350004951477:
6202111242011120004938202:
6202111242012120005272290:
6202111242018590007421269:
6202111242025230009309504:
6202111242026300004992307:
6202111242026530006041103:
6202111242027040008494092:
6202111242032420007407502:
6202111242032440006019315:
6202111242032460004939835:
6202111242032480005264720:
6202111242050290004967312:
6202111242059260006014349:
6202111242059310009274874:
6202111242100000004975841:
6202111242100320004941508:
6202111242101160008713215:
6202111242101210008500401:
6202111242101290009232629:
6202111242103390005252073:
6202111242105160005006315:
6202111242105180004949140:
6202111242109180005261061:
6202111242112270004989820:
6202111242114000004599832:
6202111242114180005259620:
6202111242120440004982114:
6202111242125200004951627:
6202111242125300008703345:
6202111242134120009305197:
6202111242142380004923771:
6202111242159010008702698:
6202111242159240008692560:
6202111242159270005265555:
6202111242159290004977027:
6202111242159300009292116:
6202111242159320005270005:
6202111242159340005269841:
6202111242159360005006239:
6202111242159380005249706:
6202111242159400004599830:
6202111242159420006018006:
6202111242159440004167851:
6202111242159460004157151:
6202111242159480007409900:
6202111242159510005254539:
6202111242159530000431430:
6202111242200000008508290:
6202111242200010009276489:
6202111242200040006016276:
6202111242200050004965502:
6202111242200070005268686:
6202111242200080004929016:
6202111242200100004968100:
6202111242200110008492776:
6202111242200130004178213:
6202111242200140004932392:
6202111242200160009254908:
6202111242200170004942040:
6202111242200190005251013:
6202111242200200004605852:
6202111242200220004956498:
6202111242200240004928833:
6202111242200250004963921:
6202111242200320005263968:
6202111242200330005266099:
6202111242200350005263968:
6202111242200370004963921:
6202111242200390004976407:
6202111242200400005264312:
6202111242200420005254708:
6202111242200440004596345:
6202111242200450004976000:
6202111242200500008496367:
6202111242200520004996986:
6202111242200540004602281:
6202111242200560008431645:
6202111242200580004158136:
6202111242200590005272292:
6202111242201010004965031:
6202111242201020005270182:
6202111242201040004962579:
6202111242201050009310954:
6202111242201070004961644:
6202111242201080009278808:
6202111242201100004979341:
6202111242201120004952471:
6202111242201130004976589:
6202111242201160004949598:
6202111242201190006037924:
6202111242201210005270006:
6202111242201230007407459:
6202111242201250005262048:
6202111242201300008507829:
6202111242201320009322590:
6202111242201330005249705:
6202111242201350004605849:
6202111242201360006015460:
6202111242201380004604852:
6202111242201400006033720:
6202111242201420009240533:
6202111242201440008499556:
6202111242201460004969132:
6202111242201500003892332:
6202111242201510007412611:
6202111242201530004931257:
6202111242201550003892332:
6202111242201560007419049:
6202111242201580005253082:
6202111242202010009346033:
6202111242202020009290264:
6202111242202050008517323:
6202111242202060009308083:
6202111242202080008492480:
6202111242202090004958069:
6202111242202110004991584:
6202111242202130004165890:
6202111242202150004596344:
6202111242202170006039974:
6202111242202190004928604:
6202111242202210009322602:
6202111242202230008497634:
6202111242202250005249704:
6202111242202270005255416:
6202111242202280005011308:
6202111242202310008498021:
6202111242202320004923617:
6202111242202340005255713:
6202111242202370004989794:
6202111242202380004969304:
6202111242202400009287614:
6202111242202420004948585:
6202111242202440005270281:
6202111242202450006036336:
6202111242202470007396382:
6202111242202480009287614:
6202111242202500004952773:
6202111242202520005261578:
6202111242202540007398203:
6202111242202580004961532:
6202111242203020004948881:
6202111242203050004951537:
6202111242203110004596348:
6202111242203130004968194:
6202111242203210005264728:
6202111242203230004930576:
6202111242203240009348543:
6202111242203440007421210:
6202111242203460008690234:
6202111242203540008698315:
6202111242204410004961333:
6202111242205220004975255:
6202111242206480004157149:
6202111242206550008504091:
6202111242210500005252026:
6202111242210540005270073:
6202111242210580005252026:
6202111242211000009241075:
6202111242211050005255675:
6202111242212170004998544:
6202111242212200004605851:
6202111242212220004596346:
6202111242213200004936685:
6202111242213270004998663:
6202111242213340009339211:
6202111242213410009298223:
6202111242213450004951327:
6202111242215480004599829:
6202111242300280004942841:
6202111242304100005263920:
6202111242304320004165753:
6202111242306210005008846:
6202111242306530007395592:
8202111240745130005264545:
8202111240746100006015165:
8202111240746550008511681:
8202111240747490007396382:
8202111240747560001087543:
8202111240749050008504234:
8202111240749460008500626:
8202111240750100008445656:
8202111240750500008679170:
8202111240750540007407499:
8202111240751250005001511:
8202111240751460009301802:
8202111240751490005267444:
8202111240751540004974233:
8202111240752050004990686:
8202111240752060004605843:
8202111240752270006036504:
8202111240752290006028960:
8202111240752310008690224:
8202111240752340009296645:
8202111240752570009234249:
8202111240753020009273291:
8202111240753110004991542:
8202111240753230005268443:
8202111240753240005008693:
8202111240753540006020192:
8202111240753570004927575:
8202111240754020005252017:
8202111240754350009305260:
8202111240754410004989259:
8202111240754570009311280:
8202111240754590004996716:
8202111240755010008493092:
8202111240755040005004322:
8202111240755170004162428:
8202111240755210009250787:
8202111240755230004968761:
8202111240755340004974727:
8202111240755400004952531:
8202111240755500004946812:
8202111240755520009346340:
8202111240755560004953437:
8202111240755570005255714:
8202111240755590004949437:
8202111240756000008716113:
8202111240756020009226821:
8202111240756040003126360:
8202111240756160004931038:
8202111240756200004926919:
8202111240756420006022158:
8202111240757030009236868:
8202111240757050004602279:
8202111240757150009341742:
8202111240757190006027612:
8202111240757320004941228:
8202111240757360009346055:
8202111240757380008499706:
8202111240757440009326600:
8202111240757480008512783:
8202111240757570004957311:
8202111240758100009252994:
8202111240758150009341511:
8202111240758260004967114:
8202111240758280008710875:
8202111240758330005258478:
8202111240758490004965343:
8202111240759000000431385:
8202111240759070005264311:
8202111240759090005258488:
8202111240759340009327620:
8202111240759380006028799:
8202111240759390009287195:
8202111240759590005270181:
8202111240800020005254421:
8202111240800270004929270:
8202111240801100005252024:
8202111240801270009254000:
8202111240801310005263971:
8202111240801390005250927:
8202111240858450005248602:
8202111241658590009333812:
8202111241701400006027612:
8202111241705180004926919:
8202111241900330005248602:
8202111241901030009342978:
8202111241901220009234249:
8202111241901340000431385:
8202111241901360008504234:
8202111241901390005008693:
8202111241902110009339821:
8202111241902160005252017:
8202111241902210004991542:
8202111241902230009354827:
8202111241902370009246202:
8202111241902560006036504:
8202111241903010009250787:
8202111241903040009339818:
8202111241903070006020192:
8202111241903090004927575:
8202111241903110009296645:
8202111241903130005007370:
8202111241903510004965343:
8202111241905070004946812:
8202111242000000008495426:
8202111242000020005005802:
8202111242000030004927939:
8202111242000060008493092:
8202111242000080005251015:
8202111242000100009252994:
8202111242000110004162434:
8202111242000130004936688:
8202111242000150004936293:
8202111242000170009226433:
8202111242000190004605843:
8202111242000220009272187:
8202111242000240004972892:
8202111242000260005255714:
8202111242000270008511222:
8202111242000290006041875:
8202111242000310005001511:
8202111242000330009346340:
8202111242000350004165756:
8202111242000370009253995:
8202111242000390004167849:
8202111242000430008499706:
8202111242000450005252024:
8202111242000480009343592:
8202111242000530004957855:
8202111242001010004935638:
8202111242001130005258478:
8202111242001170005012741:
8202111242001190006028960:
8202111242001210009273291:
8202111242001220004929270:
8202111242001240001087543:
8202111242001260009273291:
8202111242001280009342143:
8202111242001290005258213:
8202111242001310008710875:
8202111242001360008506912:
8202111242001410004989657:
8202111242001480008495556:
8202111242001550007407499:
8202111242001570005258488:
8202111242001590005264311:
8202111242002000009346020:
8202111242002020004968761:
8202111242002040004988966:
8202111242002060009325535:
8202111242002320004999443:
8202111242002330008680442:
8202111242002370008512783:
8202111242002440009226391:
8202111242003050009290271:
8202111242003160005010999:
8202111242003220008690224:
8202111242003260005254715:
8202111242004130008496149:
8202111242004150004941228:
8202111242004270004991528:
8202111242010180004926757:
8202111242012080009292038:
8202111242012140008708992:
8202111242053500005004848:
8202111242100090004965482:
8202111242100470008716113:
8202111242105530004948548:
8202111242105550005254706:
8202111242125110008503089:
8202111242133450004160312:
8202111242157500004964545:
8202111242158490009342962:
8202111242159360009326600:
8202111242159380005254707:
8202111242159400004949437:
8202111242159410005254707:
8202111242159440005263971:
8202111242159490004989259:
8202111242200010006021988:
8202111242200030005254421:
8202111242200040005270181:
8202111242200060004957311:
8202111242200080004931038:
8202111242200090005254710:
8202111242200110008500626:
8202111242200130004981013:
8202111242200140009287195:
8202111242200150000424167:
8202111242200170004932608:
8202111242200190005001262:
8202111242200210008679170:
8202111242200220009339792:
8202111242200240009324605:
8202111242200250004953135:
8202111242200270009341742:
8202111242200290004952531:
8202111242200320009305260:
8202111242200390004967114:
8202111242200400009283323:
8202111242200420008511681:
8202111242200460004169060:
8202111242200480008500493:
8202111242200490009226797:
8202111242200510004929713:
8202111242200530004974727:
8202111242201010004981546:
8202111242201050004990686:
8202111242201060008501835:
8202111242201090009236868:
8202111242201100009230812:
8202111242201130009311280:
8202111242201180007402196:
8202111242201200003126360:
8202111242201250008715839:
8202111242201280006030145:
8202111242201420008502693:
8202111242201570009226821:
8202111242202050005264545:
8202111242202100005004848:
8202111242202440004953650:
8202111242202460004164864:
8202111242202480009281928:
8202111242202520004974233:
8202111242205040005254534:
8202111242208120004962411:
8202111242215300005248456:
8202111242257080004602279:
