2202110230708470008503198:
2202110230721210009254926:
2202110230730140009326438:
2202110230730230006036321:
2202110230749180005255715:
2202110230749190004957428:
2202110230749220008506907:
2202110230749230004981261:
2202110230749250006022852:
2202110230749270009254229:
2202110230749280004935186:
2202110230749300004966802:
2202110230749310005270839:
2202110230749330006021875:
2202110230749340008681883:
2202110230749370006032924:
2202110230749380008681883:
2202110230749400009236809:
2202110230749420009226393:
2202110230749440004960782:
2202110230749460004924346:
2202110230749480004997665:
2202110230749490009246193:
2202110230749530004950845:
2202110230749550008497657:
2202110230749580008509901:
2202110230750000005255716:
2202110230750020009307295:
2202110230750040008698044:
2202110230750060009283296:
2202110230750070008497276:
2202110230750090004972767:
2202110230750100004964719:
2202110230750120004945686:
2202110230750140005270840:
2202110230750160004961787:
2202110230750190006751664:
2202110230750210004940674:
2202110230750220004968394:
2202110230750240007402523:
2202110230750260009297569:
2202110230750280009300596:
2202110230750290008512059:
2202110230750320004928366:
2202110230750340004980727:
2202110230750370008429638:
2202110230750390004967967:
2202110230750410001079288:
2202110230750430009226826:
2202110230750450009226393:
2202110230750480004963659:
2202110230751000004966449:
2202110230751050006030135:
2202110230751140004954665:
2202110230751160004991528:
2202110230751180004992439:
2202110230751200000431412:
2202110230751210004998401:
2202110230751230004997873:
2202110230751250007421743:
2202110230751270004929016:
2202110230751310004968467:
2202110230751350005254710:
2202110230751390004929423:
2202110230751500005254538:
2202110230751530001079879:
2202110230752030007418333:
2202110230752050008709369:
2202110230752070004929202:
2202110230752120008680789:
2202110230752150006016275:
2202110230752170004950728:
2202110230752230009307295:
2202110230752240004992022:
2202110230752260009340824:
2202110230752280004949177:
2202110230752310004967416:
2202110230752350004989232:
2202110230752590004947963:
2202110230753010008424093:
2202110230753030006022439:
2202110230753060008492776:
2202110230753080009294273:
2202110230753090005252019:
2202110230753110008509836:
2202110230753120006039497:
2202110230753140006016090:
2202110230753180006036321:
2202110230753210006039497:
2202110230753300005264548:
2202110230753400009314286:
2202110230753430008694944:
2202110230753440009293911:
2202110230753470004993146:
2202110230753500009339828:
2202110230753520008505663:
2202110230753580007402512:
2202110230754010008512859:
2202110230754080006036993:
2202110230754110009276908:
2202110230754140004921669:
2202110230754150009341030:
2202110230754180005264544:
2202110230754190004921669:
2202110230754220009346038:
2202110230754240009326618:
2202110230754260005254539:
2202110230754290008709061:
2202110230754320009226447:
2202110230754340009301802:
2202110230754370009252984:
2202110230754420008701083:
2202110230754430007407459:
2202110230754450004995116:
2202110230754490005006528:
2202110230754510004991584:
2202110230754560004970618:
2202110230754590005255708:
2202110230755010004961221:
2202110230755040004954090:
2202110230755060008500889:
2202110230755080009290365:
2202110230755100004975875:
2202110230755130006033001:
2202110230755210004986846:
2202110230755250009288913:
2202110230755270009226412:
2202110230755310005254714:
2202110230755330009321334:
2202110230755380008492705:
2202110230755390004968004:
2202110230755410009283164:
2202110230755460007421690:
2202110230755480008493286:
2202110230755510003916932:
2202110230755540004935891:
2202110230755570008707911:
2202110230756000004928175:
2202110230756020004930389:
2202110230756050004933902:
2202110230756060004924676:
2202110230756100009326645:
2202110230756120009352010:
2202110230756160008499471:
2202110230756180009253846:
2202110230756210004931701:
2202110230756230009254207:
2202110230756250004990953:
2202110230756270004935107:
2202110230756280004921380:
2202110230756300004931193:
2202110230756330007402482:
2202110230756340009348542:
2202110230756360004966591:
2202110230756370009339824:
2202110230756390009313676:
2202110230756420004968555:
2202110230756430004947698:
2202110230756460004951928:
2202110230756480009232653:
2202110230756520004967806:
2202110230756550008707832:
2202110230756570005249719:
2202110230756590007415195:
2202110230757020004945980:
2202110230757040009232629:
2202110230757060009243147:
2202110230757090006041721:
2202110230757110009286624:
2202110230757120005005672:
2202110230757140004996481:
2202110230757150004991554:
2202110230757170009234089:
2202110230757190004948585:
2202110230757210004929491:
2202110230757230005254706:
2202110230757250002851478:
2202110230757270004949695:
2202110230757280004992875:
2202110230757300004967879:
2202110230757310009301551:
2202110230757330008698795:
2202110230757350009297664:
2202110230757370005006768:
2202110230757390008495972:
2202110230757410004968716:
2202110230757430009337903:
2202110230757450008696388:
2202110230757470006042240:
2202110230757490006019428:
2202110230757500009292038:
2202110230757520009302534:
2202110230757540008495556:
2202110230757550006032999:
2202110230757570004949598:
2202110230757580004927029:
2202110230758000005254716:
2202110230758020004966178:
2202110230758030004970901:
2202110230758050009275335:
2202110230758060006022003:
2202110230758080005254536:
2202110230758090008502693:
2202110230758120004996923:
2202110230758130004968178:
2202110230758150008506912:
2202110230758190008686663:
2202110230758210002851465:
2202110230758290006031526:
2202110230758320009339524:
2202110230758330008688253:
2202110230758360004929235:
2202110230758380004941508:
2202110230758410003918790:
2202110230758420004966903:
2202110230758440009339144:
2202110230758470006020192:
2202110230758490004969384:
2202110230758510004961333:
2202110230758520008702320:
2202110230758540008497935:
2202110230758550005252032:
2202110230758570008497463:
2202110230758580009232378:
2202110230759010004963091:
2202110230759020008701527:
2202110230759040006036505:
2202110230759060004964566:
2202110230759130004975565:
2202110230759170006041715:
2202110230759200007402467:
2202110230759240005252027:
2202110230759260009290271:
2202110230759280009344566:
2202110230759300006028797:
2202110230759320005012741:
2202110230759340006026834:
2202110230759360004958379:
2202110230759380008495616:
2202110230759400007421269:
2202110230759420009322682:
2202110230759440004967900:
2202110230759460004973825:
2202110230759480009351823:
2202110230759500008500493:
2202110230759510008492480:
2202110230759530004947445:
2202110230759550009330833:
2202110230759570009290264:
2202110230759580007409900:
2202110230800000009279481:
2202110230800020005008693:
2202110230800030007421210:
2202110230800050004967312:
2202110230800060004936557:
2202110230800080004957235:
2202110230800100008494333:
2202110230800110006017488:
2202110230800130004969598:
2202110230800150008516420:
2202110230800200008500312:
2202110230800220005254715:
2202110230800250004991241:
2202110230800270004976407:
2202110230800290008501482:
2202110230800330004939835:
2202110230800340007419049:
2202110230800360004968886:
2202110230800370004930162:
2202110230800390006020195:
2202110230800400005262048:
2202110230800420004968250:
2202110230800430004962723:
2202110230800480005004848:
2202110230800580004923617:
2202110230801000006042873:
2202110230801030009254002:
2202110230801060005272807:
2202110230801080009253997:
2202110230801100006029988:
2202110230801120009343567:
2202110230801140008696238:
2202110230801150005265555:
2202110230801170009253991:
2202110230801200004948851:
2202110230801240008713215:
2202110230801270006021991:
2202110230801290006029990:
2202110230801310004951477:
2202110230801330008499149:
2202110230801350008695905:
2202110230801360008516772:
2202110230801380004939835:
2202110230801400006031525:
2202110230801440009307388:
2202110230801500004966106:
2202110230801550004950131:
2202110230802130004936413:
2202110230802220009274443:
2202110230802250009232631:
2202110230802280009254000:
2202110230802330009324604:
2202110230802360009309829:
2202110230803130009276489:
2202110230803170009336990:
2202110230803410005252020:
2202110230803450009346020:
2202110230804350006039993:
2202110230804440005254534:
2202110230804470009226392:
2202110230805040006027540:
2202110230805070004973075:
2202110230805090008510378:
2202110230805110004967606:
2202110230805340007422489:
2202110230805560008494092:
2202110230805580008494964:
2202110230806230008677773:
2202110230806260009300590:
2202110230806380006041103:
2202110230806540008712416:
2202110230807220007407502:
2202110230807530005252016:
2202110230807550005252076:
2202110230808000006024859:
2202110230809050008502364:
2202110230810110008498988:
2202110230814110005248603:
2202110230814300009282101:
2202110230817140008515578:
2202110230825560006042277:
2202110230826500008703345:
2202110230842570009310727:
2202110230907500009290471:
2202110230907530009290471:
2202110231432580009279728:
2202110231659550006019428:
2202110231700110008707832:
2202110231701180009226392:
2202110231704140004923159:
2202110231705270008694944:
2202110231705370008512059:
2202110231706010008696894:
2202110231706020004995116:
2202110231706060009300596:
2202110231706070006751664:
2202110231706170004966050:
2202110231707320007398914:
2202110231705320005004848:
2202110231759300008712416:
2202110231816000009339824:
2202110231846150004985430:
2202110231857540004921669:
2202110231900010002851478:
2202110231900110007415195:
2202110231902070009275624:
2202110231902440004958165:
2202110231903280007404782:
2202110231903310004968261:
2202110231909060004954665:
2202110231909100009297664:
2202110231909250006030135:
2202110231909270008492705:
2202110231909310004970618:
2202110231909590007421743:
2202110231913270009275335:
2202110231914420008517932:
2202110231914460004967416:
2202110231904110009254000:
2202110231900090008510378:
2202110231957510008698044:
2202110231958420009236810:
2202110231959360007402482:
2202110231959510004966802:
2202110232000000006021875:
2202110232000020004972767:
2202110232000040004945686:
2202110232000120008497276:
2202110232000440004921380:
2202110232000530009301551:
2202110232000550004921380:
2202110232001090005005672:
2202110232001150000431412:
2202110232001200004924346:
2202110232001220000431412:
2202110232001240008429638:
2202110232001260004967967:
2202110232001290009314286:
2202110232001320009283296:
2202110232001340004967967:
2202110232001350009276908:
2202110232001370005272807:
2202110232001400004992439:
2202110232001440005270839:
2202110232001550009297569:
2202110232001590004967967:
2202110232002060009346038:
2202110232002190004963659:
2202110232003050009307295:
2202110232003070004940674:
2202110232003090009326618:
2202110232003110004992022:
2202110232003120009246193:
2202110232003140004968004:
2202110232003150009246193:
2202110232003190004930389:
2202110232003290004997665:
2202110232003350005252019:
2202110232003380005255716:
2202110232003440005254538:
2202110232003480005255715:
2202110232003510004997665:
2202110232003540004960160:
2202110232003560004950728:
2202110232004000008686663:
2202110232004040004968394:
2202110232004070008686663:
2202110232004090004991584:
2202110232004160009232629:
2202110232004190005006528:
2202110232005520004991554:
2202110232006060009326612:
2202110232006120009226393:
2202110232006200009286624:
2202110232007030004981261:
2202110232007080009307388:
2202110232007140001079879:
2202110232007160004929491:
2202110232007180009226393:
2202110232001520006029990:
2202110232003370005248603:
2202110232001550004962723:
2202110232009430004933960:
2202110232109410007412611:
2202110232142130004988378:
2202110232150380005249719:
2202110232159140008714113:
2202110232159190005009715:
2202110232159220005264548:
2202110232159450009279481:
2202110232159470005248600:
2202110232159530004965814:
2202110232159570001083110:
2202110232200010006033001:
2202110232200030008701527:
2202110232200050008709369:
2202110232200070005263922:
2202110232200090008681883:
2202110232200140005263922:
2202110232200180008681883:
2202110232200200005254715:
2202110232200220006018008:
2202110232200240009302534:
2202110232200250005254715:
2202110232200280009253846:
2202110232200310008497657:
2202110232200340004935794:
2202110232200410009330833:
2202110232200430006037287:
2202110232200450007411321:
2202110232200480004158333:
2202110232200510004958379:
2202110232200550009254212:
2202110232200570006032924:
2202110232200590009226826:
2202110232201020009351823:
2202110232201030006032924:
2202110232201050009226826:
2202110232201070008718216:
2202110232201080009293911:
2202110232201100008696238:
2202110232201110005254540:
2202110232201130007407459:
2202110232201160004927329:
2202110232201180009253997:
2202110232201200007407739:
2202110232201220004936058:
2202110232201240004960782:
2202110232201260004966903:
2202110232201280008701083:
2202110232201300009301802:
2202110232201310004998281:
2202110232201340006029988:
2202110232201360008717926:
2202110232201390004975875:
2202110232201400005270840:
2202110232201420007421690:
2202110232201430004975875:
2202110232201450009326645:
2202110232201471513645885:
2202110232201520008510716:
2202110232201560008503915:
2202110232201590008680789:
2202110232202010008503915:
2202110232202040007421690:
2202110232202100004974855:
2202110232202120004957738:
2202110232202160008512216:
2202110232202180007422489:
2202110232202210006025445:
2202110232202220004966591:
2202110232202240004989365:
2202110232202260004180013:
2202110232202280004931257:
2202110232202290004957738:
2202110232202300004966761:
2202110232202340005254716:
2202110232202350004994074:
2202110232202370005255709:
2202110232202440005012946:
2202110232202460008701103:
2202110232202500004992875:
2202110232202520006041715:
2202110232202540008701103:
2202110232202560005001068:
2202110232202570004990401:
2202110232203000004924182:
2202110232203020008709061:
2202110232203030009337903:
2202110232203050004922969:
2202110232203100004968467:
2202110232203130004967585:
2202110232203150009279709:
2202110232203160009337903:
2202110232203180004990690:
2202110232203220004987025:
2202110232203260004950845:
2202110232203290007414082:
2202110232203320003892332:
2202110232203340009276680:
2202110232203380005255712:
2202110232203410008497657:
2202110232203430009293911:
2202110232203450004929423:
2202110232203480009339828:
2202110232203530004927029:
2202110232203590009293911:
2202110232204030005258489:
2202110232204150007410385:
2202110232204190004933649:
2202110232204250004943327:
2202110232204260009303525:
2202110232204300004943327:
2202110232204570009252984:
2202110232207580008708048:
2202110232211130004941773:
2202110232203160004935107:
2202110232244060008677773:
2202110232259000004963091:
2202110232259570006021994:
2202110232300000004990085:
2202110232300030004963091:
2202110232300050004961644:
2202110232300070009252946:
2202110232300090006025807:
2202110232300150006026834:
2202110232300180006025807:
2202110232300200009252946:
2202110232300220008501795:
2202110232300250009253991:
2202110232300280003916932:
2202110232300300007421269:
2202110232300320005263715:
2202110232300350005012405:
2202110232300390004968716:
2202110232300410004977027:
2202110232301140004996481:
2202110232301510004947698:
2202110232301550004951928:
3202110230732380006031524:
3202110230732460008501288:
3202110230749240001099428:
3202110230749250008692290:
3202110230749270004942040:
3202110230749280004966279:
3202110230749300005264547:
3202110230749310006028953:
3202110230749330008692290:
3202110230749340004942040:
3202110230749360005009549:
3202110230749380005004742:
3202110230749390005250571:
3202110230749410005004742:
3202110230749430008687514:
3202110230749440005255713:
3202110230749460009283931:
3202110230749480004937222:
3202110230749490004962972:
3202110230749510008494010:
3202110230749520008687514:
3202110230749540004928640:
3202110230749580009234458:
3202110230750000008503303:
3202110230750020004928640:
3202110230750030005011308:
3202110230750060005252018:
3202110230750080008697764:
3202110230750100008497634:
3202110230750120004933136:
3202110230750130008711197:
3202110230750150009306586:
3202110230750180006039016:
3202110230750200004998074:
3202110230750220006028957:
3202110230750250009295891:
3202110230750260004988205:
3202110230750290005007370:
3202110230750300009323446:
3202110230750330008501953:
3202110230750350008698121:
3202110230750370005265553:
3202110230750390004926757:
3202110230750410008504041:
3202110230750450004959868:
3202110230750490005006315:
3202110230750580004974136:
3202110230751050004931925:
3202110230751070008498021:
3202110230751090008680900:
3202110230751120004968472:
3202110230751140005011155:
3202110230751170004975787:
3202110230751190005250568:
3202110230751220005248661:
3202110230751240004986942:
3202110230751270004935446:
3202110230751310005272252:
3202110230751360004950429:
3202110230751380008513325:
3202110230751410005250567:
3202110230751440009236868:
3202110230751460009275492:
3202110230751490003117204:
3202110230751510009343149:
3202110230751540005254707:
3202110230751560005248599:
3202110230751580004970930:
3202110230752060008717268:
3202110230752090004989657:
3202110230752120004957118:
3202110230752230004972456:
3202110230752260005250572:
3202110230752280009335560:
3202110230752330009325535:
3202110230752410009252962:
3202110230752460006036994:
3202110230752510009342954:
3202110230752540009300618:
3202110230752560004947661:
3202110230752590004999443:
3202110230753020005005263:
3202110230753040004929202:
3202110230753110005249720:
3202110230753170004926955:
3202110230753250009324637:
3202110230753410009234457:
3202110230753440004956198:
3202110230753460005248597:
3202110230753510009321321:
3202110230753520008518736:
3202110230753540005263714:
3202110230753560004949140:
3202110230753590009305547:
3202110230754000006025823:
3202110230754030005009715:
3202110230754050005264551:
3202110230754070009234248:
3202110230754110009336959:
3202110230754140009346367:
3202110230754160005264521:
3202110230754180008514966:
3202110230754210003137991:
3202110230754240004934470:
3202110230754270008498188:
3202110230754290008492410:
3202110230754310008445992:
3202110230754340009326626:
3202110230754370006039974:
3202110230754390004942841:
3202110230754410004986730:
3202110230754440005250566:
3202110230754460008686117:
3202110230754480004927539:
3202110230754510009252970:
3202110230754520008504091:
3202110230754550009351758:
3202110230754590005248596:
3202110230755010004948289:
3202110230755040004923548:
3202110230755160004990690:
3202110230755180009234108:
3202110230755220004929645:
3202110230755400009342978:
3202110230755420004974727:
3202110230755450005265556:
3202110230755470006018008:
3202110230755520006039541:
3202110230755560008692117:
3202110230755590008503339:
3202110230756030008492065:
3202110230756050004993672:
3202110230756060009324879:
3202110230756090008691341:
3202110230756120005255416:
3202110230756140009343384:
3202110230756150008514795:
3202110230756170008499165:
3202110230756190008708003:
3202110230756250009339930:
3202110230756270008689944:
3202110230756320008507829:
3202110230756390004968838:
3202110230756410004987236:
3202110230756430008714702:
3202110230756450005269401:
3202110230756510004990107:
3202110230756530008506766:
3202110230756550004935794:
3202110230757000008680280:
3202110230757030004948881:
3202110230757120008680442:
3202110230757150005248601:
3202110230757170005248598:
3202110230757190008677829:
3202110230757230004930608:
3202110230757260004989794:
3202110230757310006030480:
3202110230757350008707911:
3202110230757390004949239:
3202110230757410008493217:
3202110230757420009287195:
3202110230757440004973922:
3202110230757480009309524:
3202110230757510004928152:
3202110230757520005254933:
3202110230757540004975477:
3202110230757560004965502:
3202110230757580004949833:
3202110230757590009226817:
3202110230758010004936029:
3202110230758030009348776:
3202110230758040008494201:
3202110230758060005252022:
3202110230758070009226952:
3202110230758090008495468:
3202110230758110009339802:
3202110230758130005272314:
3202110230758150005008846:
3202110230758200008699992:
3202110230758230004980976:
3202110230758260009331842:
3202110230758280006041721:
3202110230758300004949437:
3202110230758310003137967:
3202110230758330002851443:
3202110230758350004952229:
3202110230758380004953650:
3202110230758440009339195:
3202110230758470004992875:
3202110230758510009286996:
3202110230758570004936149:
3202110230759040008708560:
3202110230759060009343593:
3202110230759090003126147:
3202110230759130006032999:
3202110230759180005264549:
3202110230759240008690203:
3202110230800010006015460:
3202110230800120009233697:
3202110230800480005252027:
3202110230801490005264522:
3202110230802000004998281:
3202110230802030009280051:
3202110230804020009309829:
3202110230806010008503489:
3202110230834330005252029:
3202110231700120008514966:
3202110231700130008680442:
3202110231902010009323446:
3202110231902110005250569:
3202110231902140008696388:
3202110231902490005007370:
3202110231902520005250567:
3202110231902550003918790:
3202110231903020009343567:
3202110231903040009324572:
3202110231903070008686117:
3202110231903140008704360:
3202110231903350005252022:
3202110231903380004929235:
3202110231903400009354582:
3202110231903510009346020:
3202110231903550009325535:
3202110231904060008492410:
3202110231904120009326658:
3202110231904210008516420:
3202110231904340008677829:
3202110231904440004937930:
3202110231904480008502189:
3202110231904530009292038:
3202110231905030005264521:
3202110231905470008692290:
3202110231905500004929645:
3202110231905550004946812:
3202110231905570004966438:
3202110231905590008693920:
3202110231906010008709488:
3202110231906370006021991:
3202110231907060008692032:
3202110231907550004968555:
3202110231909000006039541:
3202110231922510008716113:
3202110231955020008698121:
3202110231959590004936029:
3202110232000020006023662:
3202110232000060004965754:
3202110232000110009326600:
3202110232000130004949437:
3202110232000170005272314:
3202110232000200009326626:
3202110232000220008492065:
3202110232000460009287195:
3202110232000480004934470:
3202110232000530003137967:
3202110232000550009234457:
3202110232000570006039974:
3202110232000590009342962:
3202110232001020008693892:
3202110232001050008687514:
3202110232001400004959868:
3202110232002310004931701:
3202110232002400004969598:
3202110232002570005254537:
3202110232003030009309829:
3202110232003140009321321:
3202110232003150009280051:
3202110232003180005248457:
3202110232003340009321321:
3202110232003370005248457:
3202110232003400005265553:
3202110232005170004952471:
3202110232014330004924676:
3202110232039220004929937:
3202110232053470004950429:
3202110232102550008504234:
3202110232103520008493217:
3202110232104010004989657:
3202110232102180004985960:
3202110232107330005248456:
3202110232108370009351758:
3202110232145380009254002:
3202110232146280008703693:
3202110232155400008508441:
3202110232157520006042277:
3202110232158090008679943:
3202110232158330009342954:
3202110232158430009343149:
3202110232158460003132773:
3202110232158480005254707:
3202110232159000009272418:
3202110232159020004935446:
3202110232159050009234458:
3202110232159070004986942:
3202110232159080004975477:
3202110232159100009324637:
3202110232159120004970901:
3202110232159130009234248:
3202110232159150007418333:
3202110232159160004968838:
3202110232159180008497634:
3202110232159200006018008:
3202110232159210004965502:
3202110232159230005001262:
3202110232159250009306586:
3202110232159270009343384:
3202110232159290008501288:
3202110232159300000424146:
3202110232159320005250572:
3202110232159340009336959:
3202110232159360005248598:
3202110232159380009354581:
3202110232159400005248597:
3202110232159430009300618:
3202110232159440008518736:
3202110232159460001099428:
3202110232159500008689944:
3202110232159510008680900:
3202110232159540008677903:
3202110232159560004956198:
3202110232159590009286996:
3202110232200010006015460:
3202110232200030008507829:
3202110232200040005009549:
3202110232200060005264547:
3202110232200080004996470:
3202110232200090005265558:
3202110232200110005248876:
3202110232200130004926955:
3202110232200140008691341:
3202110232200160004927539:
3202110232200170003137991:
3202110232200190009324879:
3202110232200210006028953:
3202110232200240005011155:
3202110232200260002851443:
3202110232200280009236868:
3202110232200300005249720:
3202110232200320004957118:
3202110232200340006041721:
3202110232200360005264549:
3202110232200370004966362:
3202110232200390004949239:
3202110232200420004930162:
3202110232200440005263714:
3202110232200450005248596:
3202110232200470009226817:
3202110232200490008499165:
3202110232200510008514795:
3202110232200520004973922:
3202110232200540008697764:
3202110232200560008711249:
3202110232200580008708560:
3202110232201020009339802:
3202110232201040004928640:
3202110232201050008698315:
3202110232201070009226952:
3202110232201090008495468:
3202110232201100005255416:
3202110232201120005263920:
3202110232201140008498188:
3202110232201160004972456:
3202110232201170009286387:
3202110232201190005263920:
3202110232201200004992875:
3202110232201220004949140:
3202110232201230008504091:
3202110232201260009275492:
3202110232201270008717268:
3202110232201290009230815:
3202110232201310008680280:
3202110232201330006022003:
3202110232201340008499556:
3202110232201360004933136:
3202110232201370005250571:
3202110232201400003117204:
3202110232201410009274443:
3202110232201440004998055:
3202110232201460006024859:
3202110232201470009309524:
3202110232201490005252027:
3202110232201510005263920:
3202110232201530004989794:
3202110232201550004923617:
3202110232201580005008846:
3202110232202000006020195:
3202110232202020007402467:
3202110232202040006039016:
3202110232202060004988205:
3202110232202080004949833:
3202110232202090005248460:
3202110232202120008698795:
3202110232202140004998074:
3202110232202200004936149:
3202110232202220005248879:
3202110232202390009354391:
3202110232202410006016090:
3202110232202450008688253:
3202110232202500005272252:
3202110232202560008506597:
3202110232202580008513325:
3202110232203320008500889:
3202110232206210009300590:
3202110232206230004974727:
3202110232206260009234108:
3202110232206370004936854:
3202110232208040004973825:
3202110232208170004952229:
3202110232209200009305547:
3202110232209320005269401:
3202110232210320004975255:
3202110232211520005254931:
3202110232213490005254933:
3202110232215190004945980:
3202110232206400007411174:
3202110232206500004947661:
3202110232209440004968472:
3202110232241330008677773:
3202110232243540004996923:
3202110232256300009348542:
3202110232259220004931925:
3202110232259240005255713:
3202110232259260005264551:
3202110232259380008445992:
3202110232259410008702698:
3202110232259440008690203:
3202110232259460008503303:
3202110232259470008502984:
3202110232259510009348748:
3202110232259540008501953:
3202110232259550004987236:
3202110232259580005252018:
3202110232300000009243147:
3202110232300020009331842:
3202110232300110008715839:
3202110232300280008684967:
3202110232300310004951928:
3202110232300330006025823:
3202110232300360005252028:
3202110232300380006017488:
3202110232300400008494010:
3202110232300440004947698:
3202110232300450004990953:
3202110232300470009339930:
3202110232300480005265557:
3202110232300500008517323:
3202110232300510009326438:
3202110232300530008503339:
3202110232300550009277203:
3202110232300570008711197:
3202110232300590005248601:
3202110232301010006036994:
3202110232301030006030480:
3202110232301050005004742:
3202110232301060009283931:
3202110232301080009335560:
3202110232301100006032999:
3202110232301110004929202:
3202110232301130005248458:
3202110232301150005252029:
3202110232301170008701274:
3202110232301320008515578:
3202110232302260008708003:
4202110230749190009305260:
4202110230749230005001511:
4202110230749250004929198:
4202110230749280009305260:
4202110230749310005254930:
4202110230749330009285513:
4202110230749350008501835:
4202110230749370006036876:
4202110230749390005255714:
4202110230749400004996716:
4202110230749420004929408:
4202110230749450000424545:
4202110230749470004958165:
4202110230749490009339818:
4202110230749500008708048:
4202110230749530005250565:
4202110230750110008716113:
4202110230750140005012521:
4202110230750170008493092:
4202110230750360004929419:
4202110230750380004962411:
4202110230750460009250787:
4202110230750510009234486:
4202110230750590008496149:
4202110230751030009339792:
4202110230751060004968173:
4202110230751080009324572:
4202110230751140009253739:
4202110230751230004965482:
4202110230751250009322602:
4202110230751280009338161:
4202110230751310004963073:
4202110230751450004936058:
4202110230751470008690224:
4202110230751490004967114:
4202110230751520009234249:
4202110230752000008495426:
4202110230752120004974233:
4202110230752190005265557:
4202110230752210004958669:
4202110230752250007398203:
4202110230752280004972421:
4202110230752300009339817:
4202110230752320004968761:
4202110230752340008511222:
4202110230752360005001262:
4202110230752380006021988:
4202110230752400004932608:
4202110230752420008699709:
4202110230752490003126360:
4202110230752510008494427:
4202110230752540006035802:
4202110230752550008695597:
4202110230752570008493340:
4202110230753080007407499:
4202110230753170008677903:
4202110230753220005254710:
4202110230753260008499867:
4202110230753340009342997:
4202110230753370009253995:
4202110230753390009324118:
4202110230753410004935638:
4202110230753590006027612:
4202110230754000004926919:
4202110230754140005004322:
4202110230754160006036336:
4202110230754180008710875:
4202110230754210004947956:
4202110230754240000424167:
4202110230754260008679170:
4202110230754280008500083:
4202110230754330008509836:
4202110230754450009339225:
4202110230754500005252017:
4202110230755000009283323:
4202110230755100004929641:
4202110230755150009252994:
4202110230755170009341511:
4202110230755180005265552:
4202110230755210004957311:
4202110230755220004941228:
4202110230755240004927575:
4202110230755260008512783:
4202110230755290004965343:
4202110230755340004988966:
4202110230755370009346035:
4202110230755400004929713:
4202110230755450004952880:
4202110230755470009354827:
4202110230755490009346055:
4202110230755540009326600:
4202110230755570005008358:
4202110230756030009301802:
4202110230756050009226821:
4202110230756070004982114:
4202110230756130004927939:
4202110230756150009272187:
4202110230756290009342143:
4202110230756310004931038:
4202110230756370004990686:
4202110230756440009331044:
4202110230756460008517323:
4202110230757030009311280:
4202110230757050005248602:
4202110230757070005005802:
4202110230757080006039129:
4202110230757100004169060:
4202110230757120004989259:
4202110230757230004987910:
4202110230757260009247696:
4202110230757280004993934:
4202110230757310006022158:
4202110230757330009233695:
4202110230757350000431385:
4202110230757370004957855:
4202110230757380001087543:
4202110230757400008499706:
4202110230757440008499075:
4202110230757570009352010:
4202110230757590008499471:
4202110230758030004929270:
4202110230758070004948548:
4202110230758180009327620:
4202110230758230004996470:
4202110230758260007401131:
4202110230758310005010999:
4202110230758400009346685:
4202110230758420006027345:
4202110230758430006036997:
4202110230758450006028799:
4202110230758450009226797:
4202110230758480009342981:
4202110230758510004981546:
4202110230758570009226433:
4202110230758590004972892:
4202110230759080009246202:
4202110230759100006041875:
4202110230759130009341742:
4202110230759180005252024:
4202110230759220004990375:
4202110230759260004938474:
4202110230759300009226391:
4202110230759380009351768:
4202110230759410004924511:
4202110230759440004975255:
4202110230759520005270181:
4202110230759550004948259:
4202110230800160004952531:
4202110230801200004933960:
4202110230801310005012741:
4202110230802500005252028:
4202110230803590007411174:
4202110230804030008503089:
4202110230805560002854367:
4202110230808060008519041:
4202110230812140004964545:
4202110230821410004985960:
4202110230853560006022420:
4202110231701020006027612:
4202110231701480004926919:
4202110231802240004169060:
4202110231901430004968761:
4202110231901470009346685:
4202110231901500009339821:
4202110231901550005270181:
4202110231901570005008358:
4202110231901581513631101:
4202110231902000008499706:
4202110231902030004929270:
4202110231902080004981013:
4202110231902100006021988:
4202110231902110005004322:
4202110231902130009305260:
4202110231902150005008693:
4202110231902170009324118:
4202110231902180005001511:
4202110231902200009342978:
4202110231902210004990686:
4202110231902230004974233:
4202110231902250004948548:
4202110231902260004958669:
4202110231902290001087543:
4202110231902310004947956:
4202110231902340004953437:
4202110231902370009327620:
4202110231902420006036336:
4202110231902480004965343:
4202110231902530009250787:
4202110231902550009296645:
4202110231902560004927575:
4202110231902580004963073:
4202110231903080004932608:
4202110231903090005254710:
4202110231903190008495556:
4202110231903380008679170:
4202110231903420006030145:
4202110231904090009252994:
4202110231904130006027345:
4202110231904150009253995:
4202110231904530006022158:
4202110231905300005006315:
4202110231905320008509836:
4202110231905340004968592:
4202110231905450008500083:
4202110231906310006028799:
4202110231906360004969304:
4202110231906570008498021:
4202110231907110004953788:
4202110231904200004927939:
4202110231909430009232651:
4202110231959250009342997:
4202110231959310009339817:
4202110231959530009233695:
4202110231959570008690224:
4202110231959590008695597:
4202110232000250009234240:
4202110232000310009342981:
4202110232001000004952880:
4202110232001410004975380:
4202110232001470004990375:
4202110232002210004972892:
4202110232002330007401131:
4202110232002360004948289:
4202110232002410005252024:
4202110232002430004929641:
4202110232003090009290271:
4202110232003120004968250:
4202110232003160006035802:
4202110232004000008445656:
4202110232004020004952531:
4202110232004090009346033:
4202110232004120009246202:
4202110232004140004927727:
4202110232004160009339225:
4202110232004200000424545:
4202110232004240004988966:
4202110232004530005254930:
4202110232004540009338161:
4202110232005240004948259:
4202110232005390009348776:
4202110232005590008519041:
4202110232006120009333812:
4202110232006580004967879:
4202110232007430008493092:
4202110232008410004967114:
4202110232010240004962411:
4202110232010590008510188:
4202110232012290004929419:
4202110232002490004951027:
4202110232045160009305197:
4202110232106570004935367:
4202110232111190009298223:
4202110232158040009351768:
4202110232159240008495972:
4202110232159250004989259:
4202110232159270004941228:
4202110232159310000424167:
4202110232159350005248602:
4202110232159380005265552:
4202110232159400004982114:
4202110232159420004957311:
4202110232200000004993409:
4202110232200030005010999:
4202110232200090008699709:
4202110232200130009339792:
4202110232200150005010999:
4202110232200170009336990:
4202110232200210008493340:
4202110232200230008494427:
4202110232200240008707911:
4202110232200290009341742:
4202110232200300008710875:
4202110232200320004931038:
4202110232200360004938474:
4202110232200400008499471:
4202110232200420005255714:
4202110232200450009234249:
4202110232200470008512783:
4202110232200530005250565:
4202110232200550009341511:
4202110232200570005264544:
4202110232201000009343593:
4202110232201040009273291:
4202110232201240007396382:
4202110232201270005264545:
4202110232201350009226433:
4202110232201390009331044:
4202110232201400009346035:
4202110232201420009352010:
4202110232201470004964566:
4202110232201550004957855:
4202110232202080007421210:
4202110232202200008500493:
4202110232202300007402498:
4202110232202320007407499:
4202110232203140009311280:
4202110232203150004929713:
4202110232205310007398203:
4202110232205400004968173:
4202110232205500005252016:
4202110232206090005252028:
4202110232209550009290264:
4202110232202200009285513:
4202110232206230004930576:
5202110230723040009281814:
5202110230723590006039506:
5202110230730140005254923:
5202110230731450007404782:
5202110230732410004972793:
5202110230749200009346707:
5202110230749220004924019:
5202110230749230006039969:
5202110230749250009305457:
5202110230749260006039969:
5202110230749280009276680:
5202110230749290008503915:
5202110230749310004946517:
5202110230749320004972482:
5202110230749340005264543:
5202110230749350004997809:
5202110230749370008494564:
5202110230749380008503915:
5202110230749400004923016:
5202110230749410004989528:
5202110230749430004932362:
5202110230749470009276680:
5202110230749490004974855:
5202110230749510005255712:
5202110230749540009352009:
5202110230749550007402194:
5202110230749570004947070:
5202110230749590004941773:
5202110230750010004990397:
5202110230750030004966418:
5202110230750040005258489:
5202110230750060009339273:
5202110230750070004967073:
5202110230750090004921536:
5202110230750110009339273:
5202110230750130004922969:
5202110230750150004995938:
5202110230750170004966761:
5202110230750190004957738:
5202110230750200005006958:
5202110230750220004959001:
5202110230750230008499208:
5202110230750250008717926:
5202110230750270004973203:
5202110230750290009288870:
5202110230750300004976717:
5202110230750320004965814:
5202110230750340004927306:
5202110230750350004937390:
5202110230750380005255711:
5202110230750390004950937:
5202110230750410008500184:
5202110230750430009296798:
5202110230750450009305457:
5202110230750470004998138:
5202110230750490004950845:
5202110230750500008496310:
5202110230750520005004855:
5202110230750530004924019:
5202110230750550004997809:
5202110230750560004949398:
5202110230750580008509901:
5202110230751000004964719:
5202110230751020008706494:
5202110230751040008699606:
5202110230751060007398914:
5202110230751080008517932:
5202110230751100004973514:
5202110230751110004966050:
5202110230751140008706494:
5202110230751160009324076:
5202110230751170005012946:
5202110230751181513645885:
5202110230751200004975531:
5202110230751210008494613:
5202110230751230004936419:
5202110230751250004966690:
5202110230751270009230781:
5202110230751290004961404:
5202110230751310009279709:
5202110230751320004965967:
5202110230751340008510090:
5202110230751360004969726:
5202110230751380001083110:
5202110230751400004930576:
5202110230751420004946775:
5202110230751450008508219:
5202110230751470001108277:
5202110230751480008510716:
5202110230751500009346362:
5202110230751520004957545:
5202110230751530004966802:
5202110230751550004994074:
5202110230751560004972171:
5202110230751580008692450:
5202110230752000005254709:
5202110230752020004969726:
5202110230752050009351308:
5202110230752070009346170:
5202110230752090004997873:
5202110230752110004998401:
5202110230752120004995654:
5202110230752140009234480:
5202110230752150006039493:
5202110230752170004943327:
5202110230752190004936155:
5202110230752210004986057:
5202110230752330008516236:
5202110230752340008503171:
5202110230752360004937490:
5202110230752380009241934:
5202110230752390004937219:
5202110230752400009286880:
5202110230752420007411321:
5202110230752440008697836:
5202110230752520004957428:
5202110230752540004994575:
5202110230752560006016275:
5202110230752590004989073:
5202110230753010004990979:
5202110230753030004993674:
5202110230753060009340824:
5202110230753080004967416:
5202110230753200009342959:
5202110230753210008696894:
5202110230753230007402500:
5202110230753260006037924:
5202110230753280004952169:
5202110230753290007412611:
5202110230753320009230754:
5202110230753340004967585:
5202110230753360004949101:
5202110230753380004951489:
5202110230753400009354001:
5202110230753430006015163:
5202110230753440006037287:
5202110230753470004923454:
5202110230753490009339219:
5202110230753530009282809:
5202110230754000009347607:
5202110230754160009354401:
5202110230754180004990690:
5202110230754210006021994:
5202110230754220008502735:
5202110230754240009343592:
5202110230754260008504736:
5202110230754280007414082:
5202110230754330008694659:
5202110230754380004976717:
5202110230754390006033090:
5202110230754410008512216:
5202110230754430004927329:
5202110230754470009340820:
5202110230754510009341030:
5202110230754560005254540:
5202110230754580003892332:
5202110230755000009326612:
5202110230755020001122577:
5202110230755030004933649:
5202110230755050008703693:
5202110230755070006018008:
5202110230755090004953182:
5202110230755130009252984:
5202110230755160009233710:
5202110230755180008515021:
5202110230755200009280491:
5202110230755230007407459:
5202110230755270003920040:
5202110230755290004961715:
5202110230755320009326612:
5202110230755340008701083:
5202110230755400004951177:
5202110230755430009254908:
5202110230755460008513950:
5202110230755530008506766:
5202110230756020008710216:
5202110230756040004986846:
5202110230756050004996986:
5202110230756080004927727:
5202110230756090009348762:
5202110230756110009327416:
5202110230756130005254708:
5202110230756160004968004:
5202110230756170004975166:
5202110230756190004966986:
5202110230756220004953135:
5202110230756240004951445:
5202110230756260004922875:
5202110230756280004972420:
5202110230756300006033000:
5202110230756360008718216:
5202110230756380005248600:
5202110230756390009226440:
5202110230756410004975380:
5202110230756420009333812:
5202110230756440006030130:
5202110230756460009232651:
5202110230756480004981830:
5202110230756500005266100:
5202110230756520008493750:
5202110230756540004924182:
5202110230756560004994314:
5202110230756580008697836:
5202110230757000004180013:
5202110230757030004966750:
5202110230757040008431645:
5202110230757060004931257:
5202110230757070004977027:
5202110230757090004989670:
5202110230757100009321395:
5202110230757130008497774:
5202110230757140008506074:
5202110230757160008500113:
5202110230757180004968100:
5202110230757230008508757:
5202110230757260006018006:
5202110230757270004990401:
5202110230757390004951627:
5202110230757400004988793:
5202110230757470009246202:
5202110230757490006041875:
5202110230757510004997608:
5202110230757530009305197:
5202110230757560004967512:
5202110230757580006030142:
5202110230758001513409863:
5202110230758020004921905:
5202110230758040006025812:
5202110230758060005006101:
5202110230758090008676811:
5202110230758140004984899:
5202110230758160004990111:
5202110230758180004989365:
5202110230758190008701274:
5202110230758210009325511:
5202110230758220009225481:
5202110230758240004995861:
5202110230758260004965754:
5202110230758300004967002:
5202110230758320007407739:
5202110230758400004932359:
5202110230758410004967379:
5202110230758430009339834:
5202110230758450006025445:
5202110230758490004940881:
5202110230758510004947107:
5202110230758530006030145:
5202110230758540009277203:
5202110230758560009339821:
5202110230758580009339837:
5202110230758590004996445:
5202110230759020008502189:
5202110230759030009253842:
5202110230759110005267056:
5202110230759140006025807:
5202110230759190007401654:
5202110230759210008493366:
5202110230759260009240533:
5202110230759270009286616:
5202110230759300008497935:
5202110230759320004987744:
5202110230759350009297056:
5202110230759370004962761:
5202110230759410004951537:
5202110230759440004968208:
5202110230759490009310954:
5202110230759510004966674:
5202110230759560004998194:
5202110230800000005252027:
5202110230800020009346033:
5202110230800180008692560:
5202110230800290006030118:
5202110230800420009290264:
5202110230801000004992723:
5202110230801000009282114:
5202110230801370006023662:
5202110230801510004985430:
5202110230801570009343567:
5202110230802090005252028:
5202110230802500009339803:
5202110230803090004958690:
5202110230803230007410385:
5202110230803370004934727:
5202110230803460007410282:
5202110230804060009236810:
5202110230805120009226392:
5202110230806330009225494:
5202110230807150009298223:
5202110230807170005262034:
5202110230831420004929937:
5202110231703210007401654:
5202110231705110004995861:
5202110231705140008676811:
5202110231705160009254229:
5202110231705200004954090:
5202110231705210008696894:
5202110231705310008510090:
5202110231705340001079288:
5202110231705360004928366:
5202110231705370006022852:
5202110231706010004947445:
5202110231706030004972420:
5202110231706100008493286:
5202110231706240006036993:
5202110231706250008495616:
5202110231706300009294273:
5202110231706340008494333:
5202110231706360007402523:
5202110231707050009324604:
5202110231800140004986057:
5202110231805060004976717:
5202110231806070004975166:
5202110231806380004951177:
5202110231806390008497463:
5202110231806410008508219:
5202110231806040008505660:
5202110231841550009298073:
5202110231842010009310727:
5202110231902190009286616:
5202110231902350004996134:
5202110231902380007404782:
5202110231902400009339837:
5202110231902560005249717:
5202110231903010004923016:
5202110231903330009232631:
5202110231903450004963073:
5202110231904430006041875:
5202110231905450009225481:
5202110231907350009325511:
5202110231907490008498021:
5202110231908590004928152:
5202110231911240004927120:
5202110231911530009342959:
5202110231911580004946517:
5202110231912000008702320:
5202110231912030004931193:
5202110231912080004924019:
5202110231912140004966674:
5202110231912190008516236:
5202110231912210004995654:
5202110231912270005254709:
5202110231912280004981830:
5202110231912300004936155:
5202110231912390009225494:
5202110231913040009327416:
5202110231913210009354401:
5202110231914080008517932:
5202110231914120004967416:
5202110231917490008500312:
5202110231917510004949177:
5202110231901590004961787:
5202110231902580009296798:
5202110231904550006036876:
5202110231905340008697836:
5202110231943490007407502:
5202110231955410004958690:
5202110231957360008502364:
5202110232000100004939835:
5202110232000110004968004:
5202110232000130005252032:
5202110232000410004965754:
5202110232001140004991241:
5202110232001190005265554:
5202110232001330004990397:
5202110232001350008692560:
5202110232001370006033000:
5202110232001390009310954:
5202110232001400004965967:
5202110232001420004951477:
5202110232002050004947107:
5202110232002110008494564:
5202110232002300006039969:
5202110232002330005270182:
5202110232002350009340824:
5202110232002440004992022:
5202110232002540009326612:
5202110232002560004957428:
5202110232003250004993146:
5202110232003330004991584:
5202110232003380009352009:
5202110232003460004961404:
5202110232004480004972793:
5202110232004580006041103:
5202110232005000008494092:
5202110232005180007402500:
5202110232006070008506766:
5202110232006420006042240:
5202110232009020009354001:
5202110232009310009297056:
5202110232010250009281814:
5202110232013190004967312:
5202110232015140004984899:
5202110232016150004924676:
5202110232023050005248603:
5202110232030550006009777:
5202110232103280004986846:
5202110232103480008492776:
5202110232106020006028797:
5202110232108470007412611:
5202110232125090009322682:
5202110232159000006039506:
5202110232159070009342954:
5202110232159090008714702:
5202110232159160009343149:
5202110232159220003132773:
5202110232159240001083110:
5202110232159260004965814:
5202110232159280004941508:
5202110232159300008496367:
5202110232159420009324637:
5202110232159430004970901:
5202110232159450004940881:
5202110232159470006039497:
5202110232159490006018008:
5202110232159510004969726:
5202110232159530009344566:
5202110232159540004968544:
5202110232159580004964719:
5202110232200010009346170:
5202110232200020005006101:
5202110232200050006037287:
5202110232200050008515021:
5202110232200080004965502:
5202110232200100008699992:
5202110232200110004965502:
5202110232200130009348762:
5202110232200160004959001:
5202110232200170004951489:
5202110232200190008509901:
5202110232200210004967512:
5202110232200230005006958:
5202110232200240004923548:
5202110232200260005252021:
5202110232200270008718216:
5202110232200290004997809:
5202110232200310004927306:
5202110232200320004926757:
5202110232200350004989232:
5202110232200370008512216:
5202110232200390004997809:
5202110232200410000424167:
5202110232200420005255711:
5202110232200440009233710:
5202110232200460008513950:
5202110232200470006030130:
5202110232200490005255711:
5202110232200500008500184:
5202110232200520006030130:
5202110232200530008513950:
5202110232200550004957738:
5202110232200560008692450:
5202110232200580004972171:
5202110232200590008503915:
5202110232201010006030142:
5202110232201020008510716:
5202110232201040004992723:
5202110232201050004966761:
5202110232201070005012946:
5202110232201080005266100:
5202110232201100009282809:
5202110232201120006025445:
5202110232201130004932359:
5202110232201160004950937:
5202110232201180009340820:
5202110232201200008699606:
5202110232201210004987744:
5202110232201230009236809:
5202110232201250004947070:
5202110232201260004966418:
5202110232201280004994074:
5202110232201300004947070:
5202110232201330004952169:
5202110232201350004973075:
5202110232201360009339834:
5202110232201380004931257:
5202110232201410009339273:
5202110232201430001108277:
5202110232201450009234480:
5202110232201470009339273:
5202110232201490004923454:
5202110232201520004969384:
5202110232201530007402194:
5202110232201550008496310:
5202110232201570005004855:
5202110232201580004966279:
5202110232202000006039493:
5202110232202050004993674:
5202110232202060004967585:
5202110232202090004993674:
5202110232202110009226412:
5202110232202130004936419:
5202110232202150004924182:
5202110232202160009226412:
5202110232202180006039493:
5202110232202190004995938:
5202110232202210008494613:
5202110232202220004997608:
5202110232202240004946775:
5202110232202260004997608:
5202110232202270009279709:
5202110232202300004950845:
5202110232202310004961715:
5202110232202330001087528:
5202110232202350009253842:
5202110232202360004967073:
5202110232202380009346707:
5202110232202400004937390:
5202110232202420006030118:
5202110232202430007414082:
5202110232202450005255712:
5202110232202470009276680:
5202110232202480008694659:
5202110232202500005252027:
5202110232202510006031525:
5202110232202530008493366:
5202110232202540004980727:
5202110232202560006025812:
5202110232202570009346362:
5202110232202590004921536:
5202110232203010009321334:
5202110232203030004932362:
5202110232203040009290365:
5202110232203060008493750:
5202110232203080009305457:
5202110232203110004989528:
5202110232203130005258489:
5202110232203170009347607:
5202110232203200009230754:
5202110232203220005254716:
5202110232203240004998401:
5202110232203250006033090:
5202110232203270004957545:
5202110232203290008503171:
5202110232203310005264543:
5202110232203330008499208:
5202110232203360004951445:
5202110232203370004973203:
5202110232203400004966750:
5202110232203420009339524:
5202110232203440004935186:
5202110232203460005262048:
5202110232203470004949101:
5202110232203490003920040:
5202110232203500009230781:
5202110232203520004989670:
5202110232203530004989073:
5202110232203550009230781:
5202110232203560004966986:
5202110232203580003920040:
5202110232204000004990401:
5202110232204010004922969:
5202110232204040009226440:
5202110232204060009232378:
5202110232204070004998138:
5202110232204090004934727:
5202110232204120007410282:
5202110232204140009351308:
5202110232204160009324076:
5202110232204180004973514:
5202110232204190004967002:
5202110232204210009252984:
5202110232204240004975531:
5202110232204250009321395:
5202110232204270004997873:
5202110232204280009341030:
5202110232204300009321395:
5202110232204320004949398:
5202110232204340009280491:
5202110232204370009341030:
5202110232204400009339219:
5202110232204410004937219:
5202110232204420009241934:
5202110232204440009286880:
5202110232204470004937490:
5202110232204510009339803:
5202110232204530004966690:
5202110232204570008706494:
5202110232204590004961221:
5202110232205040004951627:
5202110232206390008500113:
5202110232207010004974727:
5202110232207120006039129:
5202110232210400004941773:
5202110232210590009290264:
5202110232259030004976589:
5202110232259140004962761:
5202110232259170008695330:
5202110232259190006025807:
5202110232259200004928389:
5202110232259230006021994:
5202110232259250005248880:
5202110232259310005254929:
5202110232259330005248880:
5202110232259360004961644:
5202110232259380004998544:
5202110232259410004994314:
5202110232259440004962099:
5202110232259480006026834:
5202110232259550005265555:
5202110232259560005012405:
5202110232300010005263715:
5202110232300030004968716:
5202110232300050004949598:
5202110232300090004977027:
5202110232300260006016276:
5202110232300280008508290:
5202110232300310005268686:
5202110232300370006033720:
5202110232300380009348748:
5202110232300400006033720:
5202110232301260004936413:
6202110230722380004951027:
6202110230731130004998544:
6202110230732150008676957:
6202110230732300004951327:
6202110230734370004946192:
6202110230734400004946192:
6202110230749180004975841:
6202110230749200004967296:
6202110230749220007404782:
6202110230749220009281193:
6202110230749270004956198:
6202110230749300005006747:
6202110230749310008499805:
6202110230749330005265553:
6202110230749380004961644:
6202110230749410005266099:
6202110230749430006022160:
6202110230749450004982397:
6202110230749480006025806:
6202110230749500008679943:
6202110230749510005270182:
6202110230749530005265553:
6202110230749550005008853:
6202110230749570004935629:
6202110230749590009292116:
6202110230750010004926757:
6202110230750030004962099:
6202110230750040008517056:
6202110230750060004996134:
6202110230750090009241075:
6202110230750110005006025:
6202110230750130004926646:
6202110230750150008508290:
6202110230750170006039510:
6202110230750200004965866:
6202110230750220004961022:
6202110230750230004972764:
6202110230750250004947159:
6202110230750270004992307:
6202110230750320005012405:
6202110230750340004947366:
6202110230750360004932392:
6202110230750390006028757:
6202110230750400005268686:
6202110230750450004987731:
6202110230750480008500401:
6202110230750520008690234:
6202110230750540005249717:
6202110230750580004928604:
6202110230751020004961532:
6202110230751070004949536:
6202110230751080004961532:
6202110230751100004992307:
6202110230751110004968544:
6202110230751130006030484:
6202110230751180008492549:
6202110230751270005254931:
6202110230751300005254929:
6202110230751340004989657:
6202110230751370004957118:
6202110230751390008494613:
6202110230751410004982680:
6202110230751460004928616:
6202110230751490004934669:
6202110230751570004975690:
6202110230751590005005468:
6202110230752050004930576:
6202110230752080004934669:
6202110230752110004941774:
6202110230752130006036994:
6202110230752160005254713:
6202110230752210004929016:
6202110230752230000431430:
6202110230752310004922029:
6202110230752340004969132:
6202110230752370008683421:
6202110230752540005001068:
6202110230752580009287614:
6202110230753210004990979:
6202110230753290008508441:
6202110230753370004956498:
6202110230753400004998663:
6202110230753430009233704:
6202110230753450004952169:
6202110230753480007412611:
6202110230753500004963921:
6202110230753550001087528:
6202110230753570004963921:
6202110230753590009278808:
6202110230754000009274874:
6202110230754020004923400:
6202110230754040004927539:
6202110230754060008492776:
6202110230754080004976000:
6202110230754100005010841:
6202110230754120005007161:
6202110230754140008702698:
6202110230754250008684967:
6202110230754380005252021:
6202110230754500004928389:
6202110230754530008704360:
6202110230754560008496367:
6202110230754580008692032:
6202110230754590004958069:
6202110230755011513631101:
6202110230755040009342978:
6202110230755140005254540:
6202110230755170003892332:
6202110230755240006033720:
6202110230755270006039541:
6202110230755310008709393:
6202110230755350004966438:
6202110230755380005255416:
6202110230755400004968194:
6202110230755430008499556:
6202110230755440008709488:
6202110230755460008693920:
6202110230755480005260613:
6202110230755490004991584:
6202110230755510008689944:
6202110230755530005254712:
6202110230755540008507829:
6202110230755560004987025:
6202110230755580009324629:
6202110230756000009254908:
6202110230756020009252946:
6202110230756060004946812:
6202110230756080008501795:
6202110230756100009354349:
6202110230756170008710216:
6202110230756230009354581:
6202110230756310004948881:
6202110230756330009234240:
6202110230756350009335539:
6202110230756380009343174:
6202110230756420004989524:
6202110230756450005248598:
6202110230756510004976589:
6202110230756540004045200:
6202110230756550004988079:
6202110230756570004987532:
6202110230756580004989794:
6202110230757000004989502:
6202110230757020006016276:
6202110230757070008511510:
6202110230757110007402498:
6202110230757120005255709:
6202110230757140009272418:
6202110230757190005250564:
6202110230757220008431645:
6202110230757250004990085:
6202110230757270004923159:
6202110230757290009348776:
6202110230757310008502984:
6202110230757320004989670:
6202110230757340009286387:
6202110230757350004931257:
6202110230757370005254537:
6202110230757390004966591:
6202110230757420004965031:
6202110230757440005008846:
6202110230757450005254537:
6202110230757470004178213:
6202110230757490009278607:
6202110230757510006018006:
6202110230757520008699992:
6202110230757540009331842:
6202110230757560004997277:
6202110230757580005006239:
6202110230757590004952229:
6202110230758020004927120:
6202110230758040009230815:
6202110230758070004164864:
6202110230758090008711249:
6202110230758120004935367:
6202110230758140004993409:
6202110230758160009326658:
6202110230758170005265558:
6202110230758190004962579:
6202110230758250005005063:
6202110230758300009343593:
6202110230758330000424146:
6202110230758360006039130:
6202110230758380008708560:
6202110230758400006042240:
6202110230758470004936854:
6202110230758520009354391:
6202110230758550005009021:
6202110230758570005255709:
6202110230758580004998055:
6202110230759000008698315:
6202110230759110008688253:
6202110230759130004968261:
6202110230759200004966362:
6202110230759220004966490:
6202110230759240008515502:
6202110230759260006015460:
6202110230759280004975069:
6202110230759310009348543:
6202110230759330005250569:
6202110230759350001114611:
6202110230759360004936685:
6202110230759380003132773:
6202110230759390009339144:
6202110230759410009342962:
6202110230759420004953788:
6202110230759440009254212:
6202110230759450009348748:
6202110230759470009240533:
6202110230759490005263716:
6202110230759510008715839:
6202110230759530008693892:
6202110230759550008695330:
6202110230759570005248660:
6202110230759580008714113:
6202110230800010004979341:
6202110230800030004951537:
6202110230800050009354582:
6202110230800070004937930:
6202110230800120004998194:
6202110230800160009322590:
6202110230800220006026834:
6202110230800290004988378:
6202110230800310004158333:
6202110230800330008692560:
6202110230800420004928581:
6202110230801130004998281:
6202110230801170004952773:
6202110230801200009282114:
6202110230801240009280051:
6202110230801270008501482:
6202110230801380005249718:
6202110230801390004923617:
6202110230801410005262048:
6202110230801550006023662:
6202110230802160009292077:
6202110230803190005263715:
6202110230803410008506597:
6202110230803450009339211:
6202110230803530005252026:
6202110230804120009275624:
6202110230804150006009777:
6202110230804270004989820:
6202110230804350009346020:
6202110230816010006016277:
6202110230829380009298073:
6202110230931100009279594:
6202110231703400004966449:
6202110231811500008502735:
6202110231833300008503489:
6202110231859220004970930:
6202110231900220004965866:
6202110231901340004937089:
6202110231901520009339837:
6202110231902090005249717:
6202110231902110004996134:
6202110231902380006015163:
6202110231902430004968261:
6202110231902470004988793:
6202110231902520008508757:
6202110231902540004936557:
6202110231902560004976407:
6202110231902581513409863:
6202110231903080005008853:
6202110231903110009232631:
6202110231903230004997277:
6202110231903270005254923:
6202110231904150009325535:
6202110231904200005250564:
6202110231905060005005468:
6202110231905090004935629:
6202110231905180008502189:
6202110231905200004928175:
6202110231906220005248878:
6202110231906440004998194:
6202110231906510005248878:
6202110231906550004952773:
6202110231907030008499149:
6202110231907040004952773:
6202110231907070009309504:
6202110231907090005248877:
6202110231907100004996445:
6202110231907130004966106:
6202110231907330004929016:
6202110231907470004948585:
6202110231908490005254712:
6202110231908530004987532:
6202110231908550004987731:
6202110231909130006039541:
6202110231909240008709393:
6202110231909570005263919:
6202110231910430004927120:
6202110231910440005263919:
6202110231911440008499805:
6202110231911470001122577:
6202110231916340004932392:
6202110231917020008695905:
6202110231913010009274874:
6202110231913130008716113:
6202110232000030009322602:
6202110232000050004989524:
6202110232000070006022420:
6202110232000190006023662:
6202110232000270004991241:
6202110232001120008692560:
6202110232001180004951477:
6202110232001260006039974:
6202110232001510004968178:
6202110232001560004967296:
6202110232002000004959868:
6202110232002020006018006:
6202110232002080004958069:
6202110232002170009288913:
6202110232002190009276489:
6202110232002240008501482:
6202110232002260004178213:
6202110232002280004949536:
6202110232002310004928604:
6202110232002510004994575:
6202110232002540005267056:
6202110232002560005266099:
6202110232002590008431645:
6202110232003070005012521:
6202110232003180005006528:
6202110232003270005006747:
6202110232003290005254537:
6202110232003310009309829:
6202110232003390009280051:
6202110232003490008517056:
6202110232003530009288870:
6202110232003570004947366:
6202110232003590004975787:
6202110232004070004947159:
6202110232004490004969132:
6202110232004520008683421:
6202110232004570004968208:
6202110232005500004999443:
6202110232005520008506766:
6202110232006180004951537:
6202110232006220006042240:
6202110232006250004951537:
6202110232008040004990111:
6202110232010270004961333:
6202110232014170004998663:
6202110232015470008703345:
6202110232042050005249718:
6202110232043550009305197:
6202110232044030008498988:
6202110232047180005262034:
6202110232100130006028757:
6202110232101500004935891:
6202110232103250006039130:
6202110232108260007412611:
6202110232116070004989820:
6202110232109200008676957:
6202110232102080008500401:
6202110232112100008713215:
6202110232112270004985960:
6202110232116510009282101:
6202110232117420004975841:
6202110232143460004988378:
6202110232151510009305197:
6202110232158020008710216:
6202110232158030004928581:
6202110232158050008710216:
6202110232158540005248660:
6202110232159130004980976:
6202110232159240004990107:
6202110232159260004988079:
6202110232159280008692117:
6202110232159300008515502:
6202110232159310005250568:
6202110232159330004974136:
6202110232159370004975477:
6202110232159400009346367:
6202110232159420004965502:
6202110232159440009343174:
6202110232159460009252970:
6202110232159470008699992:
6202110232159490005248661:
6202110232159510008494201:
6202110232159520008497634:
6202110232159540009254212:
6202110232159560005001262:
6202110232159580004962972:
6202110232159590004926757:
6202110232200010004942841:
6202110232200020005011308:
6202110232200040005248599:
6202110232200050009306586:
6202110232200070000424146:
6202110232200080004986730:
6202110232200100004948881:
6202110232200120004986730:
6202110232200130008696238:
6202110232200150007407459:
6202110232200180005254540:
6202110232200200004937222:
6202110232200210008492549:
6202110232200230005005263:
6202110232200240009247696:
6202110232200260004966591:
6202110232200270004967606:
6202110232200280008689944:
6202110232200300008680900:
6202110232200310004981546:
6202110232200330004990979:
6202110232200350009339195:
6202110232200370008507829:
6202110232200380006015460:
6202110232200400004946192:
6202110232200410005254706:
6202110232200430006030484:
6202110232200450004968194:
6202110232200460004968100:
6202110232200480008497774:
6202110232200500005250566:
6202110232200510004927539:
6202110232200530009282114:
6202110232200550004993672:
6202110232200570009226447:
6202110232200580001087528:
6202110232201000005263716:
6202110232201020009295891:
6202110232201030007419049:
6202110232201050004991528:
6202110232201060004952169:
6202110232201080009339144:
6202110232201100004942040:
6202110232201110004926646:
6202110232201130005255709:
6202110232201140004967379:
6202110232201160006025806:
6202110232201170009233704:
6202110232201190007409900:
6202110232201200009232653:
6202110232201220008697764:
6202110232201230004961022:
6202110232201250004926646:
6202110232201270004965031:
6202110232201290004961022:
6202110232201310004926646:
6202110232201330005001068:
6202110232201340009254908:
6202110232201360004926646:
6202110232201380004989670:
6202110232201410004966490:
6202110232201430004989670:
6202110232201440004972456:
6202110232201450009281193:
6202110232201490004953182:
6202110232201500009278808:
6202110232201520008504091:
6202110232201530008494613:
6202110232201550005006239:
6202110232201570004922029:
6202110232201580008497935:
6202110232202000005009021:
6202110232202020004957235:
6202110232202040005255708:
6202110232202050009283164:
6202110232202070009287614:
6202110232202080004921905:
6202110232202100004956498:
6202110232202110008516772:
6202110232202130005252076:
6202110232202140004987025:
6202110232202160004968886:
6202110232202180004967806:
6202110232202200001114611:
6202110232202220005255416:
6202110232202240004923617:
6202110232202260009240533:
6202110232202280003892332:
6202110232202300005008846:
6202110232202320004989794:
6202110232202340004923400:
6202110232202360004982397:
6202110232202380008708560:
6202110232202400006039510:
6202110232202420004998074:
6202110232202440006037924:
6202110232202460004976000:
6202110232202480004934669:
6202110232202500004927029:
6202110232202520004934669:
6202110232202540004975690:
6202110232202560008698315:
6202110232202580004982680:
6202110232202590005254536:
6202110232203010008495468:
6202110232203020008498188:
6202110232203050004989502:
6202110232203100009292077:
6202110232203130004933902:
6202110232203160005005063:
6202110232203180008688253:
6202110232203200005272252:
6202110232203220004972764:
6202110232203240008506597:
6202110232203280008499075:
6202110232203300007402498:
6202110232203320008506074:
6202110232203340000431430:
6202110232204200009234486:
6202110232205250004930608:
6202110232206190007398203:
6202110232206420009234108:
6202110232206450009292116:
6202110232206540004936854:
6202110232206560004964545:
6202110232206570006039129:
6202110232207030008708048:
6202110232208380009254207:
6202110232211140009348543:
6202110232211150004979341:
6202110232213330009241075:
6202110232213370005006025:
6202110232206190004992307:
6202110232208070004951327:
6202110232213110004989820:
6202110232259000005254708:
6202110232259240006022160:
6202110232259270006026834:
6202110232259290005254539:
6202110232259310005010841:
6202110232259330009335539:
6202110232259350005265555:
6202110232259370004962579:
6202110232259400004936685:
6202110232259420004941774:
6202110232259440008511510:
6202110232259470008512859:
6202110232259490007402512:
6202110232259500004963921:
6202110232259580004928616:
6202110232300020008492480:
6202110232300040004961532:
6202110232300060008508290:
6202110232300070006033720:
6202110232300090005268686:
6202110232300260009331842:
6202110232300280009243147:
6202110232300300004996986:
6202110232300460009278607:
6202110232301010004990953:
6202110232301030005252028:
6202110232301050006017488:
6202110232301070008494010:
6202110232301110009322590:
6202110232301140004987910:
6202110232301160005260613:
6202110232301180006031524:
6202110232301210008517323:
6202110232301220009277203:
6202110232301240006036994:
6202110232301260008690234:
6202110232301280009339211:
6202110232301320004929202:
6202110232301410004950131:
6202110232301440005252026:
6202110232302270005007161:
6202110232303000008708003:
8202110230749120001077425:
8202110230749130004936688:
8202110230749150004981013:
8202110230749170004951868:
8202110230749180005264545:
8202110230749200007396382:
8202110230749220004965170:
8202110230749240005264545:
8202110230749260008445656:
8202110230749270004969304:
8202110230749290004936293:
8202110230749300008511681:
8202110230749320008504234:
8202110230749360006015165:
8202110230749390005001511:
8202110230749420004929198:
8202110230749440004953437:
8202110230749470009305260:
8202110230749540005255714:
8202110230750000004179142:
8202110230750050004929408:
8202110230750100005250565:
8202110230750110008708048:
8202110230750340008493092:
8202110230750580004929419:
8202110230750590008716113:
8202110230751010004962411:
8202110230751070008496149:
8202110230751110009250787:
8202110230751160008500626:
8202110230751200004968173:
8202110230751440009322602:
8202110230751530008510188:
8202110230751570004967114:
8202110230752070008690224:
8202110230752100009234249:
8202110230752270004974233:
8202110230752320004991542:
8202110230752350007421253:
8202110230752410005001262:
8202110230752430004932608:
8202110230752450004972421:
8202110230752470004968761:
8202110230752530006021988:
8202110230753120009273291:
8202110230753240007407499:
8202110230754060009296645:
8202110230754150006028960:
8202110230754170009346340:
8202110230754190006036504:
8202110230754210004926919:
8202110230754230004968592:
8202110230754300005004322:
8202110230754320006036336:
8202110230754340004947956:
8202110230754350008710875:
8202110230754420008679170:
8202110230754440008500083:
8202110230755340009252994:
8202110230755360009341511:
8202110230755380005265552:
8202110230755390004957311:
8202110230755410004941228:
8202110230755420004927575:
8202110230755440008512783:
8202110230755470008504736:
8202110230755490004965343:
8202110230755570004929713:
8202110230755590004952880:
8202110230756060009346055:
8202110230756110005008358:
8202110230756470004931038:
8202110230756520004990686:
8202110230757000008517323:
8202110230757240009311280:
8202110230757260005248602:
8202110230757280004169060:
8202110230757390004987910:
8202110230757470006022158:
8202110230757500009233695:
8202110230757560000431385:
8202110230758000001087543:
8202110230758030008499471:
8202110230758170004929270:
8202110230758320009327620:
8202110230758380004996470:
8202110230758560009346685:
8202110230758580006036997:
8202110230759030005254706:
8202110230759060006028799:
8202110230759220009226433:
8202110230800200005270181:
8202110231659330001077425:
8202110231701190004926919:
8202110231704280009272187:
8202110231711580009354827:
8202110231802020004169060:
8202110231900340004975565:
8202110231901210005008358:
8202110231901230004968761:
8202110231901250007421253:
8202110231901270009346685:
8202110231901290005270181:
8202110231901310004929270:
8202110231901330008495426:
8202110231901350008499706:
8202110231901370008511222:
8202110231901380004981013:
8202110231901410009305260:
8202110231901420006021988:
8202110231901450004947956:
8202110231901470009342143:
8202110231901480005004322:
8202110231901500005001511:
8202110231901520009342978:
8202110231901530004972421:
8202110231901550004990686:
8202110231901570005012741:
8202110231901590004974233:
8202110231902010001087543:
8202110231902030009283323:
8202110231902040003126360:
8202110231902080004927575:
8202110231902100004996716:
8202110231902120008499867:
8202110231902140009327620:
8202110231902160006036336:
8202110231902180009226821:
8202110231902220006036997:
8202110231902250009250787:
8202110231902280004965343:
8202110231902290009296645:
8202110231902360008496149:
8202110231902390009339818:
8202110231902450006041875:
8202110231902480004932608:
8202110231902490005254710:
8202110231902510000431385:
8202110231902540008495556:
8202110231902570006015165:
8202110231903020006020192:
8202110231903080008496149:
8202110231903120008679170:
8202110231903150006030145:
8202110231903440009252994:
8202110231903480004993934:
8202110231903490006027345:
8202110231903580009343592:
8202110231904060006028957:
8202110231904090006036504:
8202110231904120006028960:
8202110231904150008504736:
8202110231904280006022158:
8202110231904380004953135:
8202110231904560005006315:
8202110231905080008509836:
8202110231905100004968592:
8202110231905280008500083:
8202110231905470009324629:
8202110231905490009252962:
8202110231905520009226797:
8202110231906090006028799:
8202110231906150004969304:
8202110231906410008498021:
8202110231907550004966674:
8202110231911050004966178:
8202110231912270004953650:
8202110231913520005005802:
8202110231913540004927939:
8202110231914080004929408:
8202110231959240008690224:
8202110232000210004924511:
8202110232001200004990375:
8202110232001290009232629:
8202110232001550004972892:
8202110232002150004929641:
8202110232002170004948289:
8202110232002190005252024:
8202110232002360005248459:
8202110232002520009290271:
8202110232003200004965482:
8202110232003310005254534:
8202110232003330004952531:
8202110232003360008445656:
8202110232003460009246202:
8202110232004010004936688:
8202110232004050004988966:
8202110232004270004045200:
8202110232005020008500626:
8202110232005120004965170:
8202110232005190009348776:
8202110232005310005252020:
8202110232005420004951868:
8202110232007210008493092:
8202110232008190004967114:
8202110232041060004179142:
8202110232200030004936293:
8202110232200050008512783:
8202110232200070004991542:
8202110232200090008710875:
8202110232200110004931038:
8202110232200130005255714:
8202110232200150009234249:
8202110232200160008499471:
8202110232200210009226391:
8202110232200230008501835:
8202110232200250002854367:
8202110232200260009346340:
8202110232200280005252017:
8202110232200290004935638:
8202110232200310009341511:
8202110232200330009343593:
8202110232200340009273291:
8202110232200360004949695:
8202110232200370004164864:
8202110232200400008502693:
8202110232200450009253739:
8202110232200580008511681:
8202110232201000007396382:
8202110232201050005264545:
8202110232201060008506912:
8202110232201130009226433:
8202110232201160003126147:
8202110232201180009352010:
8202110232201230009233697:
8202110232201280004957855:
8202110232201560008500493:
8202110232202110007407499:
8202110232202140008503089:
8202110232202490009311280:
8202110232204480005252016:
8202110232205200004968173:
8202110232205240005252016:
8202110232205270008494964:
8202110232205530005252028:
8202110232209380009290264:
