2202110200000310009351823:
2202110200000350009330833:
2202110200000390004958379:
2202110200000460004990401:
2202110200000540004949177:
2202110200001220008515021:
2202110200001420009321395:
2202110200001440008493366:
2202110200001580009326645:
2202110200002020006030142:
2202110200002120004966903:
2202110200002190008500312:
2202110200717500009254926:
2202110200722470008497657:
2202110200723400008503198:
2202110200725540004951027:
2202110200736380004933649:
2202110200736460008494564:
2202110200737170009246193:
2202110200739520008497276:
2202110200739560004966050:
2202110200739580007398914:
2202110200740210008429638:
2202110200740420006021875:
2202110200741040004924346:
2202110200741180004958165:
2202110200741230009226393:
2202110200741320004968394:
2202110200741560008677773:
2202110200742290009291663:
2202110200742330006022439:
2202110200743070006036505:
2202110200743190009307295:
2202110200744140009283296:
2202110200744450008506907:
2202110200744560009283296:
2202110200745010009234089:
2202110200745190005255715:
2202110200745470004972767:
2202110200746590004967967:
2202110200747380008681883:
2202110200748020004960782:
2202110200748050004981261:
2202110200748090006022160:
2202110200748120006025806:
2202110200748210006039497:
2202110200749030008512059:
2202110200749130009297569:
2202110200749180004941773:
2202110200749220004968208:
2202110200749270006031526:
2202110200749290004929423:
2202110200749310006751664:
2202110200749390007421743:
2202110200749430004972764:
2202110200749440008504041:
2202110200749560009300596:
2202110200750020008505663:
2202110200750050004964719:
2202110200750070004992022:
2202110200750090004989232:
2202110200750130004930389:
2202110200750240008716113:
2202110200750290004997665:
2202110200750310004968467:
2202110200750470005270839:
2202110200750510001079879:
2202110200750530008680442:
2202110200751020008694944:
2202110200751040009313676:
2202110200751070006030135:
2202110200751090004924676:
2202110200751120009253997:
2202110200751150004968004:
2202110200751160009340824:
2202110200751190008512859:
2202110200751220007402512:
2202110200751330008506912:
2202110200751360007421690:
2202110200751400008706494:
2202110200751430009326612:
2202110200751450008698279:
2202110200751470009339824:
2202110200751510009277203:
2202110200751540004945686:
2202110200752160004970618:
2202110200752180004965814:
2202110200752200004973514:
2202110200752260004940674:
2202110200752380004991528:
2202110200752430008698044:
2202110200752460004986846:
2202110200752500008498188:
2202110200752530005270182:
2202110200753010004975255:
2202110200753040005270840:
2202110200753060004963659:
2202110200753070005252019:
2202110200753120005254710:
2202110200753160004929202:
2202110200753210008516772:
2202110200753250005255716:
2202110200753300004929202:
2202110200753330004937490:
2202110200753360004949177:
2202110200753400004929491:
2202110200753460006033001:
2202110200753500004957428:
2202110200753530004995116:
2202110200753560007421210:
2202110200754030007414082:
2202110200754050004976407:
2202110200754080006036993:
2202110200754100005252032:
2202110200754120009288870:
2202110200754150009301802:
2202110200754180004989378:
2202110200754230006022852:
2202110200754270009252984:
2202110200754300009254229:
2202110200754320004935186:
2202110200754350009276680:
2202110200754370004986057:
2202110200754410009326618:
2202110200754430009276908:
2202110200754470008701083:
2202110200754490004967416:
2202110200754510008492705:
2202110200755030008709369:
2202110200755050004948851:
2202110200755070008713215:
2202110200755090008492776:
2202110200755110004929645:
2202110200755130004975875:
2202110200755290008424093:
2202110200755350004961221:
2202110200755380008710216:
2202110200755400004949695:
2202110200755421513631101:
2202110200755440004954665:
2202110200755460009226826:
2202110200755470004977027:
2202110200755490009282101:
2202110200755500004933902:
2202110200755520004968716:
2202110200755540004929016:
2202110200755570004948881:
2202110200755590005272807:
2202110200756000002851478:
2202110200756020004921380:
2202110200756030009293911:
2202110200756060005005672:
2202110200756120004928175:
2202110200756140004993146:
2202110200756160009344566:
2202110200756180009339828:
2202110200756190004954090:
2202110200756210005007161:
2202110200756230009341030:
2202110200756250008494333:
2202110200756260004931193:
2202110200756280008709061:
2202110200756300000431412:
2202110200756330009253846:
2202110200756340009346038:
2202110200756370006030142:
2202110200756380004980727:
2202110200756400006021994:
2202110200756420004992439:
2202110200756440006036321:
2202110200756450009302534:
2202110200756470008495972:
2202110200756480005254538:
2202110200756500008514795:
2202110200756520009326645:
2202110200756540009321334:
2202110200756550004962723:
2202110200756570005264544:
2202110200756590005254716:
2202110200757010007402482:
2202110200757030004929235:
2202110200757040009337903:
2202110200757060004966449:
2202110200757070009326618:
2202110200757090009352010:
2202110200757110005254714:
2202110200757140005254539:
2202110200757160009279481:
2202110200757180004992875:
2202110200757200005255708:
2202110200757220004941508:
2202110200757240004935107:
2202110200757260008500184:
2202110200757280005006958:
2202110200757290004968555:
2202110200757320009339821:
2202110200757330004967806:
2202110200757350009232653:
2202110200757370004990953:
2202110200757390005270179:
2202110200757400004953650:
2202110200757440007395592:
2202110200757470009230815:
2202110200757490007395601:
2202110200757510003126147:
2202110200757530009339144:
2202110200757550005006768:
2202110200757560009326438:
2202110200757580006014349:
2202110200757590004950728:
2202110200758010003918790:
2202110200758020009331842:
2202110200758040005258486:
2202110200758060009324572:
2202110200758080004948585:
2202110200758100008509836:
2202110200758120005254540:
2202110200758130009294273:
2202110200758150008495468:
2202110200758170007407459:
2202110200758190009226952:
2202110200758210009283164:
2202110200758230009275335:
2202110200758240004968178:
2202110200758270002851465:
2202110200758280009322682:
2202110200758300007421269:
2202110200758310005254536:
2202110200758330008495556:
2202110200758350009292038:
2202110200758370009254207:
2202110200758380009297664:
2202110200758400004928366:
2202110200758420009279728:
2202110200758430009330833:
2202110200758450008702320:
2202110200758460004964566:
2202110200758480004949598:
2202110200758500004968886:
2202110200758520008701527:
2202110200758530009290264:
2202110200758550009339524:
2202110200758560004967002:
2202110200758580004927029:
2202110200758590007415195:
2202110200759010009314286:
2202110200759020004991554:
2202110200759040009226412:
2202110200759050009300590:
2202110200759090007402467:
2202110200759120009290271:
2202110200759150004921669:
2202110200759180008445992:
2202110200759190009301551:
2202110200759210006042240:
2202110200759240009232378:
2202110200759260004931701:
2202110200759270004947445:
2202110200759290009232378:
2202110200759300006017488:
2202110200759320008492480:
2202110200759330004921669:
2202110200759350008698795:
2202110200759370009325511:
2202110200759380004966802:
2202110200759400008502693:
2202110200759410008707832:
2202110200759450008711249:
2202110200759470005254706:
2202110200759490009324604:
2202110200759500008708992:
2202110200759520006020195:
2202110200759550008497935:
2202110200759570004988917:
2202110200759580004966490:
2202110200800000008499149:
2202110200800020004953953:
2202110200800040009281928:
2202110200800060006022003:
2202110200800080004951928:
2202110200800100004947698:
2202110200800120006041721:
2202110200800140008698315:
2202110200800160008679170:
2202110200800180009342183:
2202110200800210008680789:
2202110200800270004935891:
2202110200800320004970901:
2202110200800410007419049:
2202110200800430008501482:
2202110200800440004951537:
2202110200800470009333812:
2202110200800490009254183:
2202110200800490009282114:
2202110200800520003132773:
2202110200800580009253991:
2202110200801010008494092:
2202110200801020006019315:
2202110200801050008510090:
2202110200801070006033720:
2202110200801090005262048:
2202110200801130009253739:
2202110200801170009307388:
2202110200801180008701103:
2202110200801280006019428:
2202110200801340008500312:
2202110200801390006026834:
2202110200801550009346063:
2202110200802010004960160:
2202110200802050008696238:
2202110200802080004966178:
2202110200802110008692560:
2202110200802200006027540:
2202110200802230005252020:
2202110200802260004992155:
2202110200802310009309829:
2202110200802330004975565:
2202110200802350009298223:
2202110200802420008515578:
2202110200802450008510378:
2202110200802560009346020:
2202110200802580008510378:
2202110200803000009232631:
2202110200803050006029990:
2202110200803080006021991:
2202110200803110006024859:
2202110200803130004996923:
2202110200803150004973825:
2202110200803250006039993:
2202110200803360004923617:
2202110200803430006031525:
2202110200803530008494964:
2202110200803560005254715:
2202110200803580009276489:
2202110200804130004963091:
2202110200804160005254534:
2202110200804180008500889:
2202110200804320006014944:
2202110200804460009305547:
2202110200804570004930162:
2202110200804580009286624:
2202110200805010008686663:
2202110200805060009226392:
2202110200805190009339803:
2202110200805290007402196:
2202110200805380006039506:
2202110200806040006009777:
2202110200806100006042873:
2202110200806320009303525:
2202110200806340004967606:
2202110200806450009343567:
2202110200806530009336990:
2202110200807030008498988:
2202110200807320008426248:
2202110200808120004985430:
2202110200808190007422489:
2202110200808210004991241:
2202110200808230006022855:
2202110200808250007410385:
2202110200808510004996481:
2202110200810250008506632:
2202110200810390008502364:
2202110200810540005248603:
2202110200812100009254002:
2202110200815170006042277:
2202110200815230008712416:
2202110200817150008703345:
2202110200820050009275624:
2202110200822180009310727:
2202110200841310009254000:
2202110200846170009290471:
2202110201658290006751664:
2202110201804460004923110:
2202110201817300008505663:
2202110201846590005248603:
2202110201901180004941773:
2202110201901260002851478:
2202110201901340007415195:
2202110201901430004945686:
2202110201901470004950728:
2202110201902010008497276:
2202110201902240005272807:
2202110201903270009297569:
2202110201903360008510378:
2202110201903380009326618:
2202110201904590005252019:
2202110201905460000431412:
2202110201905570009314286:
2202110201905590000431412:
2202110201906170006019428:
2202110201906220004924346:
2202110201906340008686663:
2202110201906400009226393:
2202110201906450004981261:
2202110201906490005270839:
2202110201907290004960160:
2202110201907570005005672:
2202110201909300008712416:
2202110201909590006022439:
2202110201912590004954665:
2202110201913070009297664:
2202110201913100005254716:
2202110201914070008492705:
2202110201914110004970618:
2202110201914160008492705:
2202110201915410004985430:
2202110201901240006027540:
2202110201958530008506907:
2202110202000020008681883:
2202110202000040004992439:
2202110202000070008429638:
2202110202000100004967967:
2202110202000360009283164:
2202110202001140009246193:
2202110202001180008426248:
2202110202001290004972767:
2202110202001310005255709:
2202110202001590006026834:
2202110202002530004997665:
2202110202002570006023662:
2202110202002590004930389:
2202110202003030005254538:
2202110202003060004968394:
2202110202003090006033001:
2202110202003110008709369:
2202110202003140001079879:
2202110202003190004997665:
2202110202003230004929491:
2202110202003260006030135:
2202110202003280008701527:
2202110202003370006029990:
2202110202003380004921669:
2202110202003520009276908:
2202110202003590009293911:
2202110202004010005255716:
2202110202004040005255715:
2202110202004070009339828:
2202110202004110009307388:
2202110202004480009307295:
2202110202005110009283296:
2202110202005360006021875:
2202110202005530009305260:
2202110202006370007402482:
2202110202007290009346038:
2202110202007310009275335:
2202110202007400004991554:
2202110202010020005270840:
2202110202013460009226392:
2202110202017030007402467:
2202110202017360004962723:
2202110202017440004966802:
2202110202008260008497657:
2202110202010400006022855:
2202110202012440009286624:
2202110202016530004963659:
2202110202011430004958165:
2202110202013080005007161:
2202110202043270004967590:
2202110202056560004928152:
2202110202105070006041103:
2202110202105140006019315:
2202110202107440006019315:
2202110202108000006041103:
2202110202108090006019315:
2202110202110180008499075:
2202110202155380008703693:
2202110202156480008508441:
2202110202156510005270179:
2202110202157000008701274:
2202110202157070009302534:
2202110202158320009254207:
2202110202159010004928389:
2202110202159020008709061:
2202110202159140008714113:
2202110202159160004996481:
2202110202159180005009715:
2202110202159220008515502:
2202110202159250004967710:
2202110202159270005248600:
2202110202159370004968544:
2202110202159410005001068:
2202110202159430007421743:
2202110202159480009346020:
2202110202200250004931701:
2202110202200350006022003:
2202110202200490007421210:
2202110202200540009277203:
2202110202200590004966591:
2202110202201050009277203:
2202110202201080008701103:
2202110202201100004966591:
2202110202201120004968004:
2202110202201140004991528:
2202110202201160006017488:
2202110202201180009281928:
2202110202201200009290264:
2202110202201210009281928:
2202110202201240006024859:
2202110202201260004992875:
2202110202201290007421690:
2202110202201330009280051:
2202110202201360006018008:
2202110202201400004962761:
2202110202201490004961644:
2202110202201550005008846:
2202110202202040007422489:
2202110202202190008492549:
2202110202202380004929423:
2202110202202460004951537:
2202110202204050004998074:
2202110202205020008692450:
2202110202207360009232378:
2202110202207390007401654:
2202110202207420009330833:
2202110202207560005004855:
2202110202208040001083110:
2202110202209380004934727:
2202110202209470004933960:
2202110202208550004930608:
3202110200734220008501288:
3202110200736200006031524:
3202110200737340008494010:
3202110200738210004988205:
3202110200739370001099428:
3202110200740390004974136:
3202110200740420004965170:
3202110200740470004951868:
3202110200743050005255713:
3202110200743200008692290:
3202110200743250005264547:
3202110200744290004968838:
3202110200744290004987236:
3202110200745040005001068:
3202110200745250009300618:
3202110200745290005263714:
3202110200745320008680900:
3202110200745500008501953:
3202110200746270005262034:
3202110200747140005250572:
3202110200747190005011155:
3202110200747200009234458:
3202110200747510005011308:
3202110200748190008497634:
3202110200748210004974727:
3202110200748290004986942:
3202110200748310004935446:
3202110200748340009295891:
3202110200748370006028957:
3202110200748390006028953:
3202110200748410006039016:
3202110200748440004937222:
3202110200748460004998074:
3202110200748480008711197:
3202110200748500004933136:
3202110200748530004952471:
3202110200748560008698121:
3202110200749020009348776:
3202110200749330004986730:
3202110200749490004975787:
3202110200749550008703693:
3202110200749580005007370:
3202110200750020004989657:
3202110200750060009306586:
3202110200750130007418333:
3202110200750150009343149:
3202110200750230005005263:
3202110200750260004969304:
3202110200750280005248596:
3202110200750310004968472:
3202110200750340004962972:
3202110200750360009283931:
3202110200751000004926757:
3202110200751090009322602:
3202110200751150004966279:
3202110200751170008503303:
3202110200751200004972456:
3202110200751230009236868:
3202110200751260009323446:
3202110200751280009324879:
3202110200751360004993672:
3202110200751420005004742:
3202110200751440008708003:
3202110200751480005250571:
3202110200752010009252962:
3202110200752110005272252:
3202110200752150004926955:
3202110200752200009324637:
3202110200752230005250567:
3202110200752260004966591:
3202110200752340008684967:
3202110200752510008692032:
3202110200752540008492410:
3202110200753050008499556:
3202110200753120005006315:
3202110200753150004959868:
3202110200753170009326626:
3202110200753190009277203:
3202110200753260005264521:
3202110200753360008498021:
3202110200753380009336959:
3202110200753410008498021:
3202110200753440005272314:
3202110200753470004927539:
3202110200753500004928640:
3202110200753510009325535:
3202110200753530005248597:
3202110200753550004949833:
3202110200753570005265556:
3202110200753590005009715:
3202110200754010008518736:
3202110200754040006018008:
3202110200754060004957118:
3202110200754100009335560:
3202110200754270009342954:
3202110200754310004942841:
3202110200754350005255416:
3202110200754360009280051:
3202110200754380008687514:
3202110200754410009327615:
3202110200754440004929202:
3202110200754570004934470:
3202110200754590004999443:
3202110200755040008503489:
3202110200755070004928152:
3202110200755100009309524:
3202110200755130008504091:
3202110200755160005250568:
3202110200755190004970930:
3202110200755230008691341:
3202110200755260004964233:
3202110200755290004952229:
3202110200755310004968544:
3202110200755370003137991:
3202110200755410008690234:
3202110200755430006025823:
3202110200755460004949140:
3202110200755480002851443:
3202110200755500004949437:
3202110200755530005009382:
3202110200755540004950429:
3202110200755560005252022:
3202110200756000009339930:
3202110200756020005252018:
3202110200756060006036336:
3202110200756080004923548:
3202110200756100008517323:
3202110200756130009287195:
3202110200756150006039974:
3202110200756210005264549:
3202110200756240008503339:
3202110200756270009226817:
3202110200756300008503339:
3202110200756310004929645:
3202110200756480004949239:
3202110200756500008680280:
3202110200756530005269401:
3202110200756550009286996:
3202110200756570008690203:
3202110200756590008717268:
3202110200757010005008846:
3202110200757030004965502:
3202110200757040008714702:
3202110200757060005008846:
3202110200757080004948844:
3202110200757100005250566:
3202110200757140009339802:
3202110200757160004980976:
3202110200757190004936029:
3202110200757220005250566:
3202110200757240008692117:
3202110200757270009234248:
3202110200757290008493217:
3202110200757300006023662:
3202110200757320004968592:
3202110200757340008699992:
3202110200757370004998281:
3202110200757380004964407:
3202110200757410000424146:
3202110200757440009343593:
3202110200757460009342978:
3202110200757480005252027:
3202110200757500008689944:
3202110200757520006039541:
3202110200757540008499165:
3202110200757560008686117:
3202110200757570008514795:
3202110200758000004990107:
3202110200758020005248598:
3202110200758040008507829:
3202110200758060004936149:
3202110200758080008708560:
3202110200758110009343384:
3202110200758130009308083:
3202110200758150004967710:
3202110200758190009351758:
3202110200758220005252021:
3202110200758250006030480:
3202110200758330008677829:
3202110200758400004973922:
3202110200758460008697764:
3202110200758480004158333:
3202110200758530005264522:
3202110200758570004994835:
3202110200758580009339195:
3202110200759000009326658:
3202110200759020005248601:
3202110200759040004953650:
3202110200759060004935794:
3202110200759090006015460:
3202110200759130004164864:
3202110200759160007395592:
3202110200759190003126147:
3202110200759210004989794:
3202110200759340009275492:
3202110200759370004948289:
3202110200759400004988378:
3202110200759430009322590:
3202110200759470009226952:
3202110200759490008696388:
3202110200759580008515502:
3202110200800040008714113:
3202110200800210009354391:
3202110200800420008506597:
3202110200800460009321321:
3202110200800520004964545:
3202110200801050004930608:
3202110200803170004998055:
3202110200842540004947661:
3202110201703290006039506:
3202110201756350008493217:
3202110201802380004949140:
3202110201900000008514966:
3202110201901040004946812:
3202110201901170008692032:
3202110201901190008687514:
3202110201901290009343384:
3202110201901300004952471:
3202110201901320009236868:
3202110201901340008498021:
3202110201901360009287195:
3202110201901380009234457:
3202110201901410008498021:
3202110201901420009342962:
3202110201902010008502189:
3202110201902100008693920:
3202110201902130008501288:
3202110201902190009279481:
3202110201902440004948844:
3202110201902510007402196:
3202110201903100004953650:
3202110201903410004968838:
3202110201904000008677829:
3202110201904080009326626:
3202110201904100000424146:
3202110201904120008680442:
3202110201906200006042240:
3202110201906290004988205:
3202110201907240004964233:
3202110201907270009292038:
3202110201902470008503489:
3202110201948410008698121:
3202110201956360004950429:
3202110201959120005272314:
3202110201959510005001262:
3202110201959540009346367:
3202110202000000009343174:
3202110202000020009354581:
3202110202000040004927539:
3202110202000120005005263:
3202110202000350005248661:
3202110202000400009234458:
3202110202000510009274443:
3202110202001120004937222:
3202110202001290006023662:
3202110202001530009343567:
3202110202002170005007370:
3202110202002220001099428:
3202110202002290004936029:
3202110202002450005252024:
3202110202002570005011308:
3202110202003160005252024:
3202110202003590009354391:
3202110202004350009348776:
3202110202004370006039974:
3202110202004400004972456:
3202110202004520009247696:
3202110202004540009339144:
3202110202004560006030145:
3202110202004580004926955:
3202110202005010004949437:
3202110202005090008502693:
3202110202005470005250568:
3202110202006110008710216:
3202110202006160006025823:
3202110202006250009284157:
3202110202006590004934470:
3202110202007190008492065:
3202110202007260000424167:
3202110202008360004975477:
3202110202008420004973922:
3202110202009260005248598:
3202110202014160004949833:
3202110202014260009321321:
3202110202037240008494092:
3202110202107330008494092:
3202110202120370009351758:
3202110202147380009346063:
3202110202153080004985960:
3202110202154500004928581:
3202110202155080008506632:
3202110202158020009323446:
3202110202158060004935446:
3202110202158080004986942:
3202110202158090003918790:
3202110202158110009348748:
3202110202158130005263716:
3202110202158160009343149:
3202110202158170004967710:
3202110202158180009272418:
3202110202158210009309829:
3202110202158220008494010:
3202110202158240004948881:
3202110202158260005254542:
3202110202158270004988079:
3202110202158290004974136:
3202110202158300004999443:
3202110202158320005265558:
3202110202158340005009382:
3202110202158340009324637:
3202110202158370005265558:
3202110202158430004994835:
3202110202158450008709488:
3202110202158470005264549:
3202110202158500005011155:
3202110202158520009354582:
3202110202158540005269401:
3202110202159000006041721:
3202110202159020008518736:
3202110202159060008495972:
3202110202159070009306586:
3202110202159100006028953:
3202110202159120004965502:
3202110202159170009327615:
3202110202159210005264522:
3202110202159240005248601:
3202110202159260004949239:
3202110202159280004942841:
3202110202159310009336959:
3202110202159330009354349:
3202110202159350009335560:
3202110202159390003137991:
3202110202159450008492410:
3202110202159480005004742:
3202110202159510009339802:
3202110202200000006015460:
3202110202200020005248597:
3202110202200030008507829:
3202110202200040008684967:
3202110202200060008680900:
3202110202200080008689944:
3202110202200090005265558:
3202110202200110008684967:
3202110202200120006018008:
3202110202200140008500889:
3202110202200150008686117:
3202110202200180008717268:
3202110202200200008711249:
3202110202200210004987236:
3202110202200240008711197:
3202110202200260004966362:
3202110202200280009326658:
3202110202200290008692290:
3202110202200310008708560:
3202110202200320005248660:
3202110202200340005248596:
3202110202200360005255416:
3202110202200380009286387:
3202110202200390008691341:
3202110202200410009324879:
3202110202200420005252018:
3202110202200450009300618:
3202110202200470004936854:
3202110202200480008503303:
3202110202200500009342954:
3202110202200510004957118:
3202110202200530004928640:
3202110202200550008714702:
3202110202200570008445992:
3202110202200580007418333:
3202110202201000008715839:
3202110202201020004929202:
3202110202201040004947661:
3202110202201060004929202:
3202110202201080008494201:
3202110202201100005249720:
3202110202201120005252027:
3202110202201130005254715:
3202110202201150008504091:
3202110202201160004951537:
3202110202201180008492549:
3202110202201200008514795:
3202110202201210008499165:
3202110202201230008679943:
3202110202201250008499556:
3202110202201270004980976:
3202110202201310009275492:
3202110202201370009295891:
3202110202201390004975787:
3202110202201400008503339:
3202110202201430004998281:
3202110202201440008690203:
3202110202201450005264521:
3202110202201470008503339:
3202110202201480005255713:
3202110202201510009339930:
3202110202201530005250572:
3202110202201540008517323:
3202110202201560009308083:
3202110202201570005250572:
3202110202201590009326438:
3202110202202010009230815:
3202110202202020004923699:
3202110202202040009325535:
3202110202202050007395592:
3202110202202070005250571:
3202110202202080006030480:
3202110202202110004998055:
3202110202202140004923617:
3202110202202160008497634:
3202110202202180004964407:
3202110202202200004989794:
3202110202202210008693892:
3202110202202230008680280:
3202110202202240005250567:
3202110202202260005272252:
3202110202202280008697764:
3202110202202300008506597:
3202110202202330006039016:
3202110202202360004998074:
3202110202202370008690234:
3202110202202400004959868:
3202110202202420006020195:
3202110202202470008698795:
3202110202203120007407499:
3202110202203530004988378:
3202110202204110003126147:
3202110202204140009233697:
3202110202204190004968555:
3202110202204210004935107:
3202110202204350004936149:
3202110202206190005254931:
3202110202213110006042277:
3202110202213140008708003:
3202110202213210006042277:
3202110202214190009234108:
3202110202214220004968173:
3202110202209210004968472:
3202110202209230004973825:
3202110202214580004975255:
3202110202254400008677773:
3202110202304020004929937:
3202110202305040004966178:
3202110202305150008677903:
3202110202305180005264547:
3202110202305200009234248:
3202110202305220009300590:
3202110202305240004967585:
3202110202305260009300590:
3202110202307220009344566:
3202110202313170007411174:
4202110200740050008495426:
4202110200743170005250565:
4202110200744540005264545:
4202110200745080001087543:
4202110200745140009285513:
4202110200745170009234486:
4202110200745520004972421:
4202110200746100005254930:
4202110200747350008504234:
4202110200747390006015165:
4202110200748070006027612:
4202110200748430005001511:
4202110200749020005255714:
4202110200749430007398203:
4202110200750180004965482:
4202110200750270006021988:
4202110200750350008496149:
4202110200750370007396382:
4202110200751170008690224:
4202110200751190004952531:
4202110200751250009338161:
4202110200751390004968173:
4202110200751490005008693:
4202110200751510005265553:
4202110200751530008493092:
4202110200752120000424545:
4202110200752160009331044:
4202110200752230004932608:
4202110200752500008445656:
4202110200752550004936293:
4202110200752570004936688:
4202110200753100006035802:
4202110200753120008494427:
4202110200753160004967114:
4202110200753240009339818:
4202110200753260005005802:
4202110200753280005008358:
4202110200753310004981013:
4202110200753390004924511:
4202110200753410004179142:
4202110200753430004967900:
4202110200753450000424167:
4202110200753480008677903:
4202110200753490009339817:
4202110200753510008511222:
4202110200753530004968761:
4202110200753570009226391:
4202110200753590008695597:
4202110200754000008493340:
4202110200754060008514966:
4202110200754090006022158:
4202110200754150009250787:
4202110200754230004929419:
4202110200754270005004322:
4202110200754290005265557:
4202110200754310004947956:
4202110200754340009342997:
4202110200754360009339792:
4202110200754390004926919:
4202110200754400008501835:
4202110200754510004927575:
4202110200754550008699709:
4202110200754580005254710:
4202110200755000009339225:
4202110200755060008710875:
4202110200755120009324118:
4202110200755140009253995:
4202110200755270009283323:
4202110200755290004923699:
4202110200755320004985960:
4202110200755340004962411:
4202110200755370008512783:
4202110200755420009252994:
4202110200755430009341511:
4202110200755460008499867:
4202110200755530009311280:
4202110200755560009342143:
4202110200756070009326600:
4202110200756100004996470:
4202110200756150004952880:
4202110200756170009295454:
4202110200756220003117204:
4202110200756250004981546:
4202110200756280004990085:
4202110200756320008510188:
4202110200756350004948548:
4202110200756400004990686:
4202110200756470004929270:
4202110200756570009234108:
4202110200756590009346055:
4202110200757010007401131:
4202110200757030004169060:
4202110200757060004965343:
4202110200757150004941228:
4202110200757200009234249:
4202110200757210004957855:
4202110200757230005265552:
4202110200757250004939835:
4202110200757270003126360:
4202110200757300004957311:
4202110200757320009232629:
4202110200757340009272187:
4202110200757370004963073:
4202110200757420009346685:
4202110200757440009233695:
4202110200757460006028799:
4202110200757470006039129:
4202110200757490007402498:
4202110200757540008504736:
4202110200757560004948259:
4202110200758000004953135:
4202110200758020008499706:
4202110200758040006027345:
4202110200758060004927939:
4202110200758080006036997:
4202110200758100009230812:
4202110200758120009342981:
4202110200758150004993409:
4202110200758160005270181:
4202110200758180004993934:
4202110200758200004931038:
4202110200758250009354827:
4202110200758430004974233:
4202110200758450009226797:
4202110200758520009327620:
4202110200758550009352010:
4202110200758580000431385:
4202110200759030006030145:
4202110200759040009246202:
4202110200759070008499471:
4202110200759100006041875:
4202110200759190009226821:
4202110200759210007407499:
4202110200759240004953788:
4202110200759320007395601:
4202110200759370009351768:
4202110200759390009341742:
4202110200759410005248602:
4202110200759480008509836:
4202110200759560009247696:
4202110200759580004929641:
4202110200800090009226433:
4202110200800130004972892:
4202110200800150009346035:
4202110200800210004982114:
4202110200800260008500493:
4202110200800430009305260:
4202110200800450005252028:
4202110200800530006036876:
4202110200801000005010999:
4202110200801430008679170:
4202110200801450008503089:
4202110200802330005258488:
4202110200802530004933960:
4202110200806570002854367:
4202110200810260004938474:
4202110200811410008519041:
4202110200824310004921785:
4202110201704270009342981:
4202110201718330004939835:
4202110201800340004993409:
4202110201802360009272187:
4202110201816420008510188:
4202110201900390009324118:
4202110201900410009254212:
4202110201900440004989259:
4202110201900460005270181:
4202110201900490009252994:
4202110201900510004953437:
4202110201900530009346055:
4202110201900540005008693:
4202110201900560004963073:
4202110201900570008499867:
4202110201900590004951868:
4202110201901010007401131:
4202110201901020004965170:
4202110201901040004926919:
4202110201901060004967114:
4202110201901080005258488:
4202110201901090009346685:
4202110201901110004972892:
4202110201901170004974233:
4202110201901220004927575:
4202110201901240009296645:
4202110201901250009250787:
4202110201901270004968761:
4202110201901290009342978:
4202110201901420005255714:
4202110201901430005010999:
4202110201901450009290271:
4202110201901480009327620:
4202110201901500005008358:
4202110201901520004981013:
4202110201901540005265552:
4202110201901570004965343:
4202110201902010005254710:
4202110201902030008512783:
4202110201902051513631101:
4202110201902110008499471:
4202110201902130004932608:
4202110201902170006027345:
4202110201902180004932608:
4202110201902200004962411:
4202110201902400008504234:
4202110201903020004964566:
4202110202000010004931038:
4202110202000200008493092:
4202110202001330009230812:
4202110202001580004975565:
4202110202002000004990085:
4202110202002120004990686:
4202110202002140008495556:
4202110202002260004988966:
4202110202002350004929270:
4202110202003070004169060:
4202110202003080004989657:
4202110202003100008710875:
4202110202003190009246202:
4202110202003210006041875:
4202110202003310004957855:
4202110202003440009305260:
4202110202005250009343593:
4202110202006150008699709:
4202110202006240008707911:
4202110202006360004938474:
4202110202007020004967900:
4202110202009500009311280:
4202110202014020009346035:
4202110202016030009232651:
4202110202007300004951027:
4202110202009080008519041:
4202110202101530009331044:
4202110202110560004968592:
4202110202159140008695597:
4202110202159150006035802:
4202110202159170009351768:
4202110202159200008708048:
4202110202159220008493340:
4202110202159250004045200:
4202110202159270006036994:
4202110202159310004930162:
4202110202159340004953788:
4202110202159470004991241:
4202110202159480004953788:
4202110202159520005264545:
4202110202200020000424545:
4202110202200050005265557:
4202110202200080004952880:
4202110202200100007396382:
4202110202200120007395601:
4202110202200150004929419:
4202110202200160008501835:
4202110202200180004965482:
4202110202200240004957311:
4202110202200260004947956:
4202110202200270008690224:
4202110202200310005260613:
4202110202200380005254534:
4202110202200400005004322:
4202110202200420004952531:
4202110202200440009337903:
4202110202200460004972421:
4202110202200470004929641:
4202110202200490008500493:
4202110202200510006021988:
4202110202200530009339225:
4202110202200540005001511:
4202110202200560004164864:
4202110202200580002851443:
4202110202201040009226433:
4202110202201060005006315:
4202110202201080004948548:
4202110202201100009226817:
4202110202201110005254706:
4202110202201130009336990:
4202110202201220004974727:
4202110202201370006022158:
4202110202201390009341511:
4202110202201410004969304:
4202110202201470008509836:
4202110202201500009234249:
4202110202202010001087543:
4202110202202090006036336:
4202110202202140009346340:
4202110202203500008500083:
4202110202203520009341742:
4202110202203540008679170:
4202110202205560006039129:
4202110202209150007398203:
4202110202210040005252025:
4202110202210100004951928:
4202110202212130004179142:
4202110202212160005252016:
4202110202300570004941228:
4202110202301460008506912:
4202110202308240004951928:
4202110202308450008494964:
5202110200000020008513950:
5202110200000040004923454:
5202110200000060009279709:
5202110200000070004990401:
5202110200000090009233710:
5202110200000110006032924:
5202110200000170004936419:
5202110200000250008515021:
5202110200000270008699606:
5202110200000460009351308:
5202110200000480008699606:
5202110200000500009226826:
5202110200000530009282809:
5202110200000560004934727:
5202110200000581513645885:
5202110200001010004934727:
5202110200001030004980727:
5202110200001040009346170:
5202110200001070008509901:
5202110200001080008500312:
5202110200001100004989232:
5202110200001110004998401:
5202110200001130009321395:
5202110200001140008493366:
5202110200001160006030142:
5202110200001180004947070:
5202110200001200008694659:
5202110200001230004947070:
5202110200001250008503171:
5202110200001270004972482:
5202110200001290005255712:
5202110200001310004936951:
5202110200001360009339273:
5202110200001400004966903:
5202110200001420009276680:
5202110200001460009234480:
5202110200001500008500184:
5202110200001520009241934:
5202110200001550009286880:
5202110200002270008500113:
5202110200003300004961221:
5202110200004060004943327:
5202110200004070004933649:
5202110200004110008706494:
5202110200004130009324076:
5202110200004160004966690:
5202110200004190009339803:
5202110200735140004989816:
5202110200736140004994596:
5202110200736310009290365:
5202110200737500004972793:
5202110200740290004998138:
5202110200740320004975531:
5202110200740350004974447:
5202110200740440009305457:
5202110200740520004924019:
5202110200740570004989528:
5202110200741080007404782:
5202110200741360004976717:
5202110200741410004973203:
5202110200742290001079288:
5202110200742370009346707:
5202110200742420004957738:
5202110200742440009236809:
5202110200743440004995938:
5202110200743480004938202:
5202110200744180008499208:
5202110200744200006039969:
5202110200744230007402194:
5202110200744360004989073:
5202110200744390004974855:
5202110200744410009339273:
5202110200744430004966418:
5202110200745090004951627:
5202110200745140005012946:
5202110200745170004967585:
5202110200745390009347607:
5202110200745500004946775:
5202110200745570004961787:
5202110200746240004949101:
5202110200746590004950937:
5202110200747270004947070:
5202110200747300004950937:
5202110200748020004943327:
5202110200748140004922969:
5202110200748271513645885:
5202110200748360009324076:
5202110200748470004951489:
5202110200748570004994074:
5202110200749100004936951:
5202110200749140008517932:
5202110200749250004950845:
5202110200749270006032924:
5202110200749290009351308:
5202110200749350009346170:
5202110200749400004990979:
5202110200749440005255711:
5202110200749490009296798:
5202110200749560004941773:
5202110200750030004967296:
5202110200750070004997809:
5202110200750090008503915:
5202110200750120004927306:
5202110200750140005258489:
5202110200750180004997873:
5202110200750290004961404:
5202110200750360004936419:
5202110200750400004966761:
5202110200750430004990397:
5202110200750480004998401:
5202110200751030004969726:
5202110200751100005254709:
5202110200751120008699606:
5202110200751130008493286:
5202110200751270004932362:
5202110200751290006015163:
5202110200751310008516236:
5202110200751330009346362:
5202110200751370004966591:
5202110200751480004968004:
5202110200751510009340824:
5202110200751520009234480:
5202110200751560007401654:
5202110200751580004952169:
5202110200752000007412611:
5202110200752070006030130:
5202110200752100005266100:
5202110200752120008694659:
5202110200752160008676811:
5202110200752190008509901:
5202110200752210009281193:
5202110200752230004987744:
5202110200752250009282809:
5202110200752270008690529:
5202110200752290004993674:
5202110200752360009230754:
5202110200752420009339219:
5202110200752440009233710:
5202110200752470004957545:
5202110200752490004971518:
5202110200752510004965814:
5202110200752520004966690:
5202110200752550004946517:
5202110200752570004959001:
5202110200752590004973514:
5202110200753010006039493:
5202110200753050007402523:
5202110200753070007402500:
5202110200753100009348762:
5202110200753160006018008:
5202110200753210004972171:
5202110200753230008500113:
5202110200753250004936155:
5202110200753340008717926:
5202110200753360004968298:
5202110200753380005255712:
5202110200753400005254929:
5202110200753420009230781:
5202110200753450008692450:
5202110200753470005006101:
5202110200754010004930576:
5202110200754040008496310:
5202110200754060005004855:
5202110200754090004972420:
5202110200754110008503171:
5202110200754130008510716:
5202110200754170009352009:
5202110200754350004992723:
5202110200754370004924182:
5202110200754400007414082:
5202110200754450004932359:
5202110200754520009327416:
5202110200754540004949398:
5202110200754570004967073:
5202110200754590004931257:
5202110200755010004973075:
5202110200755090005248600:
5202110200755130004927329:
5202110200755160004965967:
5202110200755190009272418:
5202110200755210006033090:
5202110200755340001108277:
5202110200755370005264543:
5202110200755390006037924:
5202110200755410008515021:
5202110200755430008697063:
5202110200755460009279709:
5202110200755480008492776:
5202110200756010004966986:
5202110200756060004976000:
5202110200756100004926451:
5202110200756150009340820:
5202110200756180008512216:
5202110200756200004937390:
5202110200756230004975166:
5202110200756270004923016:
5202110200756280004967512:
5202110200756300008697836:
5202110200756320006025812:
5202110200756340008718216:
5202110200756360009254908:
5202110200756380001122577:
5202110200756400004972482:
5202110200756420004968100:
5202110200756460004995654:
5202110200756510004951177:
5202110200756530004928175:
5202110200756570005252027:
5202110200756590009241934:
5202110200757010004951477:
5202110200757030003892332:
5202110200757040004928581:
5202110200757060008496367:
5202110200757080009286880:
5202110200757100009226440:
5202110200757110009351823:
5202110200757130009341030:
5202110200757140004958379:
5202110200757170004947107:
5202110200757180006030142:
5202110200757200008696894:
5202110200757220004934727:
5202110200757240009342959:
5202110200757260007407739:
5202110200757270009321395:
5202110200757290008502189:
5202110200757300009354827:
5202110200757320009225481:
5202110200757330004923454:
5202110200757360001083110:
5202110200757380004966903:
5202110200757400008502189:
5202110200757420006033000:
5202110200757440006041103:
5202110200757450008701274:
5202110200757470008709011:
5202110200757490004994314:
5202110200757510009246202:
5202110200757520004992875:
5202110200757540001114611:
5202110200758000008494613:
5202110200758030008513950:
5202110200758090005255709:
5202110200758110004991584:
5202110200758130005006528:
5202110200758210009252970:
5202110200758240004951445:
5202110200758260004988966:
5202110200758310004969384:
5202110200758330004989365:
5202110200758350004921536:
5202110200758370009280491:
5202110200758400008508757:
5202110200758410008431645:
5202110200758430006037287:
5202110200758440004995861:
5202110200758460009346033:
5202110200758480004996986:
5202110200758490004923110:
5202110200758510004922029:
5202110200758520004922875:
5202110200758540009339837:
5202110200758560007407459:
5202110200758580008493750:
5202110200759000005254708:
5202110200759020006018006:
5202110200759040009288913:
5202110200759060004948585:
5202110200759070005254540:
5202110200759090004966674:
5202110200759100008493366:
5202110200759130004966750:
5202110200759140008691017:
5202110200759160004996445:
5202110200759170008695905:
5202110200759190004989670:
5202110200759200009354001:
5202110200759220006041715:
5202110200759240004180013:
5202110200759250009240533:
5202110200759270008495616:
5202110200759280004965754:
5202110200759310004997608:
5202110200759330008506766:
5202110200759350006028797:
5202110200759360009290264:
5202110200759380009354401:
5202110200759400004967590:
5202110200759420009226447:
5202110200759430004984899:
5202110200759450008688253:
5202110200759470006016090:
5202110200759480004945980:
5202110200759510004178213:
5202110200800020008497463:
5202110200800040008508219:
5202110200800120004966438:
5202110200800160009233697:
5202110200800180009339834:
5202110200800230004966802:
5202110200800270004961333:
5202110200800300008497935:
5202110200800320004981830:
5202110200800380004988917:
5202110200800480008698315:
5202110200800560003920040:
5202110200800580009297056:
5202110200801100009236810:
5202110200801200004958690:
5202110200801240009282114:
5202110200801320009232651:
5202110200801340004990401:
5202110200801370006025807:
5202110200801470005262048:
5202110200802110004975477:
5202110200802320006030118:
5202110200802500004923159:
5202110200802540004953182:
5202110200803000009310954:
5202110200803150004936413:
5202110200803230009281814:
5202110200803260007410282:
5202110200805320009225494:
5202110200805340009226392:
5202110200806160004937219:
5202110200806580004929937:
5202110200807070009305197:
5202110200812300006016277:
5202110200816340009298073:
5202110201303480009327416:
5202110201700010004972793:
5202110201704440009301551:
5202110201801190005250564:
5202110201846310005248603:
5202110201900430004941773:
5202110201901500005270181:
5202110201902440004924511:
5202110201903090004997809:
5202110201903160004965967:
5202110201903350004948844:
5202110201904490008696238:
5202110201912210004989670:
5202110201905590004949398:
5202110201958010009324572:
5202110202000030009310954:
5202110202000190009282114:
5202110202000360008692560:
5202110202000430004996134:
5202110202000570009286616:
5202110202001000004931038:
5202110202001020005255709:
5202110202001200009339837:
5202110202001440001087528:
5202110202001540005266099:
5202110202001560006037924:
5202110202001590004932392:
5202110202002020004951477:
5202110202002050004958069:
5202110202002070008697063:
5202110202002100004938202:
5202110202002110009236810:
5202110202002130009253991:
5202110202002140004921380:
5202110202002160004987025:
5202110202002200004957428:
5202110202002220007404782:
5202110202002260004966750:
5202110202002280005262048:
5202110202002310004976000:
5202110202002330005264543:
5202110202002390005249717:
5202110202002420004994575:
5202110202002480004952169:
5202110202002500006016276:
5202110202003250004949598:
5202110202003300009240533:
5202110202003310008508290:
5202110202003330008494613:
5202110202003350003892332:
5202110202003360005267055:
5202110202003390004974447:
5202110202003430005267055:
5202110202003460004974447:
5202110202003480005267055:
5202110202003510004993146:
5202110202003550009254908:
5202110202003560008431645:
5202110202004000004972171:
5202110202004050005254929:
5202110202004090004961333:
5202110202005230004958690:
5202110202006060008695905:
5202110202008530005254540:
5202110202010360004966438:
5202110202011250008698044:
5202110202011360009226392:
5202110202014540009253846:
5202110202019110004968467:
5202110202044070009351823:
5202110202050430008703345:
5202110202051300008502364:
5202110202056190004993674:
5202110202056350004947070:
5202110202102510008492776:
5202110202103270005270182:
5202110202103460001108277:
5202110202104050009287614:
5202110202104070006033720:
5202110202104260004931257:
5202110202105540004986846:
5202110202141490009254002:
5202110202154020004982114:
5202110202156200005270179:
5202110202156490008703693:
5202110202158450009343149:
5202110202158500004986730:
5202110202158530005250566:
5202110202158550009272418:
5202110202158570005263716:
5202110202158580009348748:
5202110202159000003132773:
5202110202159010008692117:
5202110202159030008494010:
5202110202159050009331842:
5202110202159070004999443:
5202110202159090005001068:
5202110202159100009331842:
5202110202159120008695330:
5202110202159150004950845:
5202110202159170009324637:
5202110202159190004945980:
5202110202159200005254933:
5202110202159220004945980:
5202110202159240003920040:
5202110202159280004935638:
5202110202159290006021991:
5202110202159320007407459:
5202110202159340005252021:
5202110202159360009325511:
5202110202159370008704360:
5202110202159390004962972:
5202110202159400008497774:
5202110202159420005250565:
5202110202159450004963091:
5202110202159460005254537:
5202110202159480008699992:
5202110202159500008495972:
5202110202159510009252970:
5202110202159550004931701:
5202110202159580004990953:
5202110202200010008513325:
5202110202200030004927120:
5202110202200050004990953:
5202110202200070004965754:
5202110202200100004952229:
5202110202200120005255708:
5202110202200140009339834:
5202110202200160004935794:
5202110202200180004951627:
5202110202200200009335560:
5202110202200210005264544:
5202110202200230004932359:
5202110202200300009327615:
5202110202200320004923016:
5202110202200340004968004:
5202110202200350008708048:
5202110202200370004932359:
5202110202200390006024859:
5202110202200400004926757:
5202110202200420005004742:
5202110202200440009290264:
5202110202200450006036876:
5202110202200470005012521:
5202110202200490004988917:
5202110202200500008506766:
5202110202200520004998544:
5202110202200540009339802:
5202110202200560009280051:
5202110202200580004992875:
5202110202201000009322602:
5202110202201010006018006:
5202110202201030006018008:
5202110202201040004996445:
5202110202201070004968208:
5202110202201080004158333:
5202110202201100004956198:
5202110202201120004961644:
5202110202201140004929419:
5202110202201160006039541:
5202110202201180008689944:
5202110202201230004990690:
5202110202201250004970901:
5202110202201260005263714:
5202110202201300004923548:
5202110202201310008688253:
5202110202201330006016090:
5202110202201340009300618:
5202110202201360009342954:
5202110202201400008714702:
5202110202201420006033000:
5202110202201450004929202:
5202110202201480004947661:
5202110202201520008494201:
5202110202201530004980727:
5202110202201560005265553:
5202110202201590005252027:
5202110202202030009301802:
5202110202202080008688253:
5202110202202120008504091:
5202110202202140004957118:
5202110202202160004975787:
5202110202202170008498188:
5202110202202200004968178:
5202110202202230008698315:
5202110202202250004966279:
5202110202202260004974727:
5202110202202290004927029:
5202110202202310008495468:
5202110202202320009226952:
5202110202202340005252029:
5202110202202350005265555:
5202110202202370004927029:
5202110202202390004994314:
5202110202202400005258486:
5202110202202420005268686:
5202110202202450005255416:
5202110202203110004968716:
5202110202203130004977027:
5202110202203200004991584:
5202110202203230004998663:
5202110202203270005011155:
5202110202204040007412611:
5202110202204320008692450:
5202110202204340009352009:
5202110202204360004951177:
5202110202204380004995938:
5202110202204400004936155:
5202110202204430009348762:
5202110202204460004990397:
5202110202204480004960782:
5202110202204510008494564:
5202110202204570004975166:
5202110202205030009352010:
5202110202205070004986057:
5202110202205120004994074:
5202110202205160008698279:
5202110202205350008512216:
5202110202205450007402500:
5202110202205480008510716:
5202110202205530006039493:
5202110202205560005006101:
5202110202205590004950937:
5202110202206020004959001:
5202110202206040004990401:
5202110202206070004966986:
5202110202206090005012946:
5202110202206120004924182:
5202110202206130004990401:
5202110202206150004922969:
5202110202206170008493750:
5202110202206200006025812:
5202110202206220004966418:
5202110202206240004976717:
5202110202206280004937390:
5202110202206450004951489:
5202110202206470005006958:
5202110202206520004958379:
5202110202207010008499208:
5202110202207060007401654:
5202110202207080008500184:
5202110202207110004937390:
5202110202207130004987744:
5202110202207160005004855:
5202110202207200009253997:
5202110202207220007407739:
5202110202207240004937490:
5202110202207260007402194:
5202110202207280006039969:
5202110202207300009339524:
5202110202207320004967073:
5202110202207350004998138:
5202110202207380004975531:
5202110202207580004946775:
5202110202208070004934727:
5202110202209330009254229:
5202110202209390004924019:
5202110202209470005258489:
5202110202209560009347607:
5202110202209580006022852:
5202110202210010005254709:
5202110202210030004995654:
5202110202210050008510090:
5202110202210070001079288:
5202110202210100008516236:
5202110202210130009354401:
5202110202210170009346362:
5202110202210290009230754:
5202110202214060004991241:
5202110202206170009339824:
5202110202208200009303525:
5202110202305000004989528:
5202110202305050004973203:
5202110202306010004967585:
5202110202306130004947107:
5202110202306380005252028:
5202110202312250005004848:
5202110202313410009226440:
5202110202313450009340820:
5202110202315170008680789:
5202110202359520009339219:
5202110202359530008699606:
5202110202359560009230781:
5202110202359570008699606:
6202110200731310008508441:
6202110200731590005252029:
6202110200734480004951327:
6202110200735460004992307:
6202110200736370004946192:
6202110200740460005265554:
6202110200742350004928604:
6202110200742450008517056:
6202110200742580005012405:
6202110200743020008708048:
6202110200743190005006747:
6202110200743580001077425:
6202110200744020008707911:
6202110200744290004935629:
6202110200744560004942040:
6202110200747100004962099:
6202110200747540004926646:
6202110200747590008715839:
6202110200748030004998074:
6202110200748080004933136:
6202110200748210004956198:
6202110200748280009292116:
6202110200748310009348776:
6202110200748370008513325:
6202110200748450008499075:
6202110200749150005009549:
6202110200749180004982397:
6202110200749350008676957:
6202110200749370004934669:
6202110200749570008709393:
6202110200750130000431430:
6202110200750170005008853:
6202110200750210004961022:
6202110200750260004967296:
6202110200750280004926757:
6202110200750300004996134:
6202110200750450007421743:
6202110200750470004982680:
6202110200750500006028757:
6202110200750520005004848:
6202110200750540005252023:
6202110200750570006039510:
6202110200751050004976589:
6202110200751100008508290:
6202110200751130004932392:
6202110200751160005268686:
6202110200751190004961532:
6202110200751210004947366:
6202110200751220004961532:
6202110200751350008499805:
6202110200751390005254931:
6202110200751420004975841:
6202110200751540008500401:
6202110200752020006030484:
6202110200752060004947159:
6202110200752130004952169:
6202110200752200007412611:
6202110200752230008499556:
6202110200752280006014941:
6202110200752320004952169:
6202110200752360008502735:
6202110200752410005006315:
6202110200752490004928616:
6202110200752570004998663:
6202110200753050009346367:
6202110200753080008498021:
6202110200753100004927539:
6202110200753120009278808:
6202110200753140004949536:
6202110200753170009325535:
6202110200753200008679943:
6202110200753220004990690:
6202110200753240004957118:
6202110200753240008492549:
6202110200753280004958069:
6202110200753290001087528:
6202110200753320004975069:
6202110200753340004965866:
6202110200753420005266099:
6202110200753480008702698:
6202110200753510009324629:
6202110200753530004937088:
6202110200753560004998544:
6202110200753580005254712:
6202110200754030005255416:
6202110200754050004936685:
6202110200754100004975690:
6202110200754140009233704:
6202110200754240004941774:
6202110200754290009252946:
6202110200754320005254542:
6202110200754370005254713:
6202110200754420008504091:
6202110200754490004928389:
6202110200754510004969132:
6202110200754570004928833:
6202110200755070004967379:
6202110200755130008690234:
6202110200755160004987025:
6202110200755190004931257:
6202110200755220005005468:
6202110200755330004961644:
6202110200755350006036336:
6202110200755370006039974:
6202110200755400006039130:
6202110200755430009272418:
6202110200755450009343592:
6202110200755470009234457:
6202110200755500004927727:
6202110200755590004998194:
6202110200756040009284157:
6202110200756110008709488:
6202110200756140008693920:
6202110200756220009343174:
6202110200756250008497774:
6202110200756270004976000:
6202110200756290004045200:
6202110200756310004987532:
6202110200756340005250564:
6202110200756370005260613:
6202110200756410006023662:
6202110200756430004962579:
6202110200756460004929016:
6202110200756490004948881:
6202110200756520008699992:
6202110200756540009233695:
6202110200756560004963073:
6202110200756580005265558:
6202110200756590009254908:
6202110200757050009343593:
6202110200757070004988079:
6202110200757080009342978:
6202110200757110004935367:
6202110200757140008686117:
6202110200757160008689944:
6202110200757180009287614:
6202110200757190006039541:
6202110200757210005006025:
6202110200757240004946812:
6202110200757250004951477:
6202110200757270003892332:
6202110200757280008507829:
6202110200757300008506074:
6202110200757320008511510:
6202110200757330008501795:
6202110200757350009286387:
6202110200757380009354581:
6202110200757410004965794:
6202110200757430008708560:
6202110200757460004989502:
6202110200757480005249720:
6202110200757510004921905:
6202110200757531513409863:
6202110200757550006030480:
6202110200757560008492065:
6202110200758020005006239:
6202110200758050004965031:
6202110200758100004997277:
6202110200758120009254212:
6202110200758150008697764:
6202110200758170009354349:
6202110200758180008494613:
6202110200758200008693892:
6202110200758210004935794:
6202110200758230006036994:
6202110200758260005255709:
6202110200758280009326658:
6202110200758300008695330:
6202110200758310005265555:
6202110200758330005005063:
6202110200758340006036994:
6202110200758360004164864:
6202110200758380006015460:
6202110200758400004991584:
6202110200758420004966362:
6202110200758450009339144:
6202110200758470005254537:
6202110200758500004989524:
6202110200758510004989794:
6202110200758550004923400:
6202110200758580008508757:
6202110200758590008431645:
6202110200759020009278607:
6202110200759040004956498:
6202110200759060009331842:
6202110200759090009286616:
6202110200759120009339211:
6202110200759140005012521:
6202110200759150004989820:
6202110200759180009348543:
6202110200759200006016276:
6202110200759230004994575:
6202110200759260006018006:
6202110200759280003916932:
6202110200759300004936557:
6202110200759360008714113:
6202110200759410008695905:
6202110200759440007409900:
6202110200759490009240533:
6202110200759500009348748:
6202110200759520009335539:
6202110200759540005263716:
6202110200759570005254933:
6202110200759590008494201:
6202110200800010005250569:
6202110200800020009342962:
6202110200800040004962761:
6202110200800060005252076:
6202110200800080004990111:
6202110200800120007407502:
6202110200800170004178213:
6202110200800200008704360:
6202110200800260009241075:
6202110200800290004952773:
6202110200800310005252016:
6202110200800330005010841:
6202110200801090009354582:
6202110200801110004937930:
6202110200802270006026834:
6202110200802290004990375:
6202110200802320004979341:
6202110200802370004937089:
6202110200802420005263715:
6202110200803080004927120:
6202110200803510009346020:
6202110200804060006021991:
6202110200805230009292077:
6202110200806370004936854:
6202110200842370006022420:
6202110200849350009279594:
6202110201742440004965794:
6202110201803330004927939:
6202110201836550004950131:
6202110201838560009275624:
6202110201900520006030484:
6202110201901460004963073:
6202110201901490008716113:
6202110201901520004996986:
6202110201902030005254712:
6202110201902300008502189:
6202110201904240008696238:
6202110201906400006042240:
6202110201910210008496367:
6202110201910240009305197:
6202110201911110004967379:
6202110201911150004926646:
6202110201911430006025806:
6202110201913580004968886:
6202110201914340007409900:
6202110201914480009309504:
6202110201906340004947366:
6202110201908240008508757:
6202110201933590009275624:
6202110202000010009282114:
6202110202000070005001262:
6202110202000170008692560:
6202110202000200009346367:
6202110202000240004927539:
6202110202000270009343174:
6202110202000290004996134:
6202110202000410004962099:
6202110202000440004928833:
6202110202000460005012405:
6202110202000480009252946:
6202110202000520009233704:
6202110202000540004928175:
6202110202000570009278808:
6202110202000590008501482:
6202110202001010004971518:
6202110202001040008499149:
6202110202001060005010841:
6202110202001081513409863:
6202110202001100004976407:
6202110202001120006026834:
6202110202001150004961022:
6202110202001170004934669:
6202110202001210005006239:
6202110202001240009348543:
6202110202001260008506074:
6202110202001280001087528:
6202110202001320009232653:
6202110202001340004949536:
6202110202001370005254540:
6202110202001390004932392:
6202110202001410004951477:
6202110202001440004975690:
6202110202001450004958069:
6202110202001470004938202:
6202110202001490004975069:
6202110202001500004936557:
6202110202001520005006747:
6202110202001530004987025:
6202110202001570008516772:
6202110202001590004936557:
6202110202002010004962579:
6202110202002020001122577:
6202110202002040004990979:
6202110202002060004998194:
6202110202002090001114611:
6202110202002100004976000:
6202110202002120004989524:
6202110202002130004982680:
6202110202002150004929016:
6202110202002170004952169:
6202110202002190004982397:
6202110202002210005005063:
6202110202002230005249717:
6202110202002240004967296:
6202110202002260004952169:
6202110202002290009226447:
6202110202002320008511510:
6202110202002420006039510:
6202110202002440005005468:
6202110202002460009276489:
6202110202002490009288913:
6202110202002550004979341:
6202110202002570004956498:
6202110202003020004933902:
6202110202003050009240533:
6202110202003070003892332:
6202110202003090008508290:
6202110202003100008494613:
6202110202003120004947159:
6202110202003140009232631:
6202110202003160004947159:
6202110202003200004953182:
6202110202003220009254908:
6202110202003240008431645:
6202110202003420008497935:
6202110202003440005265554:
6202110202003460004961333:
6202110202003490009292077:
6202110202004260007419049:
6202110202004550009348776:
6202110202005070006039974:
6202110202005100004968100:
6202110202005120009281193:
6202110202005140004966490:
6202110202005160009339144:
6202110202005200004949437:
6202110202005490008695905:
6202110202006300009343593:
6202110202006320008710216:
6202110202007170004990111:
6202110202007460008492065:
6202110202008000008502735:
6202110202008030009274874:
6202110202008160000431430:
6202110202008310004936685:
6202110202008460004967900:
6202110202009050004975477:
6202110202010100005248598:
6202110202011390009254000:
6202110202011420006014349:
6202110202012060007421269:
6202110202012460006028757:
6202110202016420009305197:
6202110202034230006022420:
6202110202035150005262034:
6202110202038350008500401:
6202110202038380008713215:
6202110202039360005252023:
6202110202040510008676957:
6202110202044040004975841:
6202110202100000004965866:
6202110202100020005008853:
6202110202100510004922029:
6202110202100540005267056:
6202110202101110004946192:
6202110202101340004921905:
6202110202101500007407502:
6202110202101530004992307:
6202110202102270006039130:
6202110202102300008492776:
6202110202102320004989502:
6202110202102370004966449:
6202110202102400009346033:
6202110202102430004972764:
6202110202102460009288870:
6202110202102530004969132:
6202110202103200004927727:
6202110202103240006028797:
6202110202103400006033720:
6202110202103440009287614:
6202110202103530008498988:
6202110202104070004931257:
6202110202104110004967806:
6202110202104260003916932:
6202110202104570005254714:
6202110202105180004923400:
6202110202116570005249718:
6202110202105480009339211:
6202110202110560009298223:
6202110202112470004930576:
6202110202158270004992155:
6202110202158290008702698:
6202110202158310004970930:
6202110202158360003132773:
6202110202159000009346020:
6202110202159020004923159:
6202110202159030009324629:
6202110202159050006021991:
6202110202159100007407459:
6202110202159130006014941:
6202110202159140008704360:
6202110202159170009338161:
6202110202159180008699992:
6202110202159200005250565:
6202110202159230005254537:
6202110202159250004933136:
6202110202159270009252970:
6202110202159290004936413:
6202110202159310004990107:
6202110202159340008517056:
6202110202159350005252076:
6202110202159370004965754:
6202110202159390004927120:
6202110202159400004952229:
6202110202159420004965502:
6202110202159440008709393:
6202110202159460005265556:
6202110202159480008499805:
6202110202159490006021994:
6202110202159510004987532:
6202110202159530005254539:
6202110202159550005264544:
6202110202159590004966591:
6202110202200000006039497:
6202110202200020004967606:
6202110202200030005254708:
6202110202200060006015163:
6202110202200070004997277:
6202110202200090005250569:
6202110202200110004926757:
6202110202200130009322602:
6202110202200140009283931:
6202110202200160004941774:
6202110202200170004988917:
6202110202200190009278607:
6202110202200200008506766:
6202110202200220004937930:
6202110202200250004976589:
6202110202200260004928604:
6202110202200280005254536:
6202110202200290006015460:
6202110202200310008507829:
6202110202200320006018006:
6202110202200340006025807:
6202110202200360006031524:
6202110202200380004962761:
6202110202200400006022160:
6202110202200420004996445:
6202110202200440004956198:
6202110202200450008689944:
6202110202200470004965031:
6202110202200480009286996:
6202110202200500004961644:
6202110202200530006039541:
6202110202200570008689944:
6202110202200580004970901:
6202110202201000005008846:
6202110202201020005263714:
6202110202201040008680900:
6202110202201060005008846:
6202110202201080008512859:
6202110202201090008501795:
6202110202201120004935367:
6202110202201140008691341:
6202110202201150004948585:
6202110202201170009322590:
6202110202201180007402512:
6202110202201200009324879:
6202110202201210005009549:
6202110202201230009292116:
6202110202201250008492480:
6202110202201260004952773:
6202110202201320009335539:
6202110202201340004952773:
6202110202201360005005802:
6202110202201380004942040:
6202110202201400005255416:
6202110202201410004993672:
6202110202201430004935629:
6202110202201430004957118:
6202110202201470005252020:
6202110202201490004961532:
6202110202201500008504091:
6202110202201520004935891:
6202110202201540008495468:
6202110202201550008698315:
6202110202201570004994314:
6202110202201590009226952:
6202110202202010004966279:
6202110202202030004929235:
6202110202202040005268686:
6202110202202070005265555:
6202110202202100009275492:
6202110202202110005258486:
6202110202202130008696388:
6202110202202160008708560:
6202110202202190004936854:
6202110202202210005255713:
6202110202202230009308083:
6202110202202250008517323:
6202110202202280009325535:
6202110202202300007395592:
6202110202202370004923617:
6202110202202390008497634:
6202110202202430009230815:
6202110202202450004989794:
6202110202202470008680280:
6202110202202540005272252:
6202110202202560004977027:
6202110202202580004998663:
6202110202203000008697764:
6202110202203010005006528:
6202110202203040009339195:
6202110202203060004959868:
6202110202203080008690234:
6202110202203100004998074:
6202110202203160008698795:
6202110202203190004178213:
6202110202203380007407499:
6202110202203450007412611:
6202110202204260004988378:
6202110202205090005254713:
6202110202205290005263715:
6202110202205340004989820:
6202110202207190004928616:
6202110202207260006039129:
6202110202208080005252026:
6202110202211000007398203:
6202110202211580008515578:
6202110202213580004951327:
6202110202214380004968173:
6202110202214490009234108:
6202110202305440004966178:
6202110202305460005264547:
6202110202305510008677903:
6202110202306140005252028:
6202110202309190005006025:
8202110200743490005250565:
8202110200744210008708048:
8202110200745300001087543:
8202110200745330005264545:
8202110200746140004972421:
8202110200748040008504234:
8202110200748080006015165:
8202110200748400006027612:
8202110200748500008511681:
8202110200749040005001511:
8202110200749140005255714:
8202110200750470008496149:
8202110200750490004965482:
8202110200750530007396382:
8202110200751030008500626:
8202110200751080004991542:
8202110200751120009273291:
8202110200751360007421253:
8202110200751410004952531:
8202110200751430008690224:
8202110200751470004953437:
8202110200751580008716113:
8202110200752000004968173:
8202110200752120008493092:
8202110200752130004935638:
8202110200752190005265553:
8202110200752240004935638:
8202110200752310005001262:
8202110200752330004932608:
8202110200752520006028960:
8202110200752570004929408:
8202110200753110008445656:
8202110200753370004967114:
8202110200754030004967900:
8202110200754040004989259:
8202110200754180004968761:
8202110200754230008493340:
8202110200754300006022158:
8202110200754390009250787:
8202110200754410009296645:
8202110200754430009346340:
8202110200754450004929419:
8202110200754470004947956:
8202110200754490005004322:
8202110200754590004926919:
8202110200755130004927575:
8202110200755260008710875:
8202110200755580004923699:
8202110200756010008512783:
8202110200756040009341511:
8202110200756080009252994:
8202110200756100005252032:
8202110200756200009311280:
8202110200756400003117204:
8202110200756560008510188:
8202110200757020004990686:
8202110200757070004929270:
8202110200757110009346055:
8202110200757240004169060:
8202110200757340004941228:
8202110200757390009234249:
8202110200757580009272187:
8202110200758010004957311:
8202110200758050009346685:
8202110200758070006028799:
8202110200758260009230812:
8202110200758280006027345:
8202110200758300006036997:
8202110200758390005270181:
8202110200758420004931038:
8202110200758560004974233:
8202110200759330007411174:
8202110200759350008499471:
8202110200759360007407499:
8202110200801090005252028:
8202110200801470009305260:
8202110201700040001077425:
8202110201701430002854367:
8202110201800330009252962:
8202110201801420004927939:
8202110201801530009272187:
8202110201803030004929408:
8202110201803230009354827:
8202110201809300005252032:
8202110201900100004929645:
8202110201900250009252994:
8202110201900270006027612:
8202110201900320005258488:
8202110201900330004926919:
8202110201900350004981546:
8202110201900390004967114:
8202110201900410009346685:
8202110201900430004972892:
8202110201900450004927575:
8202110201900500008495426:
8202110201900540004974233:
8202110201900550005254710:
8202110201900570009296645:
8202110201900590009250787:
8202110201901010009342978:
8202110201901030008511222:
8202110201901050004968761:
8202110201901070005008358:
8202110201901090005255714:
8202110201901110005010999:
8202110201901190004981013:
8202110201901200006028960:
8202110201901220009290271:
8202110201901240009327620:
8202110201901260009339821:
8202110201901290005265552:
8202110201901310008499706:
8202110201901320009295454:
8202110201901340004993934:
8202110201901360009343592:
8202110201901370008512783:
8202110201901390008504736:
8202110201901410006036997:
8202110201901430008499471:
8202110201901470006028957:
8202110201901480006027345:
8202110201901550004932608:
8202110201901570004962411:
8202110201902150008504234:
8202110201902450008708992:
8202110201903290009326600:
8202110201903530009253739:
8202110201906420005248602:
8202110201922040008496149:
8202110201959390005252017:
8202110202001040009230812:
8202110202001090004990686:
8202110202001200009342997:
8202110202001280007421253:
8202110202001360004929270:
8202110202001380004990375:
8202110202001440009253995:
8202110202001470008495556:
8202110202001510009226821:
8202110202001550009339817:
8202110202001580004953135:
8202110202002000004988966:
8202110202002020004941508:
8202110202002320004996470:
8202110202002450004989657:
8202110202002470008710875:
8202110202002560009339792:
8202110202002590008500626:
8202110202003020009246202:
8202110202003030006041875:
8202110202003070009342143:
8202110202003090004957855:
8202110202003160009305260:
8202110202004050009343593:
8202110202005430008494427:
8202110202006450004967900:
8202110202009230009311280:
8202110202013480009232629:
8202110202015150004924676:
8202110202110400004968592:
8202110202158540006036994:
8202110202159240005264545:
8202110202159400007396382:
8202110202159480007395601:
8202110202200000008690224:
8202110202200020004947956:
8202110202200070009273291:
8202110202200100009226797:
8202110202200130004929641:
8202110202200140009233695:
8202110202200160005004322:
8202110202200170006028799:
8202110202200190009233695:
8202110202200200008500493:
8202110202200220006021988:
8202110202200230004972421:
8202110202200250006028799:
8202110202200260009339225:
8202110202200270004948289:
8202110202200290005001511:
8202110202200310004164864:
8202110202200320009226433:
8202110202200350005006315:
8202110202200370004948548:
8202110202200390009226817:
8202110202200400005254706:
8202110202200420009336990:
8202110202200450009341511:
8202110202200460004949695:
8202110202200480003126360:
8202110202200510009226391:
8202110202200560009339818:
8202110202200580004974727:
8202110202201010003117204:
8202110202201060009309524:
8202110202201080006022158:
8202110202201090000431385:
8202110202201140004969304:
8202110202201200008509836:
8202110202201220006015165:
8202110202201270009283323:
8202110202201290009234249:
8202110202201310001087543:
8202110202201340009346340:
8202110202201410006036336:
8202110202203240009341742:
8202110202203260008500083:
8202110202203280008679170:
8202110202203300009352010:
8202110202211480005252016:
8202110202300420004941228:
8202110202301240008511681:
8202110202302440004964545:
8202110202302460004936293:
8202110202302490004991542:
8202110202302510004936688:
8202110202306360004947698:
8202110202306410005252025:
8202110202307360004996923:
8202110202308240008494964:
8202110202309060008503089:
