2202110190726270007398914:
2202110190726510004966050:
2202110190730000007402482:
2202110190736370004972793:
2202110190736490009254926:
2202110190737440008504041:
2202110190739290008506907:
2202110190740190004933649:
2202110190740530004941773:
2202110190741060008494564:
2202110190742100004967967:
2202110190742420006021875:
2202110190742440006751664:
2202110190742460006022439:
2202110190742530005255715:
2202110190743150009246193:
2202110190743280005270840:
2202110190743490009300596:
2202110190743570008677773:
2202110190744490004972767:
2202110190745080004968004:
2202110190745480004924346:
2202110190746240009297569:
2202110190747410004992439:
2202110190747530004958165:
2202110190748040004981261:
2202110190748080009307295:
2202110190748260001079879:
2202110190748450004990690:
2202110190748570009226393:
2202110190749020006022160:
2202110190749060006025806:
2202110190749090006030145:
2202110190749120006036993:
2202110190749490008698795:
2202110190749570009275624:
2202110190750190008503198:
2202110190750290005009715:
2202110190750360005270839:
2202110190750420008500401:
2202110190750450009342183:
2202110190750510006030135:
2202110190750540009253997:
2202110190750560004992022:
2202110190751000008710216:
2202110190751010004989232:
2202110190751060004986846:
2202110190751390008706494:
2202110190751410008681883:
2202110190751590005255716:
2202110190752050004947445:
2202110190752080004976407:
2202110190752100004968467:
2202110190752130005005672:
2202110190752190006022852:
2202110190752220009254229:
2202110190752240004935186:
2202110190752290008698044:
2202110190752360008429638:
2202110190752390004966449:
2202110190752450009226826:
2202110190752480004997665:
2202110190752520004930389:
2202110190752550009337903:
2202110190753000009314286:
2202110190753020004968394:
2202110190753100004929423:
2202110190753120008694944:
2202110190753140004945686:
2202110190753160006037287:
2202110190753190007402523:
2202110190753220006014349:
2202110190753250009252984:
2202110190753270009253739:
2202110190753290006021994:
2202110190753360005254538:
2202110190753380004965814:
2202110190753400009340824:
2202110190753420004950728:
2202110190753440009326618:
2202110190753450004921380:
2202110190753490004964719:
2202110190753510004940674:
2202110190753550008497276:
2202110190754020009301802:
2202110190754070008716113:
2202110190754090008493286:
2202110190754150008505663:
2202110190754190004991528:
2202110190754210006039497:
2202110190754230009234089:
2202110190754240004985960:
2202110190754270004948851:
2202110190754280004962411:
2202110190754300004967416:
2202110190754320007421269:
2202110190754340007395601:
2202110190754360009348542:
2202110190754420009276908:
2202110190754480008495972:
2202110190754590006014941:
2202110190755020004953953:
2202110190755040009313676:
2202110190755070007409900:
2202110190755100008680442:
2202110190755110009293911:
2202110190755130004989378:
2202110190755150004977423:
2202110190755170004980727:
2202110190755190006033001:
2202110190755220005272252:
2202110190755230005250567:
2202110190755250009344566:
2202110190755270009254002:
2202110190755290009226412:
2202110190755310004947698:
2202110190755330008510716:
2202110190755350009286624:
2202110190755380008713215:
2202110190755410008701083:
2202110190755440002851478:
2202110190755490004949177:
2202110190755520004961221:
2202110190755530004937490:
2202110190755550004993146:
2202110190755570009339828:
2202110190755590008492480:
2202110190756020008498188:
2202110190756040005264544:
2202110190756090004939835:
2202110190756100004931701:
2202110190756120004991554:
2202110190756140008709061:
2202110190756160007415195:
2202110190756170009275335:
2202110190756200007421690:
2202110190756220005254716:
2202110190756250004949695:
2202110190756270004970618:
2202110190756430008500184:
2202110190756460009276680:
2202110190756470003916932:
2202110190756500004924676:
2202110190756520005254706:
2202110190756550008497463:
2202110190756570004929491:
2202110190757000009341030:
2202110190757050005272807:
2202110190757090008709369:
2202110190757110004928175:
2202110190757130004994575:
2202110190757150005006768:
2202110190757170004994575:
2202110190757190005255708:
2202110190757210009291663:
2202110190757230008506766:
2202110190757280004966178:
2202110190757300008492776:
2202110190757320008500493:
2202110190757340008680789:
2202110190757400004927029:
2202110190757420004954090:
2202110190757460004957235:
2202110190757480009283164:
2202110190757490004936557:
2202110190757510009324572:
2202110190757520004923159:
2202110190757540009253846:
2202110190757550006039130:
2202110190757570009346038:
2202110190757580004967806:
2202110190758000008506912:
2202110190758010009330833:
2202110190758030009279481:
2202110190758040009302534:
2202110190758060009254207:
2202110190758080005006528:
2202110190758100004933902:
2202110190758120005012521:
2202110190758140004968555:
2202110190758160009297664:
2202110190758180009326645:
2202110190758200004968716:
2202110190758220004995116:
2202110190758230004931193:
2202110190758260004967002:
2202110190758270008512059:
2202110190758290006036505:
2202110190758300004929202:
2202110190758360008424093:
2202110190758380008707832:
2202110190758400009352010:
2202110190758410009232653:
2202110190758430006022003:
2202110190758440009352010:
2202110190758460009276489:
2202110190758470007414082:
2202110190758550008495556:
2202110190758580008509836:
2202110190759000008512859:
2202110190759020004963659:
2202110190759040008494333:
2202110190759050004964566:
2202110190759070004992875:
2202110190759080005254540:
2202110190759100007407459:
2202110190759110006041715:
2202110190759130004948585:
2202110190759150004975875:
2202110190759170008696894:
2202110190759190008495616:
2202110190759200009339524:
2202110190759220006037924:
2202110190759240007402467:
2202110190759250004970901:
2202110190759260004928366:
2202110190759280008701527:
2202110190759290009290271:
2202110190759310009281928:
2202110190759330007421210:
2202110190759350004954665:
2202110190759360004935891:
2202110190759380003126147:
2202110190759400006031526:
2202110190759420006032999:
2202110190759430008688253:
2202110190759450009232378:
2202110190759470003132773:
2202110190759490009230815:
2202110190759500006017488:
2202110190759520005012741:
2202110190759540004966490:
2202110190759550004969384:
2202110190759570009294273:
2202110190759580009292038:
2202110190800010004969384:
2202110190800020008499149:
2202110190800040004967512:
2202110190800050004964407:
2202110190800070006042873:
2202110190800090004936413:
2202110190800100005254715:
2202110190800130006033720:
2202110190800160008510090:
2202110190800190006020195:
2202110190800210008701103:
2202110190800360008696238:
2202110190800380005254536:
2202110190800400008704360:
2202110190800430009354391:
2202110190800450009282101:
2202110190800470004928581:
2202110190800490004921669:
2202110190800510007419049:
2202110190800530004930162:
2202110190800550004958690:
2202110190800570004966802:
2202110190800590008697063:
2202110190801010006025445:
2202110190801030009301551:
2202110190801110004966106:
2202110190801140006019428:
2202110190801170000431412:
2202110190801200009343567:
2202110190801300004987744:
2202110190801330004975477:
2202110190801360009279728:
2202110190801370009298223:
2202110190801390009346063:
2202110190801410009339821:
2202110190801430009336990:
2202110190801450008500312:
2202110190801460009351823:
2202110190801480004960160:
2202110190801490003137991:
2202110190801510004958379:
2202110190801520004962723:
2202110190801540004929645:
2202110190801560006024859:
2202110190801580005264543:
2202110190802010009226392:
2202110190802100008686663:
2202110190802190007422489:
2202110190802250009339144:
2202110190802290009321334:
2202110190802320009324604:
2202110190802430007395592:
2202110190802450004968250:
2202110190802470009346020:
2202110190802490006021991:
2202110190802510008500889:
2202110190802530008494964:
2202110190802560007421743:
2202110190802590004996481:
2202110190803000009283296:
2202110190803020006029990:
2202110190803040002851465:
2202110190803060006039993:
2202110190803180009253991:
2202110190803200008502693:
2202110190803270009339824:
2202110190803330008707911:
2202110190803370009232651:
2202110190803390008510378:
2202110190803550006039506:
2202110190804000008515578:
2202110190804040009290264:
2202110190804100006042240:
2202110190804380009274443:
2202110190804420005254534:
2202110190804490004923617:
2202110190804510006023662:
2202110190804550004947107:
2202110190804590006027540:
2202110190805110004975565:
2202110190805280004967606:
2202110190805430004936854:
2202110190806480006022855:
2202110190806560004972482:
2202110190806580009232631:
2202110190807000004991241:
2202110190807260009303525:
2202110190807570006019315:
2202110190808240006014944:
2202110190808490006042277:
2202110190808530008498988:
2202110190809250005248603:
2202110190809280007402196:
2202110190809580007402512:
2202110190810030007407502:
2202110190810360006031525:
2202110190811100004985430:
2202110190811390008502364:
2202110190811500008506632:
2202110190813300006041103:
2202110190813570008712416:
2202110190814300008426248:
2202110190816200009293535:
2202110190817480006009777:
2202110190818290009254000:
2202110190819240008703345:
2202110190822020009310727:
2202110190829490004967590:
2202110190904480009290471:
2202110191703230008696894:
2202110191703520008694944:
2202110191703570008512059:
2202110191704050007402523:
2202110191704300009300596:
2202110191704370006751664:
2202110191709550005009021:
2202110191716380008497463:
2202110191716430008508219:
2202110191725400009241075:
2202110191735180009226392:
2202110191753090008426248:
2202110191759500008510378:
2202110191800120004930389:
2202110191801540006031525:
2202110191802030009310727:
2202110191802050009298073:
2202110191802080009310727:
2202110191843470008712416:
2202110191900140009297569:
2202110191900170004945686:
2202110191900260008497276:
2202110191900560002851478:
2202110191900580005272807:
2202110191901040008510716:
2202110191901100004996445:
2202110191901310004967416:
2202110191901330008517932:
2202110191902290005252019:
2202110191902330009340824:
2202110191902340004992022:
2202110191902380004940674:
2202110191902400005252019:
2202110191902440004968004:
2202110191903040004950728:
2202110191903090005252019:
2202110191903310004950728:
2202110191903360005252019:
2202110191903560005270839:
2202110191903590004966761:
2202110191904030004966674:
2202110191904470004924346:
2202110191905010004965814:
2202110191906460009326618:
2202110191908270004960160:
2202110191908300004921380:
2202110191908530009226393:
2202110191909080004929491:
2202110191909490004981261:
2202110191910060009297664:
2202110191910250006030135:
2202110191911510007415195:
2202110191916290007402482:
2202110191920220004985430:
2202110191940030006022439:
2202110191949320005248603:
2202110191959340008506907:
2202110192000010006033001:
2202110192000040000431412:
2202110192000070004967967:
2202110192000080000431412:
2202110192000100008681883:
2202110192000120008701527:
2202110192000150009314286:
2202110192000170008709369:
2202110192000190008429638:
2202110192000210006019428:
2202110192000230004992439:
2202110192000260005005672:
2202110192000450009236810:
2202110192000490004972767:
2202110192001160004997665:
2202110192001290005254716:
2202110192001350009276908:
2202110192001360009283296:
2202110192001590009301551:
2202110192002170008701083:
2202110192002340007401654:
2202110192002350009236810:
2202110192002420004921669:
2202110192002450004968394:
2202110192002480008698044:
2202110192002520004968467:
2202110192002540008494564:
2202110192002560004960782:
2202110192002570005270840:
2202110192003000008692450:
2202110192003020008494564:
2202110192003030004960782:
2202110192003050004972171:
2202110192003060009236868:
2202110192003090005255716:
2202110192003110006037287:
2202110192003130004992723:
2202110192003150004941773:
2202110192003160005254538:
2202110192003180004937490:
2202110192003200004994596:
2202110192003220005255715:
2202110192003240009352009:
2202110192003300004957738:
2202110192003320004986057:
2202110192003350008512216:
2202110192003380009307295:
2202110192003400004967585:
2202110192003420007402500:
2202110192003460009232378:
2202110192003470005012946:
2202110192003490008698279:
2202110192003510004975166:
2202110192003520009275335:
2202110192003540005004855:
2202110192003550004991554:
2202110192003590004970618:
2202110192004010009346038:
2202110192004040004972793:
2202110192004150009305457:
2202110192004180007407739:
2202110192004200009253997:
2202110192004270009226412:
2202110192004460004966986:
2202110192004570004961404:
2202110192005190004966802:
2202110192005290004962723:
2202110192006020007414082:
2202110192006450006029990:
2202110192004170009286624:
2202110192004190001079879:
2202110192009010004963659:
2202110192001400006009777:
2202110192006120004958165:
2202110192053520008508441:
2202110192059080004963091:
2202110192104230008709061:
2202110192158250009351768:
2202110192159310006039497:
2202110192159390004996481:
2202110192159450008714113:
2202110192159490009337903:
2202110192159540004952880:
2202110192200000008704360:
2202110192200050004950845:
2202110192200090005006101:
2202110192200200009302534:
2202110192200220009253846:
2202110192200300004929423:
2202110192200320004975875:
2202110192200350004931701:
2202110192200380005248600:
2202110192200400004968544:
2202110192200420003916932:
2202110192200440007421743:
2202110192200490004967073:
2202110192200510004937390:
2202110192200540007421743:
2202110192200560004937390:
2202110192201000008506766:
2202110192201020008502189:
2202110192201040006018008:
2202110192201150004990690:
2202110192201170006026834:
2202110192201190004990690:
2202110192201240007421690:
2202110192201310005001068:
2202110192201350008701274:
2202110192201400004991584:
2202110192201430005006528:
2202110192201490009346020:
2202110192202000004962761:
2202110192202020009325535:
2202110192202060006022003:
2202110192202080004966591:
2202110192202100004969726:
2202110192202210008515578:
2202110192202260006021994:
2202110192202290004924019:
2202110192202300004961644:
2202110192202320008701103:
2202110192202380008697764:
2202110192204330007422489:
3202110190724250008501288:
3202110190737300001099428:
3202110190738170009234458:
3202110190739130004974136:
3202110190740040008708003:
3202110190741010008692290:
3202110190742110005011308:
3202110190742310008513325:
3202110190743340005264547:
3202110190743470005255713:
3202110190744200004942040:
3202110190744420008494010:
3202110190744430004937222:
3202110190745000006028953:
3202110190745130006028957:
3202110190745280005263714:
3202110190745380004959868:
3202110190746060004928640:
3202110190746230004975787:
3202110190746270008503303:
3202110190747030009323446:
3202110190747120009343593:
3202110190747220005004742:
3202110190747260007418333:
3202110190747300005250571:
3202110190748080004987236:
3202110190748100004949437:
3202110190748120004988205:
3202110190748550005009549:
3202110190748570004966279:
3202110190749540008497634:
3202110190750070004990690:
3202110190750110004933136:
3202110190750150008711197:
3202110190750210005007370:
3202110190750430005006315:
3202110190751100006030484:
3202110190751120008698121:
3202110190751150009283931:
3202110190751170009343149:
3202110190751250009300618:
3202110190751290004998074:
3202110190751350006018008:
3202110190751390009309524:
3202110190751470009295891:
3202110190751500006039016:
3202110190751520009252962:
3202110190751540004935446:
3202110190751570004986942:
3202110190751590004926757:
3202110190752080005248596:
3202110190752280008710216:
3202110190752300004957118:
3202110190752340004986730:
3202110190752420005011155:
3202110190752440008690234:
3202110190752470005250572:
3202110190752520008445992:
3202110190753050005264551:
3202110190753070004927539:
3202110190753100008687514:
3202110190753130004969304:
3202110190753150009306586:
3202110190753250008503489:
3202110190753290005009382:
3202110190753320008501953:
3202110190753380009326626:
3202110190753430005265556:
3202110190753480004934470:
3202110190753500004965502:
3202110190753570009335560:
3202110190754080004942841:
3202110190754150004155886:
3202110190754180008686117:
3202110190754270004972456:
3202110190754330008692117:
3202110190754410004964233:
3202110190754430004947661:
3202110190754460009342978:
3202110190754500008498021:
3202110190754530009327615:
3202110190754560005264549:
3202110190754590004926955:
3202110190755020004957759:
3202110190755090008684967:
3202110190755140009324629:
3202110190755240004966591:
3202110190755310005008846:
3202110190755360004967710:
3202110190755420004952471:
3202110190755440008492549:
3202110190755470009342954:
3202110190756030009339792:
3202110190756060004965170:
3202110190756090004968472:
3202110190756130009234248:
3202110190756230008691341:
3202110190756260003918790:
3202110190756270008697764:
3202110190756290009321321:
3202110190756320004990107:
3202110190756350004993672:
3202110190756370004952229:
3202110190756400004946812:
3202110190756420008499165:
3202110190756440009343592:
3202110190756460009234457:
3202110190756480004949833:
3202110190756500008514795:
3202110190756520008680280:
3202110190756540004948881:
3202110190756560009322602:
3202110190757000009284157:
3202110190757020005272314:
3202110190757030006039974:
3202110190757060009336959:
3202110190757080008503339:
3202110190757110004936149:
3202110190757120005250568:
3202110190757140008690203:
3202110190757170006030480:
3202110190757180004989794:
3202110190757200004949140:
3202110190757250005248597:
3202110190757290008518736:
3202110190757330008507829:
3202110190757360005248598:
3202110190757430004935794:
3202110190757450004953650:
3202110190757470004923548:
3202110190757490009339802:
3202110190757510004164864:
3202110190757540004948844:
3202110190757570008711249:
3202110190758020008689944:
3202110190758050004980976:
3202110190758120008717268:
3202110190758150008699992:
3202110190758180009286996:
3202110190758200006041721:
3202110190758220008677829:
3202110190758240009331842:
3202110190758250009339195:
3202110190758270004998281:
3202110190758300004990953:
3202110190758320004992155:
3202110190758440004949239:
3202110190758530004989657:
3202110190758580009275492:
3202110190759050009308083:
3202110190759090004970930:
3202110190759110009343384:
3202110190759160004966438:
3202110190759180009322590:
3202110190759200009309829:
3202110190759230005258486:
3202110190759250004929713:
3202110190759280009343174:
3202110190759350006015460:
3202110190759380008504091:
3202110190759410004158333:
3202110190759420004948289:
3202110190759470009274874:
3202110190759500009351758:
3202110190759510009254212:
3202110190759530008514966:
3202110190759580009272418:
3202110190800180004973922:
3202110190800220009226433:
3202110190800300009233697:
3202110190800340004999443:
3202110190800390009226952:
3202110190801410009339930:
3202110190801520008708560:
3202110190802090005248599:
3202110190802550004975477:
3202110190804210004998055:
3202110190804270004930608:
3202110190806340004936854:
3202110190939190004973825:
3202110191658030008698121:
3202110191700450006028953:
3202110191705270004926757:
3202110191710170008502984:
3202110191810470004956198:
3202110191856160008503489:
3202110191900230008514966:
3202110191901000008709488:
3202110191901150004936029:
3202110191901190004937222:
3202110191901320004988205:
3202110191901330009284157:
3202110191901470008498021:
3202110191901500008687514:
3202110191901520008498021:
3202110191901530004942841:
3202110191901560008689944:
3202110191901580008692032:
3202110191902010004926955:
3202110191902040009253739:
3202110191902080004936413:
3202110191902280005011308:
3202110191902320009292038:
3202110191902340009322602:
3202110191903280008677829:
3202110191903340008688253:
3202110191904440006033000:
3202110191906090008693892:
3202110191907310008506597:
3202110191907510004987236:
3202110191908300005007370:
3202110191914390005254542:
3202110191902300009274874:
3202110191959250001099428:
3202110192000010004975787:
3202110192000180004941508:
3202110192000400004964407:
3202110192000430004981546:
3202110192001060006030484:
3202110192001190008501288:
3202110192001230006030145:
3202110192001290009236868:
3202110192001330004952471:
3202110192001380004972456:
3202110192002090004957118:
3202110192002140004966438:
3202110192002220006039506:
3202110192002290008492549:
3202110192002410009343567:
3202110192002560004967606:
3202110192003530006015460:
3202110192003550008507829:
3202110192004060008708560:
3202110192004540005009715:
3202110192006120004968208:
3202110192007280005264521:
3202110192009140004928152:
3202110192010510009274443:
3202110192010530004927539:
3202110192012010009234108:
3202110192010120008494010:
3202110192003160009351758:
3202110192006200006019315:
3202110192006230006041103:
3202110192110550009339144:
3202110192144510009254002:
3202110192150200007421210:
3202110192150300005262034:
3202110192158130004992155:
3202110192158160008702698:
3202110192158200009325511:
3202110192158240008679943:
3202110192158250009234248:
3202110192158270004986942:
3202110192158310009326438:
3202110192158330004935446:
3202110192158360009324637:
3202110192158380003918790:
3202110192158400004970901:
3202110192158420008714113:
3202110192158430009323446:
3202110192158450005265556:
3202110192158470009272418:
3202110192158480004937930:
3202110192158500005250568:
3202110192158520009234458:
3202110192158530004974136:
3202110192158550005009382:
3202110192158560005248599:
3202110192158580004965502:
3202110192158590005263714:
3202110192159000009354582:
3202110192159020007418333:
3202110192159040005272314:
3202110192159050005263716:
3202110192159070009348748:
3202110192159090009306586:
3202110192159120006041721:
3202110192159150008506632:
3202110192159170004973922:
3202110192159190006018008:
3202110192159210009335560:
3202110192159270004949437:
3202110192159290009342962:
3202110192159310004155886:
3202110192159340005248596:
3202110192159360004949239:
3202110192159380004988079:
3202110192159390009252970:
3202110192159410008693920:
3202110192159420009326600:
3202110192159450009343384:
3202110192159470009300618:
3202110192159490009287195:
3202110192159510006035802:
3202110192159560008691341:
3202110192200010008492410:
3202110192200030008692290:
3202110192200040008684967:
3202110192200060004966362:
3202110192200070005248597:
3202110192200090004973922:
3202110192200100008494201:
3202110192200120008711197:
3202110192200140005249720:
3202110192200170005004742:
3202110192200180005252027:
3202110192200210004994835:
3202110192200220009342954:
3202110192200240005248601:
3202110192200250005250572:
3202110192200270005252022:
3202110192200290009339802:
3202110192200310009283931:
3202110192200320009326626:
3202110192200340004986730:
3202110192200350008711249:
3202110192200400000424146:
3202110192200410004928640:
3202110192200430008711249:
3202110192200440008518736:
3202110192200460009286387:
3202110192200480003137991:
3202110192200490008680442:
3202110192200520005264522:
3202110192200540009325535:
3202110192200560005252018:
3202110192200570005264551:
3202110192200590005264549:
3202110192201020004947661:
3202110192201050005255708:
3202110192201070006014941:
3202110192201090009234457:
3202110192201110006024859:
3202110192201120004929202:
3202110192201130009324879:
3202110192201150004948844:
3202110192201160004929645:
3202110192201180008715839:
3202110192201200004929713:
3202110192201220008697764:
3202110192201240002851443:
3202110192201260005248598:
3202110192201280008499165:
3202110192201300009309829:
3202110192201320008514795:
3202110192201340004948881:
3202110192201360008690203:
3202110192201370008445992:
3202110192201390009339930:
3202110192201420009326658:
3202110192201440008717268:
3202110192201460008503339:
3202110192201490006031524:
3202110192201510009336959:
3202110192201520008698315:
3202110192201540004949833:
3202110192201550004966279:
3202110192201570004949833:
3202110192201580008495468:
3202110192201590008698795:
3202110192202010009226952:
3202110192202020004923617:
3202110192202040005250567:
3202110192202060005272252:
3202110192202080004989794:
3202110192202100005250571:
3202110192202120008498188:
3202110192202130008500889:
3202110192202150008686117:
3202110192202180009230815:
3202110192202190008680280:
3202110192202220009275492:
3202110192202230005011155:
3202110192202290007395592:
3202110192202320009339195:
3202110192202350008497634:
3202110192202360005260613:
3202110192202400006030480:
3202110192202420004969304:
3202110192202440004158333:
3202110192202460009352010:
3202110192202470003117204:
3202110192202490009348542:
3202110192202510009309524:
3202110192202530006036336:
3202110192202550008501953:
3202110192202570009286996:
3202110192202590003126147:
3202110192203010009233697:
3202110192203030009354391:
3202110192203050004985960:
3202110192203070004949140:
3202110192203100006039016:
3202110192203120004998074:
3202110192203140008690234:
3202110192203180004959868:
3202110192203210004929235:
3202110192203480008677773:
3202110192203500006032999:
3202110192203520005252029:
3202110192203560006032999:
3202110192203580005252029:
3202110192204130005004848:
3202110192204170004964545:
3202110192204190004973825:
3202110192204230008509836:
3202110192204280004936149:
3202110192207150008708003:
3202110192207300005254931:
3202110192207330004935107:
3202110192207350004968555:
3202110192208200009300590:
3202110192208230007411174:
3202110192212270004968472:
4202110190731080004951027:
4202110190738320009234486:
4202110190739130009285513:
4202110190743140008495426:
4202110190743500004967114:
4202110190743530005264545:
4202110190744080005250565:
4202110190745320004933960:
4202110190746060005254930:
4202110190747490007396382:
4202110190747591513653075:
4202110190748010008510188:
4202110190748060009226391:
4202110190749030004996716:
4202110190750010006027612:
4202110190750110006015165:
4202110190750340005001511:
4202110190751010004968173:
4202110190751150009339817:
4202110190751170004932608:
4202110190751240000424545:
4202110190751450008708048:
4202110190751480004924511:
4202110190752050005255714:
4202110190752270006036336:
4202110190752420004965482:
4202110190752460007398203:
4202110190752500005005802:
4202110190752520004929419:
4202110190753070004974233:
4202110190753100003117204:
4202110190753290004982114:
4202110190753340000424167:
4202110190753380005265552:
4202110190753410008677903:
4202110190753430008445656:
4202110190753440004958669:
4202110190753510009226817:
4202110190753560004965343:
4202110190753570009311280:
4202110190754000009324118:
4202110190754020004948548:
4202110190754030009253995:
4202110190754080004972421:
4202110190754100009346035:
4202110190754120008496149:
4202110190754150008504736:
4202110190754180008690224:
4202110190754200009339225:
4202110190754230009230812:
4202110190754300009338161:
4202110190754320009250787:
4202110190754340008493092:
4202110190754380004936688:
4202110190754400004981013:
4202110190754420004936293:
4202110190754510008710875:
4202110190755020008708992:
4202110190755150004927939:
4202110190755180009272187:
4202110190755200008501835:
4202110190755240009226797:
4202110190755250009331044:
4202110190755280007402498:
4202110190755300009342143:
4202110190755320008512783:
4202110190755340006039129:
4202110190755360008499706:
4202110190755380004923699:
4202110190755400008517323:
4202110190755410008695597:
4202110190755430008493340:
4202110190755440004981546:
4202110190755460004927575:
4202110190755480005004322:
4202110190755490004952880:
4202110190755510004931038:
4202110190755520005008358:
4202110190755570009342997:
4202110190755590006036997:
4202110190756010004989259:
4202110190756160009283323:
4202110190756240007395601:
4202110190756260009234249:
4202110190756270004941228:
4202110190756290004953135:
4202110190756310009252994:
4202110190756330009333812:
4202110190756390009339818:
4202110190756420005265557:
4202110190756440004957311:
4202110190756460004964545:
4202110190756470009341511:
4202110190756490008494427:
4202110190756500006035802:
4202110190756570004951928:
4202110190757010006025823:
4202110190757020004935638:
4202110190757080009295454:
4202110190757120008699709:
4202110190757200007407499:
4202110190757220004179142:
4202110190757240004975255:
4202110190757260009348542:
4202110190757270004963073:
4202110190757290001087543:
4202110190757330004996470:
4202110190757360006022158:
4202110190757450006021988:
4202110190757520004993934:
4202110190757540004990686:
4202110190758110009341742:
4202110190758260009232629:
4202110190758280009346685:
4202110190758300004953788:
4202110190758310008499471:
4202110190758360006036994:
4202110190758380004990375:
4202110190758410009226821:
4202110190758430007401131:
4202110190758530006027345:
4202110190759040008499867:
4202110190759070004987910:
4202110190759090008679170:
4202110190759110008500083:
4202110190759130004948259:
4202110190759170009247696:
4202110190759220000431385:
4202110190759240009342981:
4202110190759250004968761:
4202110190759270004947956:
4202110190759280004929270:
4202110190759300004169060:
4202110190759340009233695:
4202110190759370009234108:
4202110190759430004990085:
4202110190759500004993409:
4202110190759520005270181:
4202110190759530009327620:
4202110190759550004957855:
4202110190759570006028799:
4202110190759590008511222:
4202110190800020004972892:
4202110190800060009351768:
4202110190800080004929641:
4202110190800100004926919:
4202110190800210004988917:
4202110190800290004952531:
4202110190800390005248602:
4202110190801220005010999:
4202110190801440008503089:
4202110190802000004938474:
4202110190802030008519041:
4202110190805010002854367:
4202110190805440009305260:
4202110190826540004996923:
4202110191056520004921785:
4202110191659190001077425:
4202110191701570006027612:
4202110191706010004952531:
4202110191715020004927939:
4202110191803240005264545:
4202110191803300004968592:
4202110191900280009342981:
4202110191900520004993409:
4202110191901030009252962:
4202110191901050006028799:
4202110191901060005270181:
4202110191901080009324629:
4202110191901100004926919:
4202110191901130009273291:
4202110191901200004981013:
4202110191901220004972892:
4202110191901240005008358:
4202110191901250005001511:
4202110191901270009226797:
4202110191901290004963073:
4202110191901320004965343:
4202110191901420009327620:
4202110191901470006041875:
4202110191901480008493092:
4202110191901500007401131:
4202110191901590008511222:
4202110191902170004968761:
4202110191902180005255714:
4202110191902210004953788:
4202110191902260004924511:
4202110191902401513631101:
4202110191903000005010999:
4202110191903030009290271:
4202110191903060006027345:
4202110191903310004964566:
4202110191903440006028957:
4202110191904030004932608:
4202110191906070004972421:
4202110191906100009342978:
4202110191906310005004322:
4202110191906340006022158:
4202110191907000004968250:
4202110191907160009254212:
4202110191908450009230812:
4202110191959140004938474:
4202110191959170004970930:
4202110191959240008695597:
4202110191959290009343149:
4202110191959320009338161:
4202110191959340004929270:
4202110191959360004996470:
4202110191959370008708992:
4202110191959400006036504:
4202110191959420006028960:
4202110191959430004996470:
4202110191959480009283323:
4202110192000010008499471:
4202110192000030009346055:
4202110192000160009226821:
4202110192000180008512783:
4202110192000200006023662:
4202110192000230004947956:
4202110192000250007396382:
4202110192000270008710875:
4202110192000320004990085:
4202110192000340004990686:
4202110192000410008699709:
4202110192000430004927575:
4202110192000450009296645:
4202110192000460009250787:
4202110192000500008512783:
4202110192000520009331044:
4202110192000550004169060:
4202110192000580003126360:
4202110192001010009305260:
4202110192001050008495556:
4202110192001070008494427:
4202110192001090008707911:
4202110192001240004975477:
4202110192001400009295454:
4202110192001510008708048:
4202110192001530004967114:
4202110192001540004948548:
4202110192002040005006315:
4202110192002150009290264:
4202110192002170008679170:
4202110192002230004988966:
4202110192002270008500493:
4202110192002310009343593:
4202110192003270008510188:
4202110192003290004957855:
4202110192003500009246202:
4202110192003520009311280:
4202110192003550009247696:
4202110192004490005265553:
4202110192007460004982114:
4202110192008010004989657:
4202110192010400009324118:
4202110192012310004941228:
4202110192012480009232651:
4202110192013020005012741:
4202110192058290009346035:
4202110192059310004934470:
4202110192059340009346035:
4202110192159480008495972:
4202110192159550004936688:
4202110192159570004936293:
4202110192159590004966178:
4202110192200020000424167:
4202110192200030004935638:
4202110192200050005264544:
4202110192200060009342143:
4202110192200090008499867:
4202110192200110005248602:
4202110192200130009342997:
4202110192200150008690224:
4202110192200160005264547:
4202110192200180004929419:
4202110192200200004993934:
4202110192200220004953437:
4202110192200240008493340:
4202110192200260005265557:
4202110192200270004930162:
4202110192200290009346340:
4202110192200310009226817:
4202110192200330009341511:
4202110192200350009252994:
4202110192200360005254930:
4202110192200380004991241:
4202110192200400009341742:
4202110192200410004957311:
4202110192200430009234249:
4202110192200450006036994:
4202110192200480002854367:
4202110192200490006036994:
4202110192200520009232629:
4202110192200550001087543:
4202110192201080004933960:
4202110192201100005252023:
4202110192201120007407499:
4202110192201130004948289:
4202110192201150009226433:
4202110192201160007395601:
4202110192201180004929641:
4202110192202210004923699:
4202110192202230008517323:
4202110192203100005252028:
4202110192203110004967900:
4202110192205440005252016:
4202110192206030004948259:
4202110192207060007402498:
4202110192207100004179142:
4202110192208200004951928:
4202110192208270004968173:
4202110192208310007398203:
4202110192208350004947698:
5202110190731260006036321:
5202110190732340007404782:
5202110190737420004973075:
5202110190737490004967585:
5202110190738270004961715:
5202110190739530001079288:
5202110190740480009346707:
5202110190741150004989528:
5202110190741190009305457:
5202110190741210004974447:
5202110190741230004924019:
5202110190741300004941773:
5202110190742480004947070:
5202110190743010004938202:
5202110190743420004961787:
5202110190743530004995654:
5202110190744060004998138:
5202110190744100004975531:
5202110190744220007402194:
5202110190744280004966418:
5202110190744350005255711:
5202110190744370008698279:
5202110190744460006039969:
5202110190744490004989073:
5202110190745330004946775:
5202110190745410004968004:
5202110190745440004931257:
5202110190746150005012946:
5202110190746310004990397:
5202110190747020004974855:
5202110190747120009346170:
5202110190747160009347607:
5202110190747230004949437:
5202110190747480004989816:
5202110190747590008717926:
5202110190748080004961404:
5202110190748340004948252:
5202110190748370004960782:
5202110190748410004994074:
5202110190749040009339273:
5202110190749070008513950:
5202110190749140008499208:
5202110190749200004950845:
5202110190749220006032924:
5202110190749250008517932:
5202110190749270004994596:
5202110190749350004969726:
5202110190749370005006958:
5202110190749390004922969:
5202110190749400004972764:
5202110190749420004973203:
5202110190749440004930576:
5202110190750010004928152:
5202110190750150009230781:
5202110190750320004966761:
5202110190750340005254709:
5202110190750360009236809:
5202110190750480006018008:
5202110190750490004957738:
5202110190750540005254929:
5202110190751000004936419:
5202110190751120005258489:
5202110190751151513645885:
5202110190751200006015163:
5202110190751270004923016:
5202110190751490008690529:
5202110190751540004972420:
5202110190751550004936951:
5202110190751580004943327:
5202110190752030004967073:
5202110190752060008508290:
5202110190752080004937390:
5202110190752110004966690:
5202110190752140009339219:
5202110190752160004986057:
5202110190752190006039493:
5202110190752230008509901:
5202110190752250006030142:
5202110190752290004927306:
5202110190752310004950937:
5202110190752340004992723:
5202110190752350004998401:
5202110190752430009354401:
5202110190752450009296798:
5202110190752490006025812:
5202110190752520008503171:
5202110190752540004936155:
5202110190752580008496367:
5202110190752590004993674:
5202110190753050004990979:
5202110190753070004952169:
5202110190753100008496310:
5202110190753120005004855:
5202110190753220004946517:
5202110190753260004975166:
5202110190753280009348762:
5202110190753300004932362:
5202110190753320009346362:
5202110190753340004923454:
5202110190753360008503915:
5202110190753380008699606:
5202110190753400009352009:
5202110190753440004995938:
5202110190753460004967900:
5202110190753480008500113:
5202110190753510007402500:
5202110190753540004957428:
5202110190753570007401654:
5202110190753580009279709:
5202110190754010005270182:
5202110190754040007402523:
5202110190754060009252984:
5202110190754080008702320:
5202110190754140008516236:
5202110190754150004965814:
5202110190754170008692450:
5202110190754180004972171:
5202110190754210009351308:
5202110190754220009354827:
5202110190754240004927329:
5202110190754270004929937:
5202110190754290009254908:
5202110190754350001108277:
5202110190754370007412611:
5202110190754400009252970:
5202110190754430009324076:
5202110190754450004966591:
5202110190754470004976589:
5202110190754550004966903:
5202110190754580004997873:
5202110190755010004959001:
5202110190755020004989259:
5202110190755040009282809:
5202110190755070004926451:
5202110190755090004967416:
5202110190755190009233710:
5202110190755330008694659:
5202110190755460004977027:
5202110190755490004966986:
5202110190755530005255712:
5202110190755550009288913:
5202110190755570006030130:
5202110190755580004975380:
5202110190756010004948881:
5202110190756030004949598:
5202110190756070005255709:
5202110190756090005266100:
5202110190756110009321395:
5202110190756130004957545:
5202110190756150008510716:
5202110190756190008515021:
5202110190756200008718216:
5202110190756220004976717:
5202110190756280006033090:
5202110190756390004989365:
5202110190756430009230754:
5202110190756450005254539:
5202110190756470004997608:
5202110190756500004963091:
5202110190756510007407739:
5202110190756530008494613:
5202110190756550004967296:
5202110190756560008431645:
5202110190756580009280491:
5202110190757000004921536:
5202110190757020003892332:
5202110190757040009327416:
5202110190757060004951477:
5202110190757080008676811:
5202110190757100009280491:
5202110190757120008493366:
5202110190757140004966674:
5202110190757160004968544:
5202110190757260004976000:
5202110190757290004924182:
5202110190757320005248600:
5202110190757340004995861:
5202110190757360004180013:
5202110190757390009282114:
5202110190757420004981830:
5202110190757440009341030:
5202110190757460004949101:
5202110190757480003920040:
5202110190757510009340820:
5202110190757540004962761:
5202110190757550009226440:
5202110190757570009240533:
5202110190757590008697836:
5202110190758010009342959:
5202110190758030004967379:
5202110190758050008506766:
5202110190758060008512216:
5202110190758090008709011:
5202110190758110004922875:
5202110190758130008492776:
5202110190758150008701274:
5202110190758160006033000:
5202110190758170008502189:
5202110190758190009225481:
5202110190758210004932359:
5202110190758220004966750:
5202110190758250004934727:
5202110190758270009241934:
5202110190758290004994314:
5202110190758310009286880:
5202110190758330004937219:
5202110190758350008502189:
5202110190758370006028797:
5202110190758380005254708:
5202110190758400004945980:
5202110190758420005005056:
5202110190758450005006101:
5202110190758470006016090:
5202110190758480004951489:
5202110190758500008493750:
5202110190758520004991584:
5202110190758531513409863:
5202110190758550009234480:
5202110190758570008497935:
5202110190758580004989670:
5202110190759000009234480:
5202110190759010006041875:
5202110190759050009246202:
5202110190759060004929016:
5202110190759090004951489:
5202110190759110004929016:
5202110190759120009272418:
5202110190759140004996986:
5202110190759160004951445:
5202110190759180006041875:
5202110190759200006025807:
5202110190759210004941508:
5202110190759230004949398:
5202110190759250004988917:
5202110190759260009326612:
5202110190759280004178213:
5202110190759300007414082:
5202110190759320009286616:
5202110190759340009297056:
5202110190759360008509836:
5202110190759380004996445:
5202110190759390009339837:
5202110190759410008495468:
5202110190759420004990401:
5202110190759440009335539:
5202110190759450004953182:
5202110190759470004992875:
5202110190759480007407459:
5202110190759500005254540:
5202110190759520008691017:
5202110190759540006030118:
5202110190759550009354001:
5202110190759570006041715:
5202110190759590008696894:
5202110190800000009339834:
5202110190800020009348543:
5202110190800050008508219:
5202110190800060009325511:
5202110190800070008501482:
5202110190800090004951177:
5202110190800120004984899:
5202110190800130004965967:
5202110190800150004988966:
5202110190800210008692560:
5202110190800230004965754:
5202110190800380004967512:
5202110190800390009294273:
5202110190800470004958069:
5202110190800490006018006:
5202110190801030009346033:
5202110190801120008696238:
5202110190801320005263715:
5202110190801350004966802:
5202110190801370006025445:
5202110190801470004966802:
5202110190802080007410282:
5202110190802110004937089:
5202110190802170004997809:
5202110190802240005262048:
5202110190802300009226392:
5202110190803010009236810:
5202110190803140009292077:
5202110190803410009310954:
5202110190804220009281814:
5202110190805340009339803:
5202110190806230009225494:
5202110190808150009305197:
5202110190808170006026834:
5202110190809580005248603:
5202110190811350007410385:
5202110190815210006016277:
5202110190817080001083110:
5202110191702450004995861:
5202110191702510008696894:
5202110191702580004928366:
5202110191703070004946517:
5202110191703100009342959:
5202110191703110008690529:
5202110191703130008702320:
5202110191703140008676811:
5202110191703170009254229:
5202110191703250004947445:
5202110191703490008494333:
5202110191703560009324604:
5202110191703570004972420:
5202110191704000006022852:
5202110191704040001079288:
5202110191704070008510090:
5202110191704090004954090:
5202110191704110004966050:
5202110191704140004995116:
5202110191704310009294273:
5202110191704330006036993:
5202110191704350009342183:
5202110191704370004931193:
5202110191704400008495616:
5202110191704410008493286:
5202110191704430004948252:
5202110191705100007398914:
5202110191705170008499208:
5202110191705200008707832:
5202110191705220006039493:
5202110191705380004989073:
5202110191705520004926757:
5202110191709210005009021:
5202110191712470009254183:
5202110191717120009298223:
5202110191734480009226392:
5202110191752020006022855:
5202110191802500009272187:
5202110191807250003920040:
5202110191807400008691017:
5202110191807430009341030:
5202110191809570007402194:
5202110191810050009346707:
5202110191810100004951445:
5202110191810570009341030:
5202110191847310008505663:
5202110191900580009310954:
5202110191900590004967416:
5202110191901010008517932:
5202110191901120001083110:
5202110191901170009321334:
5202110191901300009296798:
5202110191901340004961787:
5202110191901400006041715:
5202110191901440008692560:
5202110191901470003892332:
5202110191901500009347607:
5202110191901550009346362:
5202110191901570005258489:
5202110191901590006025812:
5202110191902010009230754:
5202110191902030009340824:
5202110191902050004992022:
5202110191902070004989528:
5202110191902090001087528:
5202110191902120009354001:
5202110191902150004968004:
5202110191902260005255709:
5202110191902320004989670:
5202110191902350008697836:
5202110191902470004976717:
5202110191902520009225494:
5202110191902540004973075:
5202110191903020008496310:
5202110191903070005262048:
5202110191903110004947107:
5202110191903130007410385:
5202110191903150009252984:
5202110191903170004952169:
5202110191903200004987744:
5202110191903250004966761:
5202110191903310004966674:
5202110191903490004975531:
5202110191904080008688253:
5202110191904140008709011:
5202110191904160006018006:
5202110191904320004965814:
5202110191905080007412611:
5202110191905110008503915:
5202110191907580004921380:
5202110191908430004997809:
5202110191909360009326612:
5202110191912190008686663:
5202110191918490009297056:
5202110191908540007410282:
5202110191909150009281814:
5202110191908410009234486:
5202110191904480009286624:
5202110191952170009339824:
5202110191952190009303525:
5202110191955550009285513:
5202110191956280004951489:
5202110192000230009282114:
5202110192000340009343149:
5202110192000500009286616:
5202110192000510004967296:
5202110192000540009339837:
5202110192001040006021875:
5202110192001060004950937:
5202110192001190004958690:
5202110192001210009233704:
5202110192001230004966449:
5202110192001260006037924:
5202110192001280004966750:
5202110192001300008492776:
5202110192001310004927727:
5202110192001350004964719:
5202110192001380006015163:
5202110192001400004987025:
5202110192001420008701083:
5202110192001430004957235:
5202110192001450005005056:
5202110192001480004936557:
5202110192001560007404782:
5202110192001580004997873:
5202110192002000009348762:
5202110192002020004936155:
5202110192002030001108277:
5202110192002050007401654:
5202110192002070004998138:
5202110192002080004957428:
5202110192002100009327416:
5202110192002120008692450:
5202110192002140005264543:
5202110192002150004924182:
5202110192002180004974447:
5202110192002190006037287:
5202110192002210004995938:
5202110192002230004974855:
5202110192002250004990397:
5202110192002280008718216:
5202110192002300004972171:
5202110192002310004989816:
5202110192002340004992723:
5202110192002350004981830:
5202110192002370004941773:
5202110192002380004967512:
5202110192002400009236809:
5202110192002410004932359:
5202110192002430009352009:
5202110192002450008501288:
5202110192002470004937490:
5202110192002490004959001:
5202110192002510004949101:
5202110192002530004951177:
5202110192002540008512216:
5202110192002560004965967:
5202110192002580004957738:
5202110192003000004986057:
5202110192003010004967585:
5202110192003030005012946:
5202110192003040005004855:
5202110192003060004984899:
5202110192003080004995654:
5202110192003100008698279:
5202110192003130004949398:
5202110192003150004932362:
5202110192003170008680789:
5202110192003190009230781:
5202110192003220004973203:
5202110192003240006030118:
5202110192003260004926451:
5202110192003270004961715:
5202110192003290009226412:
5202110192003310005266100:
5202110192003330004957545:
5202110192003370006033090:
5202110192003380008516236:
5202110192003400009305457:
5202110192003420005006958:
5202110192003450005270182:
5202110192003460004986846:
5202110192003470009340820:
5202110192003490004997608:
5202110192003510004993674:
5202110192003530004994074:
5202110192003550004922969:
5202110192003570004946775:
5202110192003590009354401:
5202110192004010009225481:
5202110192004020004989365:
5202110192004040004921536:
5202110192004060004927329:
5202110192004090005254709:
5202110192004110008493750:
5202110192004130004966986:
5202110192004160009339524:
5202110192004180009280491:
5202110192004220004961404:
5202110192004260004935186:
5202110192004280004969384:
5202110192004290009226440:
5202110192004310004993146:
5202110192004340004937219:
5202110192005080004967002:
5202110192005290007414082:
5202110192005560009339828:
5202110192005580009293911:
5202110192006160009346033:
5202110192007180004953182:
5202110192007210006039969:
5202110192008470006016090:
5202110192009240004180013:
5202110192009490005254540:
5202110192011430004929937:
5202110192012220008502364:
5202110192010540008717926:
5202110192059330004992307:
5202110192100040006030130:
5202110192100060004967806:
5202110192100500004968716:
5202110192101100004977027:
5202110192101560008697063:
5202110192102010009254908:
5202110192102030008431645:
5202110192102090008695905:
5202110192102120004938202:
5202110192103430008709061:
5202110192111290009339144:
5202110192120320004951027:
5202110192158260008710216:
5202110192158270005252020:
5202110192158300004999443:
5202110192159000005006101:
5202110192159030004950845:
5202110192159140003132773:
5202110192159420004988917:
5202110192159480009348748:
5202110192159520005263716:
5202110192159540008506632:
5202110192200050005255711:
5202110192200070004931701:
5202110192200080008699992:
5202110192200100004967073:
5202110192200120007407459:
5202110192200150004937390:
5202110192200170006018008:
5202110192200190009327615:
5202110192200200004935794:
5202110192200220009335560:
5202110192200240008502189:
5202110192200260008506766:
5202110192200270004975380:
5202110192200290004945980:
5202110192200320009300618:
5202110192200330004991528:
5202110192200360004922875:
5202110192200380009331842:
5202110192200450009281928:
5202110192200460004990953:
5202110192200480006017488:
5202110192200500006026834:
5202110192200520006021991:
5202110192200540005001068:
5202110192200590004965754:
5202110192201020004952229:
5202110192201040004965754:
5202110192201060004952229:
5202110192201080009342954:
5202110192201090005006528:
5202110192201130004924676:
5202110192201150009301802:
5202110192201170004998281:
5202110192201180009295891:
5202110192201200008513325:
5202110192201220004923548:
5202110192201250005254708:
5202110192201270005252021:
5202110192201300005255713:
5202110192201320005254708:
5202110192201340004969726:
5202110192201360008494613:
5202110192201390005258486:
5202110192201400004991241:
5202110192201420005252021:
5202110192201440009344566:
5202110192201450006039129:
5202110192201470006039974:
5202110192201480009240533:
5202110192201500004998544:
5202110192201530005254929:
5202110192201550004937089:
5202110192201570004924019:
5202110192201580004961644:
5202110192202010004948844:
5202110192202030004931257:
5202110192202040004929645:
5202110192202060005008846:
5202110192202110004947661:
5202110192202190008497935:
5202110192202210008504091:
5202110192202340008698315:
5202110192202360004966279:
5202110192202380008508290:
5202110192202390005268686:
5202110192202520008495468:
5202110192202540006039541:
5202110192202590004992875:
5202110192203080004923016:
5202110192203320009339834:
5202110192203550009254207:
5202110192203560005263715:
5202110192204170005265555:
5202110192208350004927306:
5202110192304530004967590:
5202110192359340009339219:
6202110190726280008508441:
6202110190732100009326438:
6202110190732200006031524:
6202110190732440004951327:
6202110190738250004998544:
6202110190738320004946192:
6202110190741160005265554:
6202110190741450001077425:
6202110190742320008517056:
6202110190744070004950429:
6202110190744110004965866:
6202110190744380005006747:
6202110190746030005252075:
6202110190746100004931257:
6202110190746360009343593:
6202110190747180004962099:
6202110190747410000431430:
6202110190748300008499075:
6202110190748350006028757:
6202110190749500004956198:
6202110190749520008502735:
6202110190749570005006025:
6202110190749590004928616:
6202110190750070009241075:
6202110190750120005006315:
6202110190750330004926646:
6202110190750350004961022:
6202110190750380005008853:
6202110190750450008708048:
6202110190751030009287614:
6202110190751120004998074:
6202110190751310009292116:
6202110190751320004926757:
6202110190751350004961644:
6202110190751370004935629:
6202110190751400005012405:
6202110190751480004961532:
6202110190751580004957118:
6202110190752000004961532:
6202110190752020004992307:
6202110190752070004923400:
6202110190752100004935367:
6202110190752150006039510:
6202110190752170004982397:
6202110190752180008690234:
6202110190752220004998663:
6202110190752250008508290:
6202110190752340004947159:
6202110190752380004927539:
6202110190752410004968100:
6202110190752430004969304:
6202110190752450005268686:
6202110190752490004923110:
6202110190752530009346367:
6202110190752540009354581:
6202110190752570004936685:
6202110190753050005001068:
6202110190753090008492410:
6202110190753120004996134:
6202110190753190004965502:
6202110190753230005004848:
6202110190753260004934669:
6202110190753280004952169:
6202110190753310009324879:
6202110190753350004962972:
6202110190753440008686117:
6202110190753480009236868:
6202110190753520004971518:
6202110190753570004947366:
6202110190754030004928604:
6202110190754050009325535:
6202110190754070004967900:
6202110190754090005254542:
6202110190754170001114611:
6202110190754190009342978:
6202110190754210008498021:
6202110190754230004928389:
6202110190754280005254713:
6202110190754320005254931:
6202110190754340008692032:
6202110190754380006016276:
6202110190754410004987025:
6202110190754520009254908:
6202110190754540004932392:
6202110190754580007412611:
6202110190754590008679943:
6202110190755010004967710:
6202110190755070004976589:
6202110190755140008492549:
6202110190755150004969132:
6202110190755270004922029:
6202110190755440004975690:
6202110190755480008697764:
6202110190756000005254712:
6202110190756040009233704:
6202110190756080004927727:
6202110190756100009281193:
6202110190756120005265558:
6202110190756130009278808:
6202110190756160009252946:
6202110190756180008702698:
6202110190756190008709393:
6202110190756230004949536:
6202110190756260005255709:
6202110190756280004975841:
6202110190756310001087528:
6202110190756330004998194:
6202110190756350005005468:
6202110190756380005250566:
6202110190756420004989794:
6202110190756500009286387:
6202110190756530002851443:
6202110190756560008497774:
6202110190756570008506074:
6202110190757010008501795:
6202110190757030009326600:
6202110190757040008507829:
6202110190757060009354349:
6202110190757120008494613:
6202110190757140004967296:
6202110190757160008431645:
6202110190757180003892332:
6202110190757200005249720:
6202110190757240008709488:
6202110190757270008693920:
6202110190757290001122577:
6202110190757300004951477:
6202110190757320008689944:
6202110190757360005260613:
6202110190757391513631101:
6202110190757410009324637:
6202110190757430005266099:
6202110190757450004976000:
6202110190757480009339195:
6202110190757500008699992:
6202110190757510008499556:
6202110190757530004987532:
6202110190757540005010841:
6202110190757560004966362:
6202110190757580004941774:
6202110190758000004962579:
6202110190758030005265553:
6202110190758040004956498:
6202110190758060005252076:
6202110190758080009282114:
6202110190758110004989524:
6202110190758140004965031:
6202110190758190009240533:
6202110190758300008511510:
6202110190758330004989657:
6202110190758370008715839:
6202110190758390004968194:
6202110190758410008695330:
6202110190758420004988079:
6202110190758440005254933:
6202110190758470006033000:
6202110190758490009326658:
6202110190758500004929713:
6202110190758520009343174:
6202110190758540000424146:
6202110190758560004928833:
6202110190758570005006239:
6202110190758590005265555:
6202110190759020004997277:
6202110190759040004935107:
6202110190759060006015460:
6202110190759080005007161:
6202110190759100004988793:
6202110190759120004921905:
6202110190759140004989820:
6202110190759160008499805:
6202110190759180004968886:
6202110190759200004991584:
6202110190759220004045200:
6202110190759230004929235:
6202110190759250008497935:
6202110190759270004951537:
6202110190759280004982680:
6202110190759300004961333:
6202110190759310008508757:
6202110190759330008695905:
6202110190759350009226433:
6202110190759380009278607:
6202110190759390005263716:
6202110190759410009348748:
6202110190759420009342962:
6202110190759440009287195:
6202110190759460008693892:
6202110190759470004951537:
6202110190759490004927120:
6202110190759510004178213:
6202110190759520006039541:
6202110190759540004999443:
6202110190759560008698315:
6202110190759590005254537:
6202110190800030008494201:
6202110190800060008502984:
6202110190800110008508757:
6202110190800130005250569:
6202110190800150004936029:
6202110190800180008714113:
6202110190800210008676957:
6202110190800230009348543:
6202110190800250008676957:
6202110190800280004979341:
6202110190800310009339834:
6202110190800330008696388:
6202110190800350005005063:
6202110190800370009354582:
6202110190800390004937930:
6202110190800430008692560:
6202110190800470004950131:
6202110190800590005009021:
6202110190801070004952773:
6202110190801120006033720:
6202110190801160006018006:
6202110190801200008708560:
6202110190801320004988378:
6202110190801450005248601:
6202110190801470004994835:
6202110190802440005262048:
6202110190802480004929645:
6202110190803270004968208:
6202110190804430004989502:
6202110190805380006023662:
6202110190806350008506597:
6202110190808050009339211:
6202110190808330006026834:
6202110190810590009300590:
6202110190905520005262034:
6202110190918440006022420:
6202110191700200008698121:
6202110191704460004931038:
6202110191801160009253991:
6202110191802000006028757:
6202110191802080004962099:
6202110191802130004996134:
6202110191802180004928833:
6202110191802210004932392:
6202110191803060004929016:
6202110191804320004976407:
6202110191900160004996445:
6202110191900310005250565:
6202110191901120008692560:
6202110191901190008496367:
6202110191901240003892332:
6202110191901390001087528:
6202110191901460005255709:
6202110191901510004967379:
6202110191901540004952169:
6202110191902060006025806:
6202110191902190008696238:
6202110191902210008689944:
6202110191902320004990979:
6202110191902370004928604:
6202110191902410008445656:
6202110191902450007401131:
6202110191902470005262048:
6202110191902510009279481:
6202110191902530004952169:
6202110191903010004947366:
6202110191903500004927029:
6202110191903530006018006:
6202110191903540004968886:
6202110191903570001114611:
6202110191903590004968194:
6202110191904020004962411:
6202110191904300004998194:
6202110191904350008492480:
6202110191904440007412611:
6202110191904530004958069:
6202110191905330008508757:
6202110191905570004954665:
6202110191907590008506597:
6202110191909400004998663:
6202110191910000004982397:
6202110191911040009276489:
6202110191911060008501482:
6202110191912180009288913:
6202110191914290008716113:
6202110191907360009254000:
6202110191907370006014349:
6202110191948040005265554:
6202110191949220005254713:
6202110191955590004951489:
6202110192000010004045200:
6202110192000020009243147:
6202110192000040009282114:
6202110192000060009346367:
6202110192000070009343174:
6202110192000100004970930:
6202110192000160009233695:
6202110192000260007402467:
6202110192000470004946812:
6202110192000530004966418:
6202110192000560004936854:
6202110192000590005012405:
6202110192001010009233704:
6202110192001060008492776:
6202110192001080004934669:
6202110192001100006039130:
6202110192001120004949536:
6202110192001140005254712:
6202110192001150005006747:
6202110192001170004957235:
6202110192001180004987025:
6202110192001200004936557:
6202110192001210009283164:
6202110192001230004965866:
6202110192001240004969132:
6202110192001260004961022:
6202110192001280007409900:
6202110192001300009281193:
6202110192001320007404782:
6202110192001340009278808:
6202110192001370004966106:
6202110192001400005008853:
6202110192001421513409863:
6202110192001450004977423:
6202110192001480004975690:
6202110192001490005006239:
6202110192001540008499149:
6202110192002000004989524:
6202110192002020005005063:
6202110192002110004989502:
6202110192002140009288870:
6202110192002160004965031:
6202110192002330008499805:
6202110192002350004957118:
6202110192002380001122577:
6202110192002400004928175:
6202110192002410001122577:
6202110192002430005005468:
6202110192002450004968100:
6202110192002460004976000:
6202110192002480007419049:
6202110192002500008695330:
6202110192002510004921905:
6202110192002530004178213:
6202110192002540004921905:
6202110192002560000431430:
6202110192002580004923159:
6202110192003000008708048:
6202110192003050004923400:
6202110192003080005006315:
6202110192003100004946192:
6202110192003150004926646:
6202110192003240004923110:
6202110192003250004933902:
6202110192003290009287614:
6202110192003410004956498:
6202110192003480004982680:
6202110192004070004947159:
6202110192004150009309504:
6202110192004180006015460:
6202110192004190008507829:
6202110192004270008708560:
6202110192004380004951477:
6202110192005030009292077:
6202110192005340005012521:
6202110192005580008498988:
6202110192006280004968208:
6202110192006540004948585:
6202110192006580004953182:
6202110192008410008713215:
6202110192009320005254540:
6202110192009430009252946:
6202110192009450008506074:
6202110192009510004951537:
6202110192012150009234108:
6202110192018100004975841:
6202110192006200006022420:
6202110192042510009309504:
6202110192045430008500401:
6202110192052530008703345:
6202110192055150004989820:
6202110192100140004994314:
6202110192100160005266099:
6202110192100310009335539:
6202110192100520004972764:
6202110192100530004977027:
6202110192100560008511510:
6202110192101010006033720:
6202110192101030004996986:
6202110192101050004922029:
6202110192101070005010841:
6202110192101120004962579:
6202110192101390008431645:
6202110192101400009254908:
6202110192101430008695905:
6202110192101490004938202:
6202110192101520004994575:
6202110192101570004928389:
6202110192101580009348543:
6202110192102000008517056:
6202110192102020009348543:
6202110192102100004979341:
6202110192102220009232631:
6202110192102280009232653:
6202110192102480004949598:
6202110192103530004966490:
6202110192105040004935629:
6202110192105550004961333:
6202110192105580006016276:
6202110192113420007421269:
6202110192118220008676957:
6202110192118240008499075:
6202110192109030009305197:
6202110192108310004930576:
6202110192140240004988378:
6202110192150050009346063:
6202110192150360004950429:
6202110192150390006028797:
6202110192152120006042277:
6202110192156360009282101:
6202110192158040008710216:
6202110192158070005252020:
6202110192158100004999443:
6202110192158300008692117:
6202110192158370009325511:
6202110192158460004968208:
6202110192158500004967710:
6202110192158510003132773:
6202110192158530008709393:
6202110192159000009324637:
6202110192159020009354581:
6202110192159040004970901:
6202110192159060009346020:
6202110192159080008704360:
6202110192159110004957759:
6202110192159140004990107:
6202110192159180004988917:
6202110192159200004965502:
6202110192159210004962972:
6202110192159250005254537:
6202110192159340009327615:
6202110192159360009306586:
6202110192159380008699992:
6202110192159500007407459:
6202110192159560004933136:
6202110192200000004987910:
6202110192200020005254537:
6202110192200040005250569:
6202110192200060008503303:
6202110192200070009321321:
6202110192200090004155886:
6202110192200110005252076:
6202110192200130004987532:
6202110192200140004935891:
6202110192200160009331842:
6202110192200180004952773:
6202110192200200005009549:
6202110192200220006017488:
6202110192200230006021991:
6202110192200260006025823:
6202110192200270004990953:
6202110192200290005254933:
6202110192200300006026834:
6202110192200320008691341:
6202110192200330004927120:
6202110192200350008494201:
6202110192200370006039510:
6202110192200380005258486:
6202110192200400005254536:
6202110192200430005254715:
6202110192200440004991584:
6202110192200460008513325:
6202110192200480004980976:
6202110192200540006020195:
6202110192200570005258486:
6202110192201010005269401:
6202110192201040004962761:
6202110192201060005255713:
6202110192201090004976589:
6202110192201100008497774:
6202110192201120004966591:
6202110192201130008494613:
6202110192201150005265558:
6202110192201160009240533:
6202110192201190005265558:
6202110192201210006039974:
6202110192201220005250566:
6202110192201250009278607:
6202110192201270005008846:
6202110192201290008502735:
6202110192201300005254539:
6202110192201320006021994:
6202110192201330004961644:
6202110192201350009322590:
6202110192201360006025807:
6202110192201380004993672:
6202110192201390006042240:
6202110192201400004997277:
6202110192201420004931257:
6202110192201430008501795:
6202110192201460004942040:
6202110192201470004936685:
6202110192201490004941774:
6202110192201500008499556:
6202110192201520009292116:
6202110192201540002851443:
6202110192201560008504091:
6202110192201580004998055:
6202110192201590008497935:
6202110192202020004948881:
6202110192202040005265555:
6202110192202050009309829:
6202110192202070004928581:
6202110192202100008512859:
6202110192202120006022160:
6202110192202150008508290:
6202110192202160007402512:
6202110192202200005268686:
6202110192202250004923617:
6202110192202290005272252:
6202110192202330004989794:
6202110192202350004988793:
6202110192202370006039541:
6202110192202390004992875:
6202110192202420004935367:
6202110192202470009339211:
6202110192202510007395592:
6202110192202530008677903:
6202110192203000008497634:
6202110192203020005011155:
6202110192203090008696388:
6202110192203130009354349:
6202110192203170004969304:
6202110192203190003117204:
6202110192203220009309524:
6202110192203230008501953:
6202110192203250006036336:
6202110192203270009309524:
6202110192203280004985960:
6202110192203300009352010:
6202110192203380004998074:
6202110192203400008690234:
6202110192203430004959868:
6202110192205050004950131:
6202110192205070004961532:
6202110192205200004928616:
6202110192208080005007161:
6202110192208090004951327:
6202110192209310007398203:
6202110192209340005006025:
8202110190743280008495426:
8202110190744200005264545:
8202110190744250004967114:
8202110190744330005250565:
8202110190748010007396382:
8202110190748500008510188:
8202110190749250004996716:
8202110190750350006015165:
8202110190750480008504234:
8202110190750530005001511:
8202110190751250004968173:
8202110190751290004932608:
8202110190751420008511681:
8202110190751580004924511:
8202110190752080004953437:
8202110190752230005255714:
8202110190752460006036336:
8202110190752560009273291:
8202110190753100005008693:
8202110190753110007421253:
8202110190753150004929419:
8202110190753220004974233:
8202110190753270003117204:
8202110190753400004968592:
8202110190754040008445656:
8202110190754090004991542:
8202110190754160004965343:
8202110190754190009311280:
8202110190754230009296645:
8202110190754270008496149:
8202110190754290004972421:
8202110190754420008504736:
8202110190754440009230812:
8202110190754500005258488:
8202110190754540008493092:
8202110190754570009250787:
8202110190755090006036504:
8202110190755110006028960:
8202110190755130008710875:
8202110190755440003126360:
8202110190755470004927939:
8202110190755510009346340:
8202110190755560008512783:
8202110190755580009346055:
8202110190756000008493340:
8202110190756020008517323:
8202110190756060004927575:
8202110190756080005004322:
8202110190756100004952880:
8202110190756120004931038:
8202110190756130008716113:
8202110190756150005008358:
8202110190756210006036997:
8202110190756430008500626:
8202110190756450009234249:
8202110190756470004941228:
8202110190756570009252994:
8202110190757040009341511:
8202110190757060004957311:
8202110190757340007407499:
8202110190757540001087543:
8202110190757570004996470:
8202110190758030006022158:
8202110190758150004990686:
8202110190758400005254706:
8202110190758530009346685:
8202110190758570008499471:
8202110190759260008679170:
8202110190759270008500083:
8202110190759430004968761:
8202110190759450004947956:
8202110190759490009233695:
8202110190759560004169060:
8202110190759570004929270:
8202110190800180009327620:
8202110190800200005270181:
8202110190801350004926919:
8202110190806200009305260:
8202110190806390007411174:
8202110191701390009354827:
8202110191703450004931038:
8202110191705310005005802:
8202110191705340004952531:
8202110191709130004929408:
8202110191714420004927939:
8202110191717250004939835:
8202110191800560004958669:
8202110191801190009272187:
8202110191801360005252032:
8202110191803000005264545:
8202110191803150004968592:
8202110191900320009252962:
8202110191900380006028799:
8202110191900400009324629:
8202110191900430004926919:
8202110191900450005008358:
8202110191900470009273291:
8202110191900490004981013:
8202110191900520004972892:
8202110191900540009226797:
8202110191900580005001511:
8202110191901050009343592:
8202110191901070009339818:
8202110191901080000431385:
8202110191901110004974233:
8202110191901180009327620:
8202110191901250006041875:
8202110191901270008493092:
8202110191901290007421253:
8202110191901330008496149:
8202110191901340009339817:
8202110191901360009253995:
8202110191901380008504736:
8202110191901390008495426:
8202110191901410004989259:
8202110191901430006036997:
8202110191901460005265552:
8202110191901480008502693:
8202110191901500005255714:
8202110191901530008504234:
8202110191901560004968761:
8202110191902030004924511:
8202110191902050004996716:
8202110191902100009339821:
8202110191902150008499706:
8202110191902190004953135:
8202110191902300005010999:
8202110191902350009290271:
8202110191902410006027345:
8202110191902560004932608:
8202110191903020008500626:
8202110191903130007402196:
8202110191903200006028957:
8202110191903450004991542:
8202110191904470006021988:
8202110191905400005008693:
8202110191905420009342978:
8202110191905480004972421:
8202110191906030005004322:
8202110191906050006022158:
8202110191906070009346685:
8202110191906480004975565:
8202110191908170009230812:
8202110191959120007402467:
8202110191959420009339792:
8202110191959440004964233:
8202110192000000006023662:
8202110192000020004947956:
8202110192000040007396382:
8202110192000060008710875:
8202110192000070004990686:
8202110192000110009296645:
8202110192000140004990375:
8202110192000160009250787:
8202110192000180004169060:
8202110192000190004927575:
8202110192000210009226391:
8202110192000260003126360:
8202110192000280009305260:
8202110192000360008495556:
8202110192000420004967114:
8202110192000440008679170:
8202110192000540009333812:
8202110192000570004975477:
8202110192000590004965170:
8202110192001390006015165:
8202110192001480009324572:
8202110192001510004988966:
8202110192001530009290264:
8202110192001550000424545:
8202110192001560008500493:
8202110192001580009343593:
8202110192002020009336990:
8202110192002180008506912:
8202110192002590008510188:
8202110192003010004957855:
8202110192003180009246202:
8202110192003250009311280:
8202110192004570004971518:
8202110192007230004989657:
8202110192008480005258488:
8202110192012190004941228:
8202110192012440005012741:
8202110192018580005254706:
8202110192136570008503089:
8202110192200010009346340:
8202110192200030004949695:
8202110192200040009226817:
8202110192200060009341511:
8202110192200070009252994:
8202110192200090004957311:
8202110192200110009234249:
8202110192200170009339225:
8202110192200200006036994:
8202110192200210002854367:
8202110192200230004164864:
8202110192200270001087543:
8202110192200290004953650:
8202110192200310008501835:
8202110192200330004965482:
8202110192200350005254534:
8202110192200370009226433:
8202110192200410007407499:
8202110192200430004948289:
8202110192200450007395601:
8202110192200470004929641:
8202110192200480008511681:
8202110192201550009308083:
8202110192201570008517323:
8202110192201590004923699:
8202110192202430004967900:
8202110192202460005252028:
8202110192205120005252016:
8202110192205220008494964:
8202110192205390004930608:
8202110192205590004996923:
8202110192206520004975255:
8202110192208030004968173:
