2202110120730520006022439:
2202110120731050008495037:
2202110120732490004933649:
2202110120733380008677773:
2202110120737070009307295:
2202110120737230004957621:
2202110120741300005255715:
2202110120741380004972767:
2202110120741480004930389:
2202110120742560009226393:
2202110120743120006021875:
2202110120743140004924346:
2202110120743170009290365:
2202110120743210009246193:
2202110120744390008504041:
2202110120745290004947963:
2202110120745520004967967:
2202110120746010008497276:
2202110120746290004960782:
2202110120747070006025806:
2202110120747101513646659:
2202110120747130006022160:
2202110120747170006751664:
2202110120747230005270840:
2202110120747250004968004:
2202110120747470009300596:
2202110120748060004996923:
2202110120748130008424093:
2202110120748210008681883:
2202110120748250009254926:
2202110120748280006036321:
2202110120748330004977423:
2202110120748360009297569:
2202110120749080005254538:
2202110120749170008506907:
2202110120749200008429638:
2202110120749230002851465:
2202110120749320006031526:
2202110120749360005254716:
2202110120750120009326618:
2202110120750140009283296:
2202110120750220001079879:
2202110120751000006030135:
2202110120751030004989378:
2202110120751100004986846:
2202110120751130005270182:
2202110120751150009301802:
2202110120751180005254710:
2202110120751220009288870:
2202110120751260004968716:
2202110120751280009291663:
2202110120751300009252984:
2202110120751320006036505:
2202110120751340009344566:
2202110120751360007414082:
2202110120751590008709369:
2202110120752070004928366:
2202110120752120006014349:
2202110120752150004950728:
2202110120752380004965814:
2202110120752460008498188:
2202110120752510008505663:
2202110120752540004961221:
2202110120752580005270839:
2202110120753010006037287:
2202110120753040004967416:
2202110120753110004921380:
2202110120753140008709061:
2202110120753150004921380:
2202110120753170006033001:
2202110120753200004928175:
2202110120753260004949598:
2202110120753350004992439:
2202110120753390004980727:
2202110120753400009233710:
2202110120753430005255716:
2202110120753470004991528:
2202110120753520004997665:
2202110120753530008492776:
2202110120753550004927727:
2202110120753570008680789:
2202110120753590004968555:
2202110120754100008496310:
2202110120754120007418333:
2202110120754160009326645:
2202110120754190009339828:
2202110120754210004992022:
2202110120754230004989232:
2202110120754250009293911:
2202110120754280008502693:
2202110120754310008506912:
2202110120754330009243147:
2202110120754390008680442:
2202110120754410006016090:
2202110120754430009254229:
2202110120754460006022852:
2202110120754480004935186:
2202110120754500004992875:
2202110120754510009253846:
2202110120754530009324572:
2202110120754560005254709:
2202110120754580008500184:
2202110120755010004994575:
2202110120755030008701083:
2202110120755050004990690:
2202110120755070007402467:
2202110120755080004993146:
2202110120755110009276908:
2202110120755130008716113:
2202110120755160008512859:
2202110120755180005254540:
2202110120755220005006768:
2202110120755250004953135:
2202110120755300009302534:
2202110120755320009314286:
2202110120755340004995116:
2202110120755360004940674:
2202110120755380004924676:
2202110120755400009226447:
2202110120755420004954090:
2202110120755430006022003:
2202110120755450006036993:
2202110120755471513643510:
2202110120755480009230815:
2202110120755500007421690:
2202110120755570008707832:
2202110120756000004933902:
2202110120756030004989502:
2202110120756050004929491:
2202110120756090008706494:
2202110120756110008512059:
2202110120756140006029990:
2202110120756160009326612:
2202110120756170009321334:
2202110120756190004949177:
2202110120756210004975875:
2202110120756230008492705:
2202110120756240004929423:
2202110120756260006017488:
2202110120756280009352010:
2202110120756300008694944:
2202110120756320004931193:
2202110120756340005248600:
2202110120756350004967312:
2202110120756370009275335:
2202110120756380009343592:
2202110120756400004987320:
2202110120756410009348542:
2202110120756430004970901:
2202110120756450005264544:
2202110120756470009337903:
2202110120756490009232378:
2202110120756530004951489:
2202110120756550005254539:
2202110120756570006033000:
2202110120756590003918790:
2202110120757000008499471:
2202110120757030000431412:
2202110120757040004975787:
2202110120757060004963091:
2202110120757090008708992:
2202110120757110008701527:
2202110120757130006039130:
2202110120757150004970618:
2202110120757170006025445:
2202110120757210008516772:
2202110120757240007415195:
2202110120757260005254536:
2202110120757290004936413:
2202110120757310008696894:
2202110120757340009340824:
2202110120757370004947107:
2202110120757380004968886:
2202110120757410004927029:
2202110120757430005264548:
2202110120757440009341030:
2202110120757460004976407:
2202110120757470009346707:
2202110120757490008492480:
2202110120757510004966106:
2202110120757540008495556:
2202110120757560008503198:
2202110120757580009292038:
2202110120758000008497463:
2202110120758020009279481:
2202110120758030008701103:
2202110120758050005270178:
2202110120758080007402482:
2202110120758100004991554:
2202110120758130009297664:
2202110120758140004951928:
2202110120758160008696388:
2202110120758170009281753:
2202110120758190004947698:
2202110120758210006021994:
2202110120758230008500312:
2202110120758240004941508:
2202110120758260009313676:
2202110120758280008688253:
2202110120758290006039497:
2202110120758310009290271:
2202110120758340009254207:
2202110120758360004990953:
2202110120758380004953953:
2202110120758400006020192:
2202110120758420009276489:
2202110120758460009226952:
2202110120758470008495468:
2202110120758490008506797:
2202110120758520005272807:
2202110120758540008708560:
2202110120758570008698044:
2202110120758590004931701:
2202110120759010004967002:
2202110120759040004991241:
2202110120759080009354391:
2202110120759090009330833:
2202110120759110004922875:
2202110120759130004949695:
2202110120759160004948585:
2202110120759170009232653:
2202110120759190007421743:
2202110120759210008495616:
2202110120759250008714113:
2202110120759280008499149:
2202110120759300008714113:
2202110120759340009343593:
2202110120759350008499075:
2202110120759370009226391:
2202110120759390005248603:
2202110120759400009281928:
2202110120759420004967590:
2202110120759450004969598:
2202110120759490004967806:
2202110120759510008516420:
2202110120759530004964719:
2202110120759540006020195:
2202110120759570005254715:
2202110120800000009324604:
2202110120800020004965754:
2202110120800040007421210:
2202110120800060004924923:
2202110120800080009286624:
2202110120800100004924923:
2202110120800130008504091:
2202110120800140004943327:
2202110120800180004988966:
2202110120800190008501482:
2202110120800210008692560:
2202110120800230006019430:
2202110120800240004939835:
2202110120800260004966802:
2202110120800270008696238:
2202110120800290009339144:
2202110120800300004921669:
2202110120800331513631101:
2202110120800350004921669:
2202110120800370004960160:
2202110120800410009339524:
2202110120800430008494333:
2202110120800470009321321:
2202110120800510009288913:
2202110120800540006033720:
2202110120800570009342183:
2202110120800580006042240:
2202110120801000008704360:
2202110120801010005254933:
2202110120801040009254002:
2202110120801060009301551:
2202110120801070009339824:
2202110120801090005254931:
2202110120801150004945980:
2202110120801190009307388:
2202110120801220008495972:
2202110120801250007419049:
2202110120801270007422489:
2202110120801290004964566:
2202110120801320004987025:
2202110120801400004948851:
2202110120801440008426248:
2202110120801540004968261:
2202110120801560004930162:
2202110120801590004963659:
2202110120802010009297056:
2202110120802030006024859:
2202110120802080006039993:
2202110120802110004923617:
2202110120802160006014944:
2202110120802180004950429:
2202110120802220006026834:
2202110120802260009234089:
2202110120802320006027540:
2202110120802400009343567:
2202110120802430009336990:
2202110120802450009322682:
2202110120802510006031525:
2202110120802570008712416:
2202110120803010006041715:
2202110120803040009343364:
2202110120803100006042873:
2202110120803120009347607:
2202110120803190008500889:
2202110120803230009274443:
2202110120803310005254708:
2202110120803490008499556:
2202110120803510008710216:
2202110120803530004962723:
2202110120803560009303525:
2202110120803570004965502:
2202110120804000004968467:
2202110120804030004940114:
2202110120804050005263715:
2202110120804070006014941:
2202110120804090009300590:
2202110120804100007421269:
2202110120804120004997608:
2202110120804140005265553:
2202110120804240008510378:
2202110120804440009294273:
2202110120804480009254183:
2202110120804500007402196:
2202110120805130009346063:
2202110120805300004975565:
2202110120805360006019315:
2202110120805380008494092:
2202110120805420009226412:
2202110120805450009290264:
2202110120805470004996481:
2202110120805480004991584:
2202110120805510004968250:
2202110120806000007395601:
2202110120806300007410282:
2202110120806340005009382:
2202110120806370009309829:
2202110120807070008494964:
2202110120807190006022855:
2202110120807210009292116:
2202110120807460005254714:
2202110120807500004988378:
2202110120807540004967606:
2202110120808040009226392:
2202110120808430009225494:
2202110120808570008498988:
2202110120809030008515578:
2202110120809060009279728:
2202110120810160004985430:
2202110120810570008502364:
2202110120811260008703345:
2202110120811410007410385:
2202110120812160004968394:
2202110120815170008506632:
2202110120818110009254000:
2202110120819430009275624:
2202110120825100009310727:
2202110121657490009246193:
2202110121702040008426248:
2202110121702280004992022:
2202110121702300004989232:
2202110121702390006751664:
2202110121702410009300596:
2202110121702430004968004:
2202110121702520004967416:
2202110121702540009340824:
2202110121702570004940674:
2202110121703090006039493:
2202110121703230009351308:
2202110121703450004922969:
2202110121703560004987320:
2202110121704000007411321:
2202110121704100006037287:
2202110121704130004931193:
2202110121704150008694944:
2202110121704260008696894:
2202110121704280004969598:
2202110121704420009232378:
2202110121704430007402500:
2202110121704480009330833:
2202110121705440004941773:
2202110121706020009252984:
2202110121709110004975875:
2202110121758260008702698:
2202110121758280008701274:
2202110121800020004997873:
2202110121800460008701527:
2202110121814310004939835:
2202110121824060008505663:
2202110121829320008712416:
2202110121838010009226392:
2202110121847561513646659:
2202110121852170006027540:
2202110121900010004928152:
2202110121900060009279481:
2202110121900330006018008:
2202110121900360008515502:
2202110121900540004965814:
2202110121901000004936413:
2202110121901080009297569:
2202110121901140005272807:
2202110121901320004972767:
2202110121901450004963091:
2202110121902170007415195:
2202110121902250004985430:
2202110121902590004981261:
2202110121903030009226393:
2202110121903230009302534:
2202110121903280009226393:
2202110121903370001079879:
2202110121904200004960160:
2202110121904300009253846:
2202110121905390008497276:
2202110121905510007421690:
2202110121908040004924676:
2202110121909490008506766:
2202110121909570007422489:
2202110121914340009297664:
2202110121914580008492705:
2202110121915270006030135:
2202110121915350004970618:
2202110121911360008510378:
2202110121911140006029990:
2202110121912390004991554:
2202110121913140009339803:
2202110121914320006021875:
2202110121911380009307388:
2202110121911410009283296:
2202110121911450007402482:
2202110121911180004921669:
2202110121911060004958690:
2202110121915060008503198:
2202110121911490006022439:
2202110121911480007414082:
2202110121942070006031525:
2202110121956120009286624:
2202110121959060008506907:
2202110121959150006033001:
2202110122000030008709369:
2202110122000070009314286:
2202110122000100006033001:
2202110122000130004969726:
2202110122000160004997665:
2202110122000200004923159:
2202110122000370009307295:
2202110122000420004961715:
2202110122000470005264548:
2202110122000480004990401:
2202110122000510009326618:
2202110122000530004998138:
2202110122000570004926646:
2202110122001020005254716:
2202110122001040006026834:
2202110122001160009281753:
2202110122001240004972764:
2202110122001260007421743:
2202110122001300004930389:
2202110122001320008429638:
2202110122001360004924346:
2202110122001390009276908:
2202110122002500004950728:
2202110122003030004968467:
2202110122003130005270839:
2202110122003170005254538:
2202110122003210005255715:
2202110122003240005255716:
2202110122003540004993146:
2202110122005040008707832:
2202110122005290009293911:
2202110122005350008494333:
2202110122005370009339828:
2202110122005390009324604:
2202110122005430007419049:
2202110122005570009254183:
2202110122006080004968394:
2202110122007240005248600:
2202110122008070005270840:
2202110122009320009275335:
2202110122009560008698044:
2202110122011410004966802:
2202110122012210004963659:
2202110122017180005248603:
2202110122023250004951027:
2202110122029060004962723:
2202110122102460004986846:
2202110122114520004967590:
2202110122200020006017488:
2202110122200070000431412:
2202110122200100004967967:
2202110122200120000431412:
2202110122200150008681883:
2202110122200180004992439:
2202110122200200004967967:
2202110122200240004929491:
2202110122200260004929423:
2202110122201010006039497:
2202110122201040009301802:
2202110122201060009295891:
3202110120725470008501288:
3202110120734140001099428:
3202110120738180004957621:
3202110120739440008698121:
3202110120740520004994053:
3202110120741010008692290:
3202110120742420005250571:
3202110120743030005255713:
3202110120743150004988205:
3202110120743550006028953:
3202110120744050004959868:
3202110120744180008708003:
3202110120744300009234248:
3202110120744570009351758:
3202110120745130008494010:
3202110120745150004937222:
3202110120745230005011155:
3202110120745400009234458:
3202110120745430008503303:
3202110120745560005009549:
3202110120746010005264547:
3202110120746540009247521:
3202110120747140004966279:
3202110120748360006039016:
3202110120748470004935446:
3202110120748490004986942:
3202110120748560005004742:
3202110120748590009306586:
3202110120749030005012741:
3202110120749060005254707:
3202110120749100004926955:
3202110120749450009323446:
3202110120749580004957118:
3202110120750020008512375:
3202110120750040004972456:
3202110120750080009236868:
3202110120750100004928640:
3202110120750130009295891:
3202110120750150005248596:
3202110120750180009348776:
3202110120750390004942040:
3202110120751250004928798:
3202110120751340008497634:
3202110120751390004986730:
3202110120751420005250572:
3202110120751450004952229:
3202110120751470004998074:
3202110120751500005272252:
3202110120751520005250567:
3202110120751560008711197:
3202110120752000009252962:
3202110120752020005250570:
3202110120752080006018008:
3202110120752110004968544:
3202110120752170009335560:
3202110120752220006028957:
3202110120752310004968472:
3202110120752360004942841:
3202110120752390004962972:
3202110120752420005255416:
3202110120752440004926757:
3202110120752480004929937:
3202110120752540009342954:
3202110120752560005263714:
3202110120752590008708048:
3202110120753010004989657:
3202110120753120009343149:
3202110120753150004970930:
3202110120753180008498021:
3202110120753200005272314:
3202110120753240004949833:
3202110120753350004155886:
3202110120753400006030480:
3202110120753430009322602:
3202110120753480004931925:
3202110120753490008680900:
3202110120754120008684967:
3202110120754140008687514:
3202110120754170004968838:
3202110120754190004987236:
3202110120754210008714702:
3202110120754260005254542:
3202110120754380009326600:
3202110120754400009324879:
3202110120754530009325535:
3202110120754560008680280:
3202110120754580009300618:
3202110120755010004934470:
3202110120755030005264549:
3202110120755070008697764:
3202110120755100005250566:
3202110120755140009272418:
3202110120755170004927727:
3202110120755360008686117:
3202110120755450006039541:
3202110120755460008506766:
3202110120755490005248597:
3202110120755510005248601:
3202110120755530008503489:
3202110120755540008691341:
3202110120755570009327615:
3202110120755590008717268:
3202110120756010004968592:
3202110120756030008711249:
3202110120756040005265556:
3202110120756060008518736:
3202110120756090004994835:
3202110120756110005250568:
3202110120756130008492549:
3202110120756150005248599:
3202110120756170008515502:
3202110120756200004987910:
3202110120756220004992875:
3202110120756230009326626:
3202110120756270009342978:
3202110120756280004927539:
3202110120756300003117204:
3202110120756320009331842:
3202110120756340004935794:
3202110120756360009286996:
3202110120756390008689944:
3202110120756420004948881:
3202110120756450009339802:
3202110120756470006025823:
3202110120756490004993672:
3202110120756510004929645:
3202110120756530009287195:
3202110120756560008499165:
3202110120756580008514795:
3202110120757000004923548:
3202110120757030004990107:
3202110120757100004953650:
3202110120757120009339195:
3202110120757160006041721:
3202110120757180008503339:
3202110120757200004966674:
3202110120757230004164864:
3202110120757260008699992:
3202110120757280008679943:
3202110120757390005255708:
3202110120757400004988079:
3202110120757450008507829:
3202110120757460004973922:
3202110120757480009343384:
3202110120757500004973922:
3202110120757520003126147:
3202110120757550008494201:
3202110120757570004989794:
3202110120757590004965343:
3202110120758010009233695:
3202110120758030008445992:
3202110120758060009348603:
3202110120758090004966591:
3202110120758130005248598:
3202110120758160008692032:
3202110120758320004929713:
3202110120758510009324637:
3202110120759050006039974:
3202110120759080004949239:
3202110120759150008514966:
3202110120759190008711892:
3202110120759200005250573:
3202110120759260009233697:
3202110120759330004957759:
3202110120759370005258486:
3202110120800010008708560:
3202110120802190006033720:
3202110120803040004950429:
3202110120803330004930608:
3202110120804570004965502:
3202110120813280008506597:
3202110120820400009275624:
3202110120844520008492065:
3202110121023430006022420:
3202110121701490004962972:
3202110121702300004931701:
3202110121702330009326626:
3202110121702360009324629:
3202110121702380009348603:
3202110121704160008679943:
3202110121751060009293535:
3202110121801380004987910:
3202110121803080009306586:
3202110121803550008494010:
3202110121804350003137991:
3202110121816170008506597:
3202110121858250004950937:
3202110121858300008492410:
3202110121858350009234458:
3202110121858380009336959:
3202110121858440008691341:
3202110121859000004992723:
3202110121859180004970930:
3202110121859430009324637:
3202110121859450009272418:
3202110121859470005263716:
3202110121859490004935446:
3202110121859500008714702:
3202110121859560007418333:
3202110121859580004966362:
3202110121900010004968838:
3202110121900040004155886:
3202110121900060005250568:
3202110121900070005009549:
3202110121900090008709488:
3202110121900100004990107:
3202110121900120009300618:
3202110121900140008687514:
3202110121900160008494201:
3202110121900180008502984:
3202110121900190005265556:
3202110121900200009230815:
3202110121900220004987236:
3202110121900230008689944:
3202110121900250009325535:
3202110121900260009233695:
3202110121900280004937222:
3202110121900300008710216:
3202110121900320005004742:
3202110121900340006030484:
3202110121900360005254715:
3202110121900370009326600:
3202110121900390008680280:
3202110121900400004942841:
3202110121900420004966279:
3202110121900430004988079:
3202110121900450009287195:
3202110121900470008693920:
3202110121900490009343384:
3202110121900510004998055:
3202110121900520009342962:
3202110121900540009234248:
3202110121900560009280051:
3202110121900570001099428:
3202110121900590009354582:
3202110121901010005272314:
3202110121901030004935794:
3202110121901050004928640:
3202110121901070004986730:
3202110121901100004929645:
3202110121901110004929713:
3202110121901140008497634:
3202110121901150004990953:
3202110121901170008690203:
3202110121901180008495468:
3202110121901200005248599:
3202110121901220009323446:
3202110121901250008498188:
3202110121901270004949833:
3202110121901290007402467:
3202110121901300004990690:
3202110121901320009348776:
3202110121901340004937390:
3202110121901380005248598:
3202110121901470009348748:
3202110121901500004929235:
3202110121901530008693892:
3202110121902020009236868:
3202110121902060004969304:
3202110121902090004930162:
3202110121902110005009382:
3202110121902140009309829:
3202110121902170004948881:
3202110121902190005250569:
3202110121902230004988205:
3202110121902410005250570:
3202110121902430008514795:
3202110121902460008499165:
3202110121902480006028957:
3202110121902560009324879:
3202110121903060008516420:
3202110121903520009252970:
3202110121903570009339144:
3202110121904420008502189:
3202110121905120008688253:
3202110121905270004961404:
3202110121906060008717268:
3202110121907080004999443:
3202110121907140005254542:
3202110121907580005250571:
3202110121909020006025445:
3202110121910200008696388:
3202110121913030004945980:
3202110121914310009308083:
3202110121949020009274874:
3202110121951020006022420:
3202110121954510007407502:
3202110121954540006041103:
3202110121954550006019315:
3202110121959380009331842:
3202110121959400005248601:
3202110121959450009354349:
3202110121959470009342954:
3202110121959500004923548:
3202110121959520008680900:
3202110121959540004952229:
3202110122000010008503303:
3202110122000090009336990:
3202110122000120004957118:
3202110122000130005264547:
3202110122000160009335560:
3202110122000180008501288:
3202110122000200005248596:
3202110122000220006041721:
3202110122000250004994596:
3202110122000270004989816:
3202110122000290006024859:
3202110122000320006030142:
3202110122000340008445992:
3202110122000370009346367:
3202110122000390005264549:
3202110122000420008704360:
3202110122000450004991528:
3202110122000460008697764:
3202110122000510004996986:
3202110122000520009243147:
3202110122000560004994835:
3202110122000580005250567:
3202110122001030004949239:
3202110122001100005255708:
3202110122001120004973922:
3202110122001160009343593:
3202110122001180004937930:
3202110122001210008692290:
3202110122001240008714113:
3202110122001260006033720:
3202110122001280005254707:
3202110122001320008518736:
3202110122001340005248597:
3202110122001360009343567:
3202110122001380004934470:
3202110122001400006014941:
3202110122001420005250572:
3202110122001480005012741:
3202110122001500004967606:
3202110122001580005265553:
3202110122002040006039541:
3202110122002050009322602:
3202110122002070006039541:
3202110122002100000424146:
3202110122002130008680442:
3202110122002190004959868:
3202110122002230009286387:
3202110122003140004967585:
3202110122003290006020195:
3202110122003500005263714:
3202110122003530004970901:
3202110122003570008504091:
3202110122004050004926955:
3202110122004350006039016:
3202110122005380004968555:
3202110122007070003117204:
3202110122008250008698121:
3202110122009220006042240:
3202110122011500009286996:
3202110122012510005262034:
3202110122012550005250573:
3202110122011220008508441:
3202110122046090004929937:
3202110122104410004988378:
3202110122106190009226952:
3202110122111500008677773:
3202110122115000007421210:
3202110122115020004950429:
3202110122112180009254002:
3202110122200030008708048:
3202110122200050009247521:
3202110122200100009354581:
3202110122200120009321321:
3202110122200140005264551:
3202110122200170008698315:
3202110122200190009226817:
3202110122200210008512375:
3202110122200220008495972:
3202110122200240004927539:
3202110122200260004965502:
3202110122200280006031524:
3202110122200300009290264:
3202110122200320008711197:
3202110122200330008507829:
3202110122200350009343149:
3202110122200360004994053:
3202110122200390008708560:
3202110122200430005255416:
3202110122200450005250566:
3202110122200470004956198:
3202110122200500004986942:
3202110122200510004972456:
3202110122200530006022003:
3202110122200540009274443:
3202110122200560009292038:
3202110122200580004923699:
3202110122201000005254931:
3202110122201020009339802:
3202110122201040008492549:
3202110122201050008711249:
3202110122201070005001068:
3202110122201100004966438:
3202110122201130009281928:
3202110122201140008500888:
3202110122201160004923617:
3202110122201180008500888:
3202110122201200004989794:
3202110122201220004926757:
3202110122201340009300590:
3202110122201360004930608:
3202110122201390009348542:
3202110122201400006030480:
3202110122201420005272252:
3202110122201430003126147:
3202110122201450009233697:
3202110122202000008701103:
3202110122202040005011155:
3202110122202140008513325:
3202110122202160006025823:
3202110122202530004998074:
3202110122202550008690234:
3202110122202580004968472:
3202110122208360004975255:
3202110122208430007411174:
4202110120729020004968173:
4202110120742490001087543:
4202110120743240004989551:
4202110120743320006015165:
4202110120745350005001511:
4202110120747290006036336:
4202110120747380007398203:
4202110120748130008504234:
4202110120748460005005802:
4202110120749140008493092:
4202110120749250009285513:
4202110120749290009234486:
4202110120749550008679170:
4202110120750220005255714:
4202110120750240005008358:
4202110120750260004981013:
4202110120750280005264545:
4202110120750340005265552:
4202110120750410007396382:
4202110120751150000424545:
4202110120751480004965482:
4202110120751530009232629:
4202110120751570004952531:
4202110120752001513653075:
4202110120752270004936688:
4202110120752290004996716:
4202110120752310004936293:
4202110120753000009339817:
4202110120753030008677903:
4202110120753040004967114:
4202110120753110005254710:
4202110120753140004179142:
4202110120753160004996470:
4202110120753210009338161:
4202110120753290009311280:
4202110120753310007407499:
4202110120753390009253739:
4202110120753410006021988:
4202110120753430006027612:
4202110120753500008496149:
4202110120753550009234249:
4202110120753570008494427:
4202110120753590006035802:
4202110120754070004958669:
4202110120754150008499867:
4202110120754170009346055:
4202110120754190004963073:
4202110120754200006036997:
4202110120754230004932608:
4202110120754250005001262:
4202110120754270009336959:
4202110120754290005260613:
4202110120754310008495426:
4202110120754330000424167:
4202110120754340008501835:
4202110120754390009226433:
4202110120754450006039129:
4202110120755020009250787:
4202110120755040009346340:
4202110120755050005264551:
4202110120755070004968761:
4202110120755100008511222:
4202110120755120004946812:
4202110120755140009283323:
4202110120755150006036994:
4202110120755180008695597:
4202110120755200008493340:
4202110120755240004936058:
4202110120755260008690224:
4202110120755350008699709:
4202110120755390005004322:
4202110120755430004169060:
4202110120755450005265557:
4202110120755460004964407:
4202110120755490004929270:
4202110120755510004990686:
4202110120755520004957311:
4202110120755550004941228:
4202110120755580004926919:
4202110120756070004927575:
4202110120756120004985960:
4202110120756140004962411:
4202110120756200009324605:
4202110120756260004929419:
4202110120756290008512783:
4202110120756320008499706:
4202110120756350009331044:
4202110120756440005254706:
4202110120756500009252994:
4202110120756580009342997:
4202110120757000009324118:
4202110120757010009341511:
4202110120757030009253995:
4202110120757080004989259:
4202110120757100009254212:
4202110120757140004952880:
4202110120757480009342143:
4202110120757500004931038:
4202110120757540004923699:
4202110120757570008710875:
4202110120758030008500493:
4202110120758050009226797:
4202110120758070004957855:
4202110120758090009247696:
4202110120758140005264544:
4202110120758180009352010:
4202110120758240007401131:
4202110120758340009230812:
4202110120758370008499471:
4202110120758390009346685:
4202110120758550004953788:
4202110120759130009295454:
4202110120759160009351768:
4202110120759180000431385:
4202110120759190009226817:
4202110120759210009342981:
4202110120759400009327620:
4202110120759530009246202:
4202110120759590004951928:
4202110120800030004947698:
4202110120800080004957235:
4202110120800240009341742:
4202110120800260009346035:
4202110120800290004933960:
4202110120800310008445656:
4202110120800420005248602:
4202110120800460009272187:
4202110120801100004975255:
4202110120802080008503089:
4202110120802360004987615:
4202110120803450007411174:
4202110120804060009234108:
4202110120805390005010999:
4202110120807210004921785:
4202110120807550008519041:
4202110121659170001077425:
4202110121700570008711892:
4202110121701160004926919:
4202110121701250008503339:
4202110121701520006027612:
4202110121707120004968761:
4202110121707470006027345:
4202110121900010005001262:
4202110121900030004975565:
4202110121900040009254212:
4202110121900160004927727:
4202110121900190005008693:
4202110121900220009346055:
4202110121900230005004322:
4202110121900250008679170:
4202110121900280008511222:
4202110121900290007401131:
4202110121900310005008358:
4202110121900330004981013:
4202110121900350006021988:
4202110121900370009346685:
4202110121900520006041875:
4202110121900530004989259:
4202110121900580004952880:
4202110121901010008708992:
4202110121901020009324118:
4202110121901040004953135:
4202110121901060005001511:
4202110121901080009343592:
4202110121901100008504736:
4202110121901110008493092:
4202110121901130008493340:
4202110121901140005254710:
4202110121901180008499471:
4202110121901260005265552:
4202110121901270009226433:
4202110121901290009252994:
4202110121901310004972892:
4202110121901320004966674:
4202110121901340008498021:
4202110121901360004965170:
4202110121901370009246202:
4202110121901400009338161:
4202110121901411513631101:
4202110121901430004957855:
4202110121901450005255714:
4202110121901490009327620:
4202110121901510009342978:
4202110121902000004928798:
4202110121902010009250787:
4202110121902090009346340:
4202110121902110009230812:
4202110121902120005011308:
4202110121902140004996470:
4202110121902160004964566:
4202110121902210008512783:
4202110121902230009341511:
4202110121902240004990686:
4202110121902260008509836:
4202110121902270004968592:
4202110121902300009342981:
4202110121902330004989657:
4202110121902340008716113:
4202110121902360004963073:
4202110121902380004941228:
4202110121902390009342997:
4202110121902440007407499:
4202110121903100008495556:
4202110121903120006036336:
4202110121903340004929270:
4202110121903400004993409:
4202110121904020008445656:
4202110121905050009272187:
4202110121905560005254706:
4202110121907040009311280:
4202110121948360009232651:
4202110122000030004932608:
4202110122000310009247696:
4202110122000430008695597:
4202110122000470004957311:
4202110122001070009346035:
4202110122001110009331044:
4202110122001130009234249:
4202110122001220005248602:
4202110122001390008699709:
4202110122001410004169060:
4202110122001440009354391:
4202110122001460004929419:
4202110122001490006036994:
4202110122001510008710875:
4202110122001570006036997:
4202110122002000004967114:
4202110122002380009290271:
4202110122005420004962411:
4202110122006480004179142:
4202110122008350004966418:
4202110122054260006036876:
4202110122105280004985960:
4202110122157300009351768:
4202110122200040007395601:
4202110122200120009341742:
4202110122200130009283323:
4202110122200160009324572:
4202110122200190004965482:
4202110122200230000424167:
4202110122200250004931038:
4202110122200360005265557:
4202110122200500004953650:
4202110122200520004164864:
4202110122201430004953788:
4202110122201450006035802:
4202110122201510007396382:
4202110122201530005264545:
4202110122203070008500493:
4202110122203090004929641:
4202110122203350004991241:
4202110122203400006019064:
4202110122203440004991241:
4202110122204170007402498:
4202110122204240007398203:
4202110122204280006039129:
4202110122204300004967900:
4202110122204320004968173:
5202110120729560004951027:
5202110120734100007402194:
5202110120734130004966418:
5202110120734150006039969:
5202110120735150005255711:
5202110120735200004961715:
5202110120735240004967585:
5202110120737490004929202:
5202110120738470004974855:
5202110120740010004994053:
5202110120740110008698279:
5202110120740570004961404:
5202110120741440001079288:
5202110120742280004972793:
5202110120743030007404782:
5202110120743220004924019:
5202110120743230009305457:
5202110120743260004989528:
5202110120743570004950937:
5202110120744010004973075:
5202110120744040004987744:
5202110120745530004976717:
5202110120745560009339273:
5202110120745580004998138:
5202110120746020004922969:
5202110120746080008676811:
5202110120746110004995938:
5202110120746281513645885:
5202110120747040008717926:
5202110120747080009276680:
5202110120747180005264543:
5202110120747210004972764:
5202110120747350008499208:
5202110120747390008494564:
5202110120747450009230754:
5202110120747560004968004:
5202110120748050004930090:
5202110120748110004959001:
5202110120748170009281193:
5202110120748320008516236:
5202110120748580009230781:
5202110120749000004969726:
5202110120749020004994074:
5202110120749060004961787:
5202110120749080009236809:
5202110120749140004932362:
5202110120749200008517932:
5202110120749380004927306:
5202110120749540008692450:
5202110120749580004972171:
5202110120750130008690529:
5202110120750250004997809:
5202110120750270004941773:
5202110120750310004989073:
5202110120750350004973514:
5202110120750390009324076:
5202110120750410006041103:
5202110120750470004994596:
5202110120750500004989816:
5202110120750540004996134:
5202110120751050004957545:
5202110120751080004950845:
5202110120751120004992723:
5202110120751200009346170:
5202110120751230006018008:
5202110120751360005258489:
5202110120751400009346362:
5202110120751420004990979:
5202110120751460005254929:
5202110120751490009225500:
5202110120751510009352009:
5202110120751530004957738:
5202110120751560005255416:
5202110120751580004938202:
5202110120752000009234480:
5202110120752020004986057:
5202110120752030008699606:
5202110120752090009252984:
5202110120752110007414082:
5202110120752210004966690:
5202110120752260008496367:
5202110120752290004957428:
5202110120752310004949398:
5202110120752330007402500:
5202110120752490004967073:
5202110120752530008509901:
5202110120752590004997873:
5202110120753010004998401:
5202110120753030005012946:
5202110120753100004946517:
5202110120753120004965814:
5202110120753150004927329:
5202110120753210004990397:
5202110120753250006030130:
5202110120753260006032924:
5202110120753300009351308:
5202110120753420005266100:
5202110120753500006041875:
5202110120754040004923016:
5202110120754060004967512:
5202110120754090004937390:
5202110120754120008503915:
5202110120754150004966986:
5202110120754180004924182:
5202110120754210007412611:
5202110120754360004931257:
5202110120754390004966761:
5202110120754400009323985:
5202110120754420007402523:
5202110120754440004951177:
5202110120754460004930576:
5202110120754480009225481:
5202110120754510008496310:
5202110120754520008694659:
5202110120754550004180013:
5202110120754580009282809:
5202110120755000006039493:
5202110120755020004965967:
5202110120755080009327615:
5202110120755090008493750:
5202110120755120005012521:
5202110120755130009252970:
5202110120755180009348762:
5202110120755190008718216:
5202110120755240005011308:
5202110120755250009279709:
5202110120755270005001068:
5202110120755310009342959:
5202110120755330005254709:
5202110120755390009327416:
5202110120755440008512216:
5202110120755460004990690:
5202110120755480004972420:
5202110120755510004923159:
5202110120756040008503171:
5202110120756050009333812:
5202110120756070005255709:
5202110120756100006037924:
5202110120756130005255712:
5202110120756150008493366:
5202110120756170009296798:
5202110120756190004971518:
5202110120756210009339837:
5202110120756230004967900:
5202110120756310009339219:
5202110120756340004989365:
5202110120756370004949101:
5202110120756400004921536:
5202110120756430008510716:
5202110120756460006033090:
5202110120756480009253997:
5202110120756500006029988:
5202110120756520008500113:
5202110120756530003892332:
5202110120756550008506074:
5202110120756560003920040:
5202110120756580008515021:
5202110120757010004923454:
5202110120757030008702320:
5202110120757050008431645:
5202110120757060009280491:
5202110120757100004993674:
5202110120757120004928152:
5202110120757150004969384:
5202110120757160001114611:
5202110120757200004923110:
5202110120757220005250564:
5202110120757230009354001:
5202110120757250009241934:
5202110120757260009286880:
5202110120757280004951489:
5202110120757300009226440:
5202110120757320004937490:
5202110120757340009254908:
5202110120757360001122577:
5202110120757380007407739:
5202110120757400004990401:
5202110120757420009321395:
5202110120757431513409863:
5202110120757470004951445:
5202110120757580006030142:
5202110120758000008697063:
5202110120758020006025445:
5202110120758040008697836:
5202110120758060008494613:
5202110120758080004966750:
5202110120758100007411321:
5202110120758120008691017:
5202110120758140008709011:
5202110120758160004989670:
5202110120758180004968100:
5202110120758190004951477:
5202110120758210004932359:
5202110120758230004968298:
5202110120758250008696894:
5202110120758270004947107:
5202110120758300004927939:
5202110120758310004995861:
5202110120758350004927939:
5202110120758370009341030:
5202110120758390009339834:
5202110120758410001108277:
5202110120758430009346707:
5202110120758450004958379:
5202110120758460009253842:
5202110120758490009246202:
5202110120758520004988793:
5202110120758540008701274:
5202110120758560008688253:
5202110120758580009341030:
5202110120759050004929016:
5202110120759070006039497:
5202110120759090004951627:
5202110120759100004995654:
5202110120759130009280051:
5202110120759150004996986:
5202110120759170009354827:
5202110120759310008500888:
5202110120759340008497935:
5202110120759440008502189:
5202110120759470009240533:
5202110120759490009286616:
5202110120759510006025807:
5202110120800110006030118:
5202110120800150004178213:
5202110120800210007401654:
5202110120800280004937089:
5202110120800400004965754:
5202110120800420009298223:
5202110120800450009232651:
5202110120800470009354401:
5202110120800500009310954:
5202110120800570008692560:
5202110120800590004966802:
5202110120801020004965170:
5202110120801040008696238:
5202110120801340009340820:
5202110120802320009346033:
5202110120803360009236810:
5202110120803410009347607:
5202110120803580008508219:
5202110120804510004958690:
5202110120804550009281814:
5202110120805570004972482:
5202110120806380009339803:
5202110120808290009226392:
5202110120809430009305197:
5202110120825300009298073:
5202110121006500009293535:
5202110121700340005255711:
5202110121700440004967512:
5202110121701480009346170:
5202110121701550004958379:
5202110121701580004922875:
5202110121702000009233710:
5202110121702020004994074:
5202110121702030004960782:
5202110121702050009233710:
5202110121702070008517932:
5202110121702090009352009:
5202110121702110004968004:
5202110121702140004923454:
5202110121702160008509901:
5202110121702170004957738:
5202110121702190008512216:
5202110121702200004967416:
5202110121702220009340824:
5202110121702240008692450:
5202110121702250004927306:
5202110121702280009282809:
5202110121702300008499208:
5202110121702320004949177:
5202110121702340006039493:
5202110121702360009236809:
5202110121702380009296798:
5202110121702400004989365:
5202110121702410004964719:
5202110121702420009230781:
5202110121702440004965967:
5202110121702470009327416:
5202110121702490001108277:
5202110121702520009327416:
5202110121702530008699606:
5202110121702560009351308:
5202110121702580009276680:
5202110121703000009279709:
5202110121703020004961787:
5202110121703040008697836:
5202110121703060009354001:
5202110121703080009226440:
5202110121703120008698279:
5202110121703140004180013:
5202110121703160004922969:
5202110121703170004951445:
5202110121703200004968298:
5202110121703220007407739:
5202110121703250009234480:
5202110121703260004935186:
5202110121703280009254229:
5202110121703300009253997:
5202110121703320009339273:
5202110121703330004972420:
5202110121703350006037287:
5202110121703370004973514:
5202110121703390009326612:
5202110121703400008510716:
5202110121703420008696894:
5202110121703440004997809:
5202110121703460004930090:
5202110121703480004995861:
5202110121703510009232378:
5202110121703521513645885:
5202110121703540007402500:
5202110121703550008717926:
5202110121704040009226412:
5202110121704080004949398:
5202110121704100009226412:
5202110121704130006029988:
5202110121704230008701083:
5202110121704260009340820:
5202110121704290004980727:
5202110121704360009225481:
5202110121704550004954090:
5202110121705010004937490:
5202110121705060004941773:
5202110121705140004993674:
5202110121705160004989073:
5202110121705220008702320:
5202110121705260009252984:
5202110121705360009342959:
5202110121705380008676811:
5202110121705440004946517:
5202110121706260005255712:
5202110121706310009294273:
5202110121706350004972482:
5202110121706490004990979:
5202110121707260009326645:
5202110121707300008515021:
5202110121707470004968261:
5202110121708260004967073:
5202110121708450009339219:
5202110121709190004969384:
5202110121716380004947445:
5202110121711510005006958:
5202110121711130004947070:
5202110121714390005004855:
5202110121717460008516236:
5202110121717490004995654:
5202110121707520004987744:
5202110121707560004924019:
5202110121707580009354401:
5202110121708010005254709:
5202110121710390006030130:
5202110121710410004957545:
5202110121710440005266100:
5202110121710460008493366:
5202110121710490004932362:
5202110121710520006033090:
5202110121710540009321395:
5202110121710570009305457:
5202110121711020006039969:
5202110121711060008709011:
5202110121711090008694659:
5202110121711120004921536:
5202110121713270009241934:
5202110121713300009286880:
5202110121757510004921380:
5202110121801340009281814:
5202110121801540008503915:
5202110121803210006009777:
5202110121811000009298073:
5202110121811020009310727:
5202110121811380006022855:
5202110121810470006031525:
5202110121810480009346362:
5202110121810520004989528:
5202110121810560005258489:
5202110121810590004973075:
5202110121811020009347607:
5202110121811050009230754:
5202110121811090006041715:
5202110121810240009226392:
5202110121843000008691017:
5202110121843050009341030:
5202110121843070009346707:
5202110121843100003920040:
5202110121859380004992723:
5202110121859420004950937:
5202110121900000009321334:
5202110121900020006018008:
5202110121900040004965814:
5202110121900060008494564:
5202110121900080004995938:
5202110121900110004966761:
5202110121900130004951489:
5202110121900150009290365:
5202110121900430004998401:
5202110121900540008718216:
5202110121900560004924182:
5202110121901020004966986:
5202110121901050004968544:
5202110121901090008493750:
5202110121901120004968544:
5202110121901150005001262:
5202110121901210008680280:
5202110121901240004946775:
5202110121901300004965754:
5202110121901320007401131:
5202110121901470009310954:
5202110121901510004990953:
5202110121901590004929645:
5202110121902140004937390:
5202110121902170004996134:
5202110121902200004953135:
5202110121902440008692560:
5202110121902470006033000:
5202110121902490008695905:
5202110121902510009282114:
5202110121902540004923400:
5202110121902590009309829:
5202110121903010004948881:
5202110121903170009286616:
5202110121903480004961221:
5202110121904300006036336:
5202110121904320009339144:
5202110121904350004986057:
5202110121904500001079288:
5202110121905130008502189:
5202110121905280009339524:
5202110121905430008688253:
5202110121906160004961404:
5202110121906200005264543:
5202110121906250004949101:
5202110121906370007412611:
5202110121907210004966903:
5202110121907360009285513:
5202110121908550004989670:
5202110121909260008506766:
5202110121909480006025445:
5202110121910450004990397:
5202110121910560004959001:
5202110121911030004972171:
5202110121910410005265554:
5202110121911530009339803:
5202110121914300009236810:
5202110121914510004972793:
5202110121907280009321395:
5202110121907310004932362:
5202110121907360009305457:
5202110121907390005266100:
5202110121907420006030130:
5202110121907450004987744:
5202110121907470008496310:
5202110121907480009321395:
5202110121907500005254709:
5202110121907520008691017:
5202110121907540004973075:
5202110121907580004924019:
5202110121908000005270178:
5202110121908050009346362:
5202110121908070004989528:
5202110121908110009354401:
5202110121908130008493366:
5202110121908150008516236:
5202110121908170005258489:
5202110121908200004947107:
5202110121908230008503171:
5202110121908250009347607:
5202110121908270009230754:
5202110121908290004921536:
5202110121908310008694659:
5202110121908330006033090:
5202110121908350004957545:
5202110121908370009280491:
5202110121908410009346707:
5202110121908440003920040:
5202110121908460004995654:
5202110121908470009341030:
5202110121909150006041715:
5202110121909190006039969:
5202110121940310007414082:
5202110121941440007402194:
5202110121945090008706494:
5202110121945120008709011:
5202110121945140009225494:
5202110121958400004951627:
5202110121959530008695330:
5202110122000010008680789:
5202110122000040004961715:
5202110122000090004974855:
5202110122000110004990401:
5202110122000130004998138:
5202110122000140004976717:
5202110122000160004951177:
5202110122000200009346033:
5202110122000220004932359:
5202110122000250004973203:
5202110122000270005012946:
5202110122000300009226447:
5202110122000320009327615:
5202110122000360008492776:
5202110122000390006039130:
5202110122000450004927329:
5202110122000470009278808:
5202110122000500004926451:
5202110122000540004923110:
5202110122000560009348762:
5202110122000580004932608:
5202110122001030004931257:
5202110122001050005255709:
5202110122001070004957428:
5202110122001090006030142:
5202110122001140004996481:
5202110122001190004957235:
5202110122001210009348543:
5202110122001220004987025:
5202110122001290004966750:
5202110122001300004966449:
5202110122001330009323985:
5202110122001340008494613:
5202110122001360008431645:
5202110122001400004997608:
5202110122001420008431645:
5202110122001460000431430:
5202110122001520004968716:
5202110122002050009254908:
5202110122002060008696238:
5202110122002260004950845:
5202110122002410006016276:
5202110122002420009305197:
5202110122002580004932392:
5202110122003090009240533:
5202110122003110003892332:
5202110122003490004923016:
5202110122004480007401654:
5202110122005440004995116:
5202110122005460008709061:
5202110122008170008698044:
5202110122016130007410282:
5202110122016160009297056:
5202110122016350009253842:
5202110122016480005248603:
5202110122017030008500312:
5202110122019110008708003:
5202110122020330008500113:
5202110122027080009324076:
5202110122027100004966690:
5202110122037280009339824:
5202110122048220004943327:
5202110122048240009303525:
5202110122100360009322682:
5202110122100380007410385:
5202110122100560006022852:
5202110122100580008495616:
5202110122101060004928366:
5202110122101080009342183:
5202110122101090006036993:
5202110122101120008506797:
5202110122101130008690529:
5202110122102170005270182:
5202110122115000004933649:
5202110122116110008497463:
5202110122116130008508219:
5202110122127330008512059:
5202110122127360007402523:
5202110122159531513409863:
5202110122200060005012521:
5202110122200170008508290:
5202110122200190005265555:
5202110122200210005268686:
5202110122200300009292116:
5202110122200330004928604:
5202110122200350004966591:
5202110122200380004992875:
5202110122200400006032924:
5202110122200570008698315:
5202110122201070006016090:
5202110122201090009343149:
5202110122201290004972456:
5202110122201320004977027:
5202110122202580004958069:
5202110122205470004991241:
6202110120716010008508441:
6202110120728280004992307:
6202110120729120004951327:
6202110120734500006031524:
6202110120735430004946192:
6202110120736580005265554:
6202110120737320008500401:
6202110120738330009241075:
6202110120738360005006025:
6202110120738430005254930:
6202110120738580008517056:
6202110120742340004966449:
6202110120742460008676957:
6202110120744350004928604:
6202110120744500005254713:
6202110120745180008707911:
6202110120746060004956198:
6202110120746260004965866:
6202110120747290000431430:
6202110120748020004962099:
6202110120748060006030484:
6202110120748170005009523:
6202110120748590009346367:
6202110120749380004977423:
6202110120749500004949536:
6202110120750070008502735:
6202110120750520009287614:
6202110120750570008683421:
6202110120750590008693892:
6202110120751000008690234:
6202110120751050004969132:
6202110120751100004996134:
6202110120751130009283931:
6202110120751260004998074:
6202110120751300005250570:
6202110120751380004934669:
6202110120752000008708048:
6202110120752040004967884:
6202110120752080004990979:
6202110120752160004926757:
6202110120752180005012405:
6202110120752240008508290:
6202110120752280005268686:
6202110120752410008498021:
6202110120752470006009777:
6202110120752510007402498:
6202110120753040008499805:
6202110120753150008513325:
6202110120753210004928389:
6202110120753240004987731:
6202110120753330004998663:
6202110120753370006039510:
6202110120753440004928616:
6202110120753540004966490:
6202110120753590001087528:
6202110120754020004923400:
6202110120754210005265558:
6202110120754260004967379:
6202110120754340004967296:
6202110120754360004936029:
6202110120754390004962761:
6202110120754410007412611:
6202110120754460004998194:
6202110120754500008492776:
6202110120754530004941774:
6202110120754570004931257:
6202110120755010009252946:
6202110120755120009335539:
6202110120755180006039541:
6202110120755200008506766:
6202110120755210006028757:
6202110120755230008501795:
6202110120755310004976589:
6202110120755370005254712:
6202110120755440008492410:
6202110120755480004987532:
6202110120755490009342978:
6202110120755510009331842:
6202110120755530003137991:
6202110120755550004927539:
6202110120755570008689944:
6202110120755590004932392:
6202110120756070004948881:
6202110120756090004961532:
6202110120756110004929645:
6202110120756120004961532:
6202110120756140009324629:
6202110120756150005254540:
6202110120756170004158333:
6202110120756180008502984:
6202110120756220005254537:
6202110120756260009354582:
6202110120756290004937930:
6202110120756300008514795:
6202110120756390004967900:
6202110120756430008709393:
6202110120756460009284157:
6202110120756560008699992:
6202110120756580004045200:
6202110120757000006036876:
6202110120757020004950131:
6202110120757060008709488:
6202110120757080008693920:
6202110120757100004928833:
6202110120757110008507829:
6202110120757130004994314:
6202110120757150008511510:
6202110120757170008497774:
6202110120757180009278808:
6202110120757200003892332:
6202110120757210004989794:
6202110120757230004922029:
6202110120757240009233695:
6202110120757260008431645:
6202110120757270008695905:
6202110120757300009233704:
6202110120757330004921905:
6202110120757350004956498:
6202110120757390006016276:
6202110120757410005010841:
6202110120757450009308083:
6202110120757460004966362:
6202110120757510009254908:
6202110120757550004999443:
6202110120757590009282114:
6202110120758010004996445:
6202110120758040009354581:
6202110120758060004997277:
6202110120758090005006239:
6202110120758110009314247:
6202110120758130009354349:
6202110120758150004979341:
6202110120758170008690203:
6202110120758190008695330:
6202110120758220008494613:
6202110120758320004947159:
6202110120758340006039974:
6202110120758380005263716:
6202110120758400009348748:
6202110120758420004951537:
6202110120758440004989524:
6202110120758460004951477:
6202110120758470009342962:
6202110120758490004966438:
6202110120758510008492480:
6202110120758540004929235:
6202110120758560004993409:
6202110120758580006028797:
6202110120759000004965031:
6202110120759030008703693:
6202110120759050008493217:
6202110120759100005265555:
6202110120759130004989820:
6202110120759150009348543:
6202110120759250004948289:
6202110120759270004929641:
6202110120759290000424146:
6202110120759310005250569:
6202110120759330009280051:
6202110120759390009282101:
6202110120759420009278607:
6202110120759440004965794:
6202110120759530004928581:
6202110120759550009286387:
6202110120800050004968178:
6202110120800120009240533:
6202110120800180008698315:
6202110120800230009343593:
6202110120800250008714113:
6202110120800280009231473:
6202110120800320004965794:
6202110120800440004178213:
6202110120800460009322590:
6202110120801250009339144:
6202110120801450005254933:
6202110120801560005254711:
6202110120803120006026834:
6202110120803340009274874:
6202110120806370007407502:
6202110120807250009292077:
6202110120807280004967879:
6202110120808160004998055:
6202110120808190001077425:
6202110120808310009339211:
6202110120810510009309504:
6202110120813100005262034:
6202110120856060006016277:
6202110120951420009279594:
6202110121659450004158333:
6202110121700400004936688:
6202110121702420009234108:
6202110121702540009324629:
6202110121703450004989820:
6202110121717370005254539:
6202110121759220004933960:
6202110121801380009325511:
6202110121802180005250564:
6202110121838360009309504:
6202110121859040009336959:
6202110121859460009234486:
6202110121900010004936413:
6202110121900040008499556:
6202110121900070009324637:
6202110121900120008699992:
6202110121900210004957759:
6202110121900230004966362:
6202110121900320004936029:
6202110121900340009284157:
6202110121900450005263716:
6202110121900460008689944:
6202110121900490004965866:
6202110121900510009339195:
6202110121900530009325535:
6202110121900540008710216:
6202110121900560004949536:
6202110121900590004993672:
6202110121901010008692032:
6202110121901030004993672:
6202110121901060004928833:
6202110121901230004942040:
6202110121901250004976407:
6202110121901290004987731:
6202110121901360005254933:
6202110121901420008497634:
6202110121901450004987532:
6202110121901470004948585:
6202110121901500008503489:
6202110121901510004968178:
6202110121901540007402467:
6202110121901580004996134:
6202110121902000004928175:
6202110121902100009339837:
6202110121902130004946192:
6202110121902150004971518:
6202110121902180008692560:
6202110121902200004996445:
6202110121902220005254540:
6202110121902240009282114:
6202110121902250008697063:
6202110121902270008695905:
6202110121902280009231473:
6202110121902300008499149:
6202110121902320005012405:
6202110121902350004923400:
6202110121902360004998194:
6202110121902390001122577:
6202110121902400005006747:
6202110121902420004178213:
6202110121902440004967296:
6202110121902460009276489:
6202110121902560006028757:
6202110121902590004966490:
6202110121903020004989524:
6202110121903040004997277:
6202110121903060007404782:
6202110121903100009225500:
6202110121903150008683421:
6202110121903190009225500:
6202110121903210004929016:
6202110121903240005254929:
6202110121903370004921905:
6202110121903410008516772:
6202110121903430009252946:
6202110121903460008499805:
6202110121903580008709393:
6202110121904040004994575:
6202110121904540005008853:
6202110121905090006025806:
6202110121906110007412611:
6202110121908370005005802:
6202110121909130004998663:
6202110121910570004934669:
6202110121940430008502364:
6202110121941070006014349:
6202110121957050008519041:
6202110121957100008498988:
6202110121957170006022420:
6202110121959260004973203:
6202110121959400004951537:
6202110121959590003918790:
6202110122000020009226447:
6202110122000040003918790:
6202110122000050009314247:
6202110122000070005254712:
6202110122000080009327615:
6202110122000100005006239:
6202110122000110006022160:
6202110122000130006021994:
6202110122000150008680900:
6202110122000170005265558:
6202110122000180005009021:
6202110122000210006026834:
6202110122000240009278808:
6202110122000270005265558:
6202110122000290005010841:
6202110122000300004966106:
6202110122000320004928389:
6202110122000340004968100:
6202110122000350004928389:
6202110122000370008517056:
6202110122000380008496367:
6202110122000410006037924:
6202110122000430005255709:
6202110122000440004922029:
6202110122000460004956498:
6202110122000490004989502:
6202110122000510004931257:
6202110122000520004933902:
6202110122000540009281193:
6202110122000560005005063:
6202110122000580008431645:
6202110122001000008502735:
6202110122001010004957235:
6202110122001030009348543:
6202110122001050004987025:
6202110122001060009232653:
6202110122001080008494613:
6202110122001090008506074:
6202110122001110003916932:
6202110122001130004949598:
6202110122001150009253991:
6202110122001180001087528:
6202110122001210000431430:
6202110122001230009288913:
6202110122001240004962099:
6202110122001260004965031:
6202110122001390006039510:
6202110122001410009254908:
6202110122001440008696238:
6202110122001460009343593:
6202110122001520009335539:
6202110122001550004967379:
6202110122002020009233704:
6202110122002050004937089:
6202110122002060008497935:
6202110122002110009298223:
6202110122002120006016276:
6202110122002150008497774:
6202110122002170004994314:
6202110122002200004977423:
6202110122002230008511510:
6202110122002310004951477:
6202110122002340001114611:
6202110122002410004932392:
6202110122002440009240533:
6202110122002460003892332:
6202110122002480004938202:
6202110122002530009292077:
6202110122002580004968886:
6202110122002590009354391:
6202110122003250008698795:
6202110122003290004988793:
6202110122003570004927029:
6202110122004240008501482:
6202110122004260004947159:
6202110122004320007419049:
6202110122005200008492480:
6202110122005230004967312:
6202110122007410008506632:
6202110122008560004961532:
6202110122009060003117204:
6202110122009090008676957:
6202110122009110004961532:
6202110122009420006042240:
6202110122010540007421269:
6202110122011000009339211:
6202110122011360008499075:
6202110122013140006028797:
6202110122015120008494092:
6202110122022560008515578:
6202110122022580009278607:
6202110122028010008703345:
6202110122029290008500401:
6202110122038480005254713:
6202110122043510004928581:
6202110122059160004951327:
6202110122059370004967806:
6202110122100420004969132:
6202110122101190009288870:
6202110122101340009287614:
6202110122104240005254714:
6202110122105300004992307:
6202110122105360004965794:
6202110122105400004941774:
6202110122107520004930576:
6202110122107020004950131:
6202110122159150008684967:
6202110122159180005255713:
6202110122159221513409863:
6202110122159440005254708:
6202110122159460004976589:
6202110122159480004962761:
6202110122159510008512859:
6202110122159530005254536:
6202110122200000008508290:
6202110122200020005265555:
6202110122200030008501795:
6202110122200060005268686:
6202110122200070006025807:
6202110122200090004928604:
6202110122200100009292116:
6202110122200130004979341:
6202110122200160004966591:
6202110122200190009295891:
6202110122200210004992875:
6202110122200250008708048:
6202110122200330004967884:
6202110122200370004931925:
6202110122200410009254207:
6202110122200440004941508:
6202110122200470004927539:
6202110122200490009346063:
6202110122200510004965502:
6202110122200530008507829:
6202110122200550009290264:
6202110122200580004975787:
6202110122201000009344566:
6202110122201020008708560:
6202110122201050004929202:
6202110122201070004994053:
6202110122201090005255416:
6202110122201120009322590:
6202110122201140004977027:
6202110122201150005009523:
6202110122201180005255416:
6202110122201320004996923:
6202110122201390004923617:
6202110122201410005263715:
6202110122201440004989794:
6202110122201470004926757:
6202110122202000005272252:
6202110122202190009339834:
6202110122202270004958069:
6202110122202320005011155:
6202110122202450009351758:
6202110122203110004998074:
6202110122203130008690234:
6202110122203370005254930:
6202110122205190004928616:
6202110122205220006039129:
6202110122205250007398203:
6202110122205370004967900:
6202110122206540009241075:
6202110122206570008494964:
6202110122206590005006025:
6202110122207020004947698:
6202110122207080004951928:
8202110120729240004968173:
8202110120734500005250565:
8202110120743160001087543:
8202110120743430004989551:
8202110120745570005001511:
8202110120747490006036336:
8202110120748360008504234:
8202110120748380008511681:
8202110120749380008493092:
8202110120750140008679170:
8202110120750160006028960:
8202110120750380005255714:
8202110120750410005264545:
8202110120750450004953437:
8202110120750570007396382:
8202110120750590009339818:
8202110120751020008500626:
8202110120751340008504736:
8202110120751470007421253:
8202110120752240004952531:
8202110120752350005008693:
8202110120753140004967114:
8202110120753240008677903:
8202110120753430005254710:
8202110120753500007407499:
8202110120753540009311280:
8202110120753560006027345:
8202110120754060006027612:
8202110120754080008496149:
8202110120754200009234249:
8202110120754230004991542:
8202110120754320009226821:
8202110120754340004932608:
8202110120754360005001262:
8202110120754380003126360:
8202110120754390009346055:
8202110120754420008499867:
8202110120754450006036997:
8202110120755240009250787:
8202110120755260009296645:
8202110120755280009346340:
8202110120755380008493340:
8202110120755490004968761:
8202110120756000005004322:
8202110120756120004929270:
8202110120756150004990686:
8202110120756170004957311:
8202110120756230004926919:
8202110120756250004927575:
8202110120756370004935638:
8202110120756400008716113:
8202110120756450004985960:
8202110120756470004929419:
8202110120756520008512783:
8202110120756590006036994:
8202110120757020005254706:
8202110120757090009252994:
8202110120757240005258488:
8202110120757280009341511:
8202110120757290009254212:
8202110120757360004952880:
8202110120758160004931038:
8202110120758190008710875:
8202110120758550004990375:
8202110120759140009346685:
8202110120759440006036336:
8202110120802340006036504:
8202110120804040007411174:
8202110120804210009234108:
8202110121659460008686117:
8202110121700340008711892:
8202110121700480004991542:
8202110121700500004926919:
8202110121701000008503339:
8202110121701150005254537:
8202110121701170006027612:
8202110121701400008514966:
8202110121701430005258488:
8202110121702030009252962:
8202110121702290008493217:
8202110121702401513643510:
8202110121702590004988966:
8202110121703120008502693:
8202110121704290008500889:
8202110121706430004968761:
8202110121706460006027345:
8202110121726260004990375:
8202110121751390009254000:
8202110121801390009352010:
8202110121900000005004322:
8202110121900010006021988:
8202110121900030007421253:
8202110121900050008679170:
8202110121900070006021988:
8202110121900090009342978:
8202110121900110004045200:
8202110121900130009346685:
8202110121900140005250565:
8202110121900290008500626:
8202110121900360009246202:
8202110121900390004967879:
8202110121900410005001511:
8202110121900430004964407:
8202110121900440009343592:
8202110121900460008493092:
8202110121900470009226797:
8202110121900490005254710:
8202110121900510008493340:
8202110121900520009333812:
8202110121900540000431385:
8202110121900560008499471:
8202110121900570009226433:
8202110121900590009252994:
8202110121901010004972892:
8202110121901030005265552:
8202110121901050004953437:
8202110121901070009339817:
8202110121901090009253995:
8202110121901100009283931:
8202110121901120004935638:
8202110121901140008498021:
8202110121901150004957855:
8202110121901170005255714:
8202110121901180006020192:
8202110121901200004927575:
8202110121901220005010999:
8202110121901240009250787:
8202110121901250004928798:
8202110121901270008495426:
8202110121901300008499706:
8202110121901310008512783:
8202110121901350004968250:
8202110121901360009346340:
8202110121901380004946812:
8202110121901400009296645:
8202110121901420009230812:
8202110121901440008495426:
8202110121901460008504234:
8202110121901480008496149:
8202110121901490005011308:
8202110121901510006028953:
8202110121901520005264544:
8202110121901540004990686:
8202110121901560009341511:
8202110121901570009339818:
8202110121901590008509836:
8202110121902010009253739:
8202110121902030004968592:
8202110121902040004936293:
8202110121902060004989657:
8202110121902070004936688:
8202110121902090008716113:
8202110121902120004941228:
8202110121902130007402196:
8202110121902180003126360:
8202110121902280007407499:
8202110121902410009226821:
8202110121902430008495556:
8202110121902440006036336:
8202110121902520008499867:
8202110121903050004929270:
8202110121903080006028960:
8202110121903090006036504:
8202110121903170004993409:
8202110121903190004965343:
8202110121903430008445656:
8202110121904120009324605:
8202110121904300004927939:
8202110121904330009272187:
8202110121904350004958669:
8202110121905090005254706:
8202110121905130009232629:
8202110121906420009311280:
8202110121910030008703693:
8202110122000150004957311:
8202110122000230004996716:
8202110122000320000424545:
8202110122000420004936058:
8202110122000460009234249:
8202110122000480005248602:
8202110122000520008707911:
8202110122000540005260613:
8202110122001240008710875:
8202110122001260004169060:
8202110122001280006036994:
8202110122001320008494427:
8202110122001340006036997:
8202110122001360001087543:
8202110122001420004967114:
8202110122001540009226391:
8202110122002200009290271:
8202110122003060008511681:
8202110122004060004987615:
8202110122007360008503089:
8202110122104590004985960:
8202110122106560009337903:
8202110122159370007395601:
8202110122159480009324572:
8202110122159510008501835:
8202110122159570000424167:
8202110122200000004931038:
8202110122200030005265557:
8202110122200200004953650:
8202110122200220004164864:
8202110122201130004949695:
8202110122201160006039974:
8202110122201180005264545:
8202110122201200007396382:
8202110122201250009295454:
8202110122201270004952531:
8202110122201310006015165:
8202110122201330008506912:
8202110122201550008677903:
8202110122202200008690224:
8202110122202350008500493:
8202110122202370004929641:
8202110122202400004948289:
8202110122204000004967900:
8202110122204030004968173:
