1202401260002300006819848:
1202401260002330004967900:
1202401260002360006821343:
4202401260022090006819848:
4202401260022130004967900:
5202401260023160006821343:
5202401260024080004953953:
5202401260024140006823203:
5202401260024180004953953:
6202401260022120006821343:
8202401260020340004967900:
8202401260020350006821343:
8202401260020370006819848:
8202401260020470007398203:
9202401260021140004967900:
9202401260021160006821343:
9202401260021180006819848:
9202401260021210007398203:
