1202401120001500006824263:
1202401120001530013860850:
1202401120001550006822350:
1202401120001560008699606:
1202401120001580013860850:
1202401120002000009233710:
1202401120002040009339219:
1202401120002060009001249:
1202401120002080006825150:
1202401120002090004975875:
1202401120002110006807076:
1202401120002120006818280:
1202401120002140008495616:
1202401120002150005270001:
1202401120002170008500113:
1202401120002180004167848:
1202401120002200008495616:
1202401120002210013974144:
1202401120002230008513950:
1202401120002250008503915:
1202401120002260004969384:
1202401120002280008949625:
1202401120002290006821947:
1202401120002310013910435:
1202401120002330006842825:
1202401120002350004158137:
1202401120002370008921475:
1202401120002390006815858:
1202401120002400013970135:
1202401120002420004980727:
1202401120002440013930439:
1202401120002450001083110:
1202401120002470006839696:
1202401120002480008517932:
1202401120002500008698279:
1202401120002510013950663:
1202401120002530006839696:
1202401120002540006844411:
1202401120002560006818861:
1202401120002570008967352:
1202401120002590013957674:
1202401120003010008985249:
1202401120003020006830883:
1202401120003040009051325:
1202401120003060006833810:
1202401120003070005256125:
1202401120003090013950663:
1202401120003110008977550:
1202401120003120006844056:
1202401120003130006845927:
1202401120003150006842225:
1202401120003180008954144:
1202401120003200008977550:
1202401120003210005272110:
1202401120003230006815516:
1202401120003240005272110:
1202401120003260008917776:
1202401120003270008986229:
1202401120003290006820584:
1202401120003310004599825:
1202401120003330013964166:
1202401120003360005270178:
1202401120003370013964166:
1202401120003390013835810:
1202401120003420004989551:
1202401120003430009234480:
1202401120003450006823451:
1202401120003470004967416:
1202401120003480008702320:
1202401120003500006823451:
1202401120003510009254170:
1202401120003530005270003:
1202401120003540006830794:
1202401120003560006811982:
1202401120003580006837418:
1202401120003590013850420:
1202401120004010004989073:
1202401120004030006823734:
1202401120004050006823416:
1202401120004070005272229:
1202401120004080006835222:
1202401120004100006831132:
1202401120004110005272229:
1202401120004130008503171:
1202401120004140013860063:
1202401120004160013839004:
1202401120004180006846728:
1202401120004190009234480:
1202401120004210006824626:
1202401120004220013840439:
1202401120004240008977159:
1202401120004260013840439:
1202401120004270005008865:
1202401120004290009226412:
1202401120004310006812523:
1202401120004320005258489:
1202401120004340006812754:
1202401120004410009226412:
1202401120004430009279709:
1202401120004450006812754:
1202401120004460006812003:
1202401120004480008512216:
1202401120004500008934556:
1202401120004510013834284:
1202401120004530008512216:
1202401120004550006830601:
1202401120004550013862835:
1202401120004580006823243:
1202401120005000006833034:
1202401120005020013828738:
1202401120005030006822050:
1202401120005050006830342:
1202401120005070013822444:
1202401120005090009351308:
1202401120005100006809877:
1202401120005120006826247:
1202401120005130013867842:
1202401120005150006828939:
1202401120005170009352009:
1202401120005190005250927:
1202401120005210006843698:
1202401120005230006841802:
1202401120005250004155440:
1202401120005260006805333:
1202401120005280006818580:
1202401120005290004605842:
1202401120005310008966787:
1202401120005340006826655:
1202401120005350004605842:
1202401120005370013925508:
1202401120005390004162433:
1202401120005410006844615:
1202401120005420004951445:
1202401120005440006814132:
1202401120005460006825211:
1202401120005480006813610:
1202401120005500006827493:
1202401120005520013899493:
1202401120005530013821954:
1202401120005550013834104:
1202401120005560004924182:
1202401120005580006820991:
1202401120005590013929280:
1202401120006010008937014:
1202401120006030004950845:
1202401120006040006846889:
1202401120006070013919218:
1202401120006090004975531:
1202401120006110005267480:
1202401120006130013844395:
1202401120006150004934727:
1202401120006170006831014:
1202401120006190013839729:
1202401120006210006806135:
1202401120006230008965027:
1202401120006250009305457:
1202401120006280004989528:
1202401120006300013854987:
1202401120006320009341030:
1202401120006350009280491:
1202401120006380013960139:
1202401120006400006818888:
1202401120006420005249645:
1202401120006440006820923:
1202401120006470008960798:
1202401120006500013910321:
1202401120006520006821635:
1202401120006540006806951:
1202401120007430008951863:
1202401120008080006812500:
1202401120008140013842991:
1202401120009360004989524:
1202401120014280004933649:
1202401120014310005248387:
1202401120014370008706494:
1202401120014390013872996:
1202401120014410008709011:
1202401120014420013926955:
1202401120014450008962128:
1202401120014500006841009:
2202401120001400008699606:
2202401120001430013842851:
2202401120001450008495616:
2202401120001470006808832:
2202401120001510006821947:
2202401120001530013872220:
2202401120001540006818280:
2202401120001560008949614:
2202401120002000009225481:
2202401120002020008503915:
2202401120002040006840426:
2202401120002060008988449:
2202401120002080004968298:
2202401120002110008517932:
2202401120002120001083110:
2202401120002140009051325:
2202401120002160004163901:
2202401120002180008698279:
2202401120002210001108277:
2202401120002230006833609:
2202401120002240009236809:
2202401120002260008940154:
2202401120002280008697836:
2202401120002300009296798:
2202401120002350008977550:
2202401120002370009296798:
2202401120002380004599825:
2202401120002400006845927:
2202401120002430006823734:
2202401120002450013824399:
2202401120002470000442293:
2202401120002490008954144:
2202401120002510013853246:
2202401120002530006818494:
2202401120002550006819855:
2202401120002570006812003:
2202401120002590008510090:
2202401120003030006818467:
2202401120003100013955737:
2202401120003110013863115:
2202401120003130008496310:
2202401120003150013915314:
2202401120003170006830601:
2202401120003230006837418:
2202401120003250006830794:
2202401120003260006809010:
2202401120003300013828738:
2202401120003310006826247:
2202401120003330013828738:
2202401120003350013860063:
2202401120003370013823161:
2202401120003400008997241:
2202401120003430006844043:
2202401120003490006808767:
2202401120003510013943323:
2202401120003530006842003:
2202401120003540006824626:
2202401120003570013831155:
2202401120003580006826801:
2202401120004010003920040:
2202401120004020013839735:
2202401120004050006815483:
2202401120004070006830342:
2202401120004090009279709:
2202401120004120013918530:
2202401120004140013834284:
2202401120004150006815483:
2202401120004170006826655:
2202401120004180013855938:
2202401120004200013858711:
2202401120004250013862835:
2202401120004270005268448:
2202401120004280006036993:
2202401120004300009230781:
2202401120004340006831014:
2202401120004350013976034:
2202401120004380009354401:
2202401120004400013853542:
2202401120004420013890838:
2202401120004440006828939:
2202401120004450013823657:
2202401120004480004155440:
2202401120004500007402194:
2202401120004540006805333:
2202401120004570006039969:
2202401120004580006830086:
2202401120005010009305457:
2202401120005030006840821:
2202401120005050004162433:
2202401120005070004989528:
2202401120005100004992723:
2202401120005120006826856:
2202401120005130006033090:
2202401120005160013822493:
2202401120005190006829407:
2202401120005210013915676:
2202401120005230006834324:
2202401120005260006806705:
2202401120005270006806459:
2202401120005290006836658:
2202401120005310008978946:
2202401120005330006825308:
2202401120005360006806811:
2202401120005380006832525:
2202401120005400008934651:
2202401120005420013925407:
2202401120005440013854987:
2202401120005470013870564:
2202401120005490013955708:
2202401120005500006836749:
2202401120005520009341030:
2202401120005550008915538:
2202401120005570013832044:
2202401120005590006828802:
2202401120006010004963630:
2202401120006020006812913:
2202401120006050006824927:
2202401120006060013960139:
2202401120006080006820923:
2202401120006110013826870:
2202401120006130006818888:
2202401120006160008960798:
2202401120006190005249645:
2202401120006220006833921:
2202401120006240006821635:
2202401120006280006806951:
2202401120006300013910321:
2202401120007030013898062:
2202401120007510013927675:
2202401120007550013838853:
2202401120014060005248387:
2202401120014110006825326:
2202401120014160009324076:
2202401120014210013926955:
2202401120014230008962128:
2202401120014250006824835:
2202401120014270006819691:
2202401120014290009326612:
4202401120002250006827453:
4202401120003320004989524:
4202401120004130009285513:
4202401120004170009232376:
4202401120004250008492636:
4202401120005020006838813:
4202401120005040008977647:
4202401120005140013921034:
5202401120002430005270001:
5202401120003180008500113:
5202401120003210008985249:
5202401120003390006833810:
5202401120003410006842225:
5202401120003450006828182:
5202401120003530006815516:
5202401120003550006844056:
5202401120003580008986229:
5202401120003590006828182:
5202401120004040013964166:
5202401120005010008977159:
5202401120005040006843948:
5202401120005050006809429:
5202401120005090005258489:
5202401120005120013840439:
5202401120005150006839612:
5202401120005180013839735:
5202401120005200009279709:
5202401120005310013850420:
5202401120005540005250927:
5202401120005570006841802:
5202401120005580006818580:
5202401120006140007402194:
5202401120006210013821954:
5202401120006250006014944:
5202401120006290009324604:
5202401120006310013834104:
5202401120006330006816061:
5202401120006350008934651:
5202401120006410006832525:
5202401120006450008978946:
5202401120006560013943323:
5202401120006590009001249:
5202401120007010013839729:
5202401120009520004947963:
5202401120010070004989524:
5202401120012280009339803:
5202401120014360006842852:
5202401120014380006810055:
5202401120014400006809132:
5202401120007220008497463:
5202401120007280008958163:
5202401120008130007398914:
5202401120032380013957305:
5202401120033060006833508:
5202401120033070009002699:
5202401120033100009003852:
5202401120033120008978157:
5202401120033150006810888:
5202401120033160008966780:
6202401120002180009285513:
6202401120002310004989524:
6202401120004220009232376:
6202401120005090013921034: