2202203040000030002851478:
2202203040000060008950650:
2202203040000080000431412:
2202203040000120008979729:
2202203040000130008953935:
2202203040000150000431412:
2202203040000170008681883:
2202203040000190008429638:
2202203040000210004604850:
2202203040000220008681883:
2202203040000240008429638:
2202203040000260004604850:
2202203040000270008950650:
2202203040000290008986718:
2202203040000320009326618:
2202203040000330008986718:
2202203040000350004967967:
2202203040000370005249650:
2202203040000390004967967:
2202203040000420005270839:
2202203040000440008950354:
2202203040000460009326618:
2202203040000480004970618:
2202203040000490006030135:
2202203040000510008986245:
2202203040000520004970618:
2202203040000540005258228:
2202203040000550008950354:
2202203040000570008986747:
2202203040000580008986245:
2202203040001000008986747:
2202203040001030005258228:
2202203040001070008986245:
2202203040001090009002701:
2202203040001110004930389:
2202203040001140005266871:
2202203040001160009236810:
2202203040001170005270977:
2202203040001190008976540:
2202203040001210007402482:
2202203040001230005252356:
2202203040001270008922079:
2202203040001290008976441:
2202203040001370005268310:
2202203040001380008954177:
2202203040001420004605848:
2202203040001430009307295:
2202203040001450008984987:
2202203040001470009307295:
2202203040001480004160641:
2202203040001520004921669:
2202203040001540006029990:
2202203040001590004921669:
2202203040004310001079879:
2202203040004330004160637:
2202203040011030009279481:
2202203040300120004968004:
2202203040300140008994864:
2202203040300170008977075:
2202203040300190008933970:
2202203040300210005268995:
2202203040300420004163936:
2202203040300450009340824:
2202203040300470004992022:
2202203040300480004992723:
2202203040300550004964719:
2202203040300570009002103:
2202203040301010005264166:
2202203040301030009002103:
2202203040301040004180013:
2202203040301060009305457:
2202203040301130004950937:
2202203040301200009236809:
2202203040301220006033090:
2202203040301250009282809:
2202203040301280008718216:
2202203040301320008934463:
2202203040301360001083110:
2202203040301460008918420:
2202203040311350004967416:
2202203040311390005258216:
2202203040311430009000482:
2202203040311490008692450:
2202203040311510009226412:
2202203040311550004164227:
2202203040311580004975875:
2202203040312000006030142:
2202203040312020004994074:
2202203040313390008956379:
2202203040313410007402500:
2202203040314020005012946:
2202203040314220004975531:
2202203040315060004934727:
2202203040315090009252984:
2202203040315140004168207:
2202203040315540009000917:
2202203040308100004966050:
2202203040308120004931193:
2202203040308160007402523:
2202203040308580008940258:
2202203040300490005257613:
2202203040300550009351758:
2202203040303320007398914:
2202203040342590005007161:
2202203040446040005270985:
2202203040805030005270985:
2202203040805460008517932:
2202203040805430008497463:
2202203040805050005257613:
2202203040805120007402500:
2202203040805360005271889:
2202203040805520008994864:
2202203040805220004932362:
2202203040805260009341030:
2202203040805470008500184:
2202203040805280004964719:
2202203040805310007402523:
2202203040805570009226412:
2202203040805400006039969:
2202203040805420004160640:
2202203040805440008978946:
2202203040805210009340824:
2202203040805050008697836:
2202203040805070008958510:
2202203040805190004163936:
2202203040805220008496310:
2202203040805240008694659:
2202203040805250004965814:
2202203040805170003920040:
2202203040805360009330833:
2202203040805380004950937:
2202203040805430009339824:
2202203040805550008510716:
2202203040805350009321395:
2202203040805440008503171:
2202203040805460008513950:
2202203040805490004967416:
2202203040801470008694944:
2202203040801580005268444:
2202203040802050006041715:
2202203040803020008975089:
2202203040803070004972420:
2202203040803150004992723:
2202203040803180005255627:
2202203040803210009000482:
2202203040803380007414082:
2202203040803420005252358:
2202203040803490008960401:
2202203040803580004969384:
2202203040804310004167848:
2202203040805090009252984:
2202203040808300008495616:
2202203040808580004968004:
2202203040819400008494333:
2202203040836020005251564:
2202203040839090009226826:
2202203040845390008493286:
2202203040853260008935030:
2202203040859130007398914:
2202203040901480004162433:
2202203040904360008940258:
2202203040906520008917739:
2202203040906560005249653:
2202203040907030009001082:
2202203040913130006036993:
2202203040913150004966050:
2202203040923330008964280:
2202203040928490009342183:
2202203040930160008702320:
2202203040934140008917544:
2202203040957520004953953:
2202203040959360008960388:
2202203041013450005006768:
2202203041017190004947963:
2202203041017300004948851:
2202203041100080006031526:
2202203040805200009339824:
2202203040805040008960388:
2202203040805250005257613:
2202203040805280008960388:
2202203040805060004994074:
2202203040805150005249653:
2202203040805210004957738:
2202203040805240008994864:
2202203040805250004964719:
2202203040805270008994864:
2202203040805290004964719:
2202203040805300004163936:
2202203040805320008512216:
2202203040805370004163936:
2202203040805390004975875:
2202203040805420004155440:
2202203040805450004924019:
2202203040805470008494564:
2202203040805490004968004:
2202203040805530009226412:
2202203040805560008954021:
2202203040805570009236809:
2202203040805030004969384:
2202203040805050004997809:
2202203040805070004969384:
2202203040805080004989365:
2202203040805110007402500:
2202203040805130004959001:
2202203040805150009330833:
2202203040805170004992723:
2202203040805190008978946:
2202203040805210009305457:
2202203040805230008698279:
2202203040805250005252358:
2202203040805270008510716:
2202203040805300005248386:
2202203040805310004159572:
2202203040805330006033090:
2202203040805350004957545:
2202203040805520008934463:
2202203040805540004950937:
2202203040805570009282809:
2202203040805590008718216:
2202203040805060009230781:
2202203040805080004966986:
2202203040805090008517932:
2202203040805120004967416:
2202203040805170009340824:
2202203040805190008951250:
2202203040805380004998138:
2202203040805490008976530:
2202203040805420008500184:
2202203040805480008692450:
2202203040805570004154825:
2202203040805130005249645:
2202203040805180008969472:
2202203040805300004934727:
2202203040805330008496310:
2202203040805230004975531:
2202203040805000007414082:
2202203040805030009321395:
2202203040805210009341030:
2202203040805460003920040:
2202203040805060008935030:
2202203040805410004989073:
2202203040805530009252984:
2202203040805150008917544:
2202203040805240008940258:
2202203040805130007398914:
2202203040805010005268444:
2202203040805200004966050:
2202203040805400009300596:
2202203040805460004155439:
2202203040805490007402523:
2202203040805540004966050:
2202203040805000004155439:
3202203040000030008495468:
3202203040000090004926955:
3202203040000160008506597:
3202203040000340006033000:
3202203040000470005270168:
3202203040000490004926955:
3202203040000570008677903:
3202203040000590004966178:
3202203040001020004158333:
3202203040001040008677903:
3202203040001090009343593:
3202203040001110009322602:
3202203040001130008951535:
3202203040001150009322602:
3202203040001160008951535:
3202203040001180004158333:
3202203040001320005271888:
3202203040001420008992193:
3202203040001440004973922:
3202203040002100003126147:
3202203040002120009233697:
3202203040002370008698795:
3202203040002590008688253:
3202203040003070004998074:
3202203040003110005264373:
3202203040003190008508441:
3202203040008330004160015:
3202203040008420004966449:
3202203040010370008982516:
3202203040014050005248394:
3202203040213540009254002:
3202203040300130005263972:
3202203040300190008500889:
3202203040300210005263972:
3202203040300390008500889:
3202203040300410005263967:
3202203040300460005263972:
3202203040301110004929202:
3202203040301130008942957:
3202203040301150005263972:
3202203040301170004936149:
3202203040301180008986805:
3202203040301200006030480:
3202203040301220008991038:
3202203040301240006030480:
3202203040302000004942841:
3202203040302020004599514:
3202203040302050008506766:
3202203040302070004923548:
3202203040302080006039541:
3202203040313510004929645:
3202203040501320004970930:
3202203040501440006039016:
3202203040502030009284157:
4202203040000030008997563:
4202203040000050005248501:
4202203040000070005272117:
4202203040000080004927539:
4202203040000100005272913:
4202203040000110008959791:
4202203040000130005270169:
4202203040000150005272913:
4202203040000170005272117:
4202203040000190008959791:
4202203040000230005270169:
4202203040000250005272913:
4202203040000280008959791:
4202203040000310005272917:
4202203040000340005272913:
4202203040000390005272917:
4202203040000420005250643:
4202203040000460004163931:
4202203040000500005272194:
4202203040000530008915503:
4202203040000560009247696:
4202203040001160005267474:
4202203040001360005272191:
4202203040002040004154823:
4202203040002060005272191:
4202203040002160004154823:
4202203040002210005272191:
4202203040002260005259223:
4202203040002540005248504:
4202203040003020005251359:
4202203040003040004163899:
4202203040003060004165522:
4202203040003080005251359:
4202203040003140004163899:
4202203040003160004968555:
4202203040003530005252722:
4202203040003550009002572:
4202203040004040005252722:
4202203040004060009002572:
4202203040024480004928581:
4202203040100190005006315:
4202203040100250005261505:
4202203040340290009285513:
4202203040403070007398203:
4202203040403130005258224:
4202203040407290005248395:
4202203040810240009285513:
4202203040810310008915616:
4202203041912570005248394:
4202203041914170007402498:
4202203041914240005258224:
4202203041914270007398203:
4202203041914300004967900:
5202203040000020008978529:
5202203040000030008497657:
5202203040000060009276908:
5202203040000130008995263:
5202203040000200005252072:
5202203040000390008932301:
5202203040000420005261506:
5202203040000450005252072:
5202203040000480004155438:
5202203040000500009339828:
5202203040001530004968544:
5202203040003290004160637:
5202203040005090004968472:
5202203040014310005248394:
5202203040025380008500113:
5202203040148510005271884:
5202203040156250009339824:
5202203040207010005259968:
5202203040200020005268311:
5202203040259400008994864:
5202203040259420004968004:
5202203040259440008994864:
5202203040300020004992723:
5202203040300040004932362:
5202203040300060009340824:
5202203040300080004992723:
5202203040300100004992022:
5202203040300120004163936:
5202203040300130009305457:
5202203040300150004992022:
5202203040300190007414082:
5202203040300210004932362:
5202203040300220004964719:
5202203040300240005270984:
5202203040300250008986822:
5202203040300270009305457:
5202203040300280007414082:
5202203040300300008958510:
5202203040300320009321395:
5202203040300330006033090:
5202203040300350004997608:
5202203040300370004995654:
5202203040300390008937810:
5202203040300420004950937:
5202203040300430009282809:
5202203040300450009236809:
5202203040300470008718216:
5202203040300490004957545:
5202203040300520008934463:
5202203040300540009226440:
5202203040300550009225481:
5202203040300570009226440:
5202203040301000004969726:
5202203040301020004950845:
5202203040301050008710875:
5202203040301060008954021:
5202203040301080004950845:
5202203040301100009302534:
5202203040301120008918420:
5202203040301140008978946:
5202203040301170006039969:
5202203040301190009351308:
5202203040302200005251564:
5202203040302230005249710:
5202203040302410008709011:
5202203040302560008951250:
5202203040302590009230781:
5202203040303060005255711:
5202203040303150009226412:
5202203040307090008981281:
5202203040308570008937810:
5202203040310400008496310:
5202203040310430004164223:
5202203040310440008496310:
5202203040310460008942308:
5202203040310510004154825:
5202203040310540005249645:
5202203040310560006041715:
5202203040310580004154825:
5202203040311000008698279:
5202203040311050008717926:
5202203040311080005258216:
5202203040311110004967416:
5202203040311140009346170:
5202203040311150004164227:
5202203040311170008692450:
5202203040311190004981830:
5202203040311210009000482:
5202203040311230008513950:
5202203040311240004958379:
5202203040311260009351823:
5202203040311270006030142:
5202203040311290009296798:
5202203040311310005248392:
5202203040311330004994074:
5202203040311340004930090:
5202203040311360008494564:
5202203040311390004924182:
5202203040311410008493750:
5202203040311430005248386:
5202203040311480008954073:
5202203040311500009321334:
5202203040311590004167847:
5202203040312010008503171:
5202203040312030004924019:
5202203040312050004155440:
5202203040312070004966986:
5202203040312090009352009:
5202203040312120008694659:
5202203040312140009330833:
5202203040312160008697836:
5202203040312170004959001:
5202203040312190004957738:
5202203040312210008960401:
5202203040312230004995938:
5202203040312250004937490:
5202203040312270004163901:
5202203040312290004989365:
5202203040312300005254709:
5202203040312320004966418:
5202203040312330006029988:
5202203040312360008499208:
5202203040312370005252358:
5202203040312390003920040:
5202203040312400004997809:
5202203040312430004968298:
5202203040312450006031525:
5202203040312460003920040:
5202203040312480008960179:
5202203040312500004968298:
5202203040312510009346362:
5202203040312550009280491:
5202203040312570009339273:
5202203040313010008956108:
5202203040313030009280491:
5202203040313050004921536:
5202203040313070004989528:
5202203040313080004158137:
5202203040313100008699606:
5202203040313120008503915:
5202203040313140008699606:
5202203040313150008503915:
5202203040313170004159572:
5202203040313200008976530:
5202203040313220004937390:
5202203040313250004967073:
5202203040313280005012946:
5202203040313320008969472:
5202203040313340009001159:
5202203040313360009347607:
5202203040313380005258489:
5202203040313410004998138:
5202203040313440004937390:
5202203040313490004975531:
5202203040314060009230754:
5202203040314110009297056:
5202203040314130008510716:
5202203040314150009347607:
5202203040314180008510716:
5202203040314220009341030:
5202203040314270004934727:
5202203040314310009252984:
5202203040314360004168207:
5202203040315210009000917:
5202203040306010008960388:
5202203040306050008500184:
5202203040306080005268444:
5202203040306100009226826:
5202203040306150009324076:
5202203040306180008512216:
5202203040306200009326612:
5202203040306220005272110:
5202203040306240004980727:
5202203040306260008512216:
5202203040306280005272110:
5202203040306300007402194:
5202203040306470004965814:
5202203040306530008967751:
5202203040306560004167848:
5202203040306570004965814:
5202203040306590009342959:
5202203040307010008966872:
5202203040307040004162433:
5202203040307080008702320:
5202203040307110008494333:
5202203040307130005249653:
5202203040307150008690529:
5202203040307170008917544:
5202203040307180006032924:
5202203040307200005249653:
5202203040307220001108277:
5202203040307240006032924:
5202203040307250001079288:
5202203040307280004969384:
5202203040307290008942210:
5202203040307310005272111:
5202203040307410007402523:
5202203040307450004972420:
5202203040307490009341030:
5202203040308060008495616:
5202203040308090009294273:
5202203040308130004933649:
5202203040308150008940258:
5202203040308180008706494:
5202203040308200009234480:
5202203040308240004989073:
5202203040308260008940258:
5202203040308290009339219:
5202203040308420008917739:
5202203040308570006022852:
5202203040308590008493286:
5202203040309100008694944:
5202203040309420004160640:
5202203040309510008500113:
5202203040302470008508219:
5202203040303140008510090:
5202203040303160007398914:
5202203040304520006036993:
5202203040304550009342183:
5202203040306180009001082:
5202203040301030006019315:
5202203040301070005264720:
5202203040303060005263012:
5202203040303090007410282:
5202203040357540005248503:
5202203040404500004967900:
5202203040505440005263973:
5202203040550530008956976:
5202203040803380008986717:
5202203040803530009346707:
5202203040804000008517932:
5202203040804090004947107:
5202203040839320008937810:
5202203040800290008698279:
5202203040740520009236809:
5202203040801120004164223:
5202203040802380008503915:
5202203040802430004933649:
5202203040805250005255711:
5202203040805510009305457:
5202203040805540004989528:
5202203040806430007402500:
5202203040808060006032924:
5202203040808310008994864:
5202203040808390004924019:
5202203040808420004937390:
5202203040809050008976530:
5202203040809230008967751:
5202203040809500007402194:
5202203040800140004932362:
5202203040800160005249645:
5202203040800190009280491:
5202203040800400009351308:
5202203040800460004998138:
5202203040800490004975531:
5202203040800590004163901:
5202203040801050009341030:
5202203040801320004937490:
5202203040801550004930090:
5202203040802490004995938:
5202203040802510009347607:
5202203040802540004921536:
5202203040802560004995654:
5202203040802580009296798:
5202203040803010004964719:
5202203040803070009351308:
5202203040803230004168207:
5202203040803290007402523:
5202203040803330009230781:
5202203040803360009282809:
5202203040803380009226412:
5202203040803410009324076:
5202203040803490008499208:
5202203040803570008512216:
5202203040804060005272110:
5202203040804070008512216:
5202203040804090005272110:
5202203040804180008969472:
5202203040804330004164227:
5202203040804360004154825:
5202203040804370008718216:
5202203040804400009341030:
5202203040805000004994074:
5202203040805260008978946:
5202203040805360004167847:
5202203040805580009340824:
5202203040806090009352009:
5202203040806110008942308:
5202203040806280005248503:
5202203040806570004155440:
5202203040807110008508219:
5202203040807330004966986:
5202203040807360009339219:
5202203040807490001108277:
5202203040807520004989073:
5202203040807540004163936:
5202203040807560009233710:
5202203040807580008496310:
5202203040808000008694659:
5202203040808010008706494:
5202203040808030008692450:
5202203040808120009321334:
5202203040808150006033090:
5202203040808170004957545:
5202203040808330009326612:
5202203040808560003920040:
5202203040809260004950937:
5202203040809290008510716:
5202203040809450004997809:
5202203040809460008494564:
5202203040809480005248392:
5202203040800000005248392:
5202203040800130009321395:
5202203040801180008717926:
5202203040801190008954021:
5202203040801230004957738:
5202203040801250004959001:
5202203040801270004981830:
5202203040801370008942210:
5202203040802110008699606:
5202203040803140004159572:
5202203040803250009225481:
5202203040803440005248386:
5202203040803460004972420:
5202203040803590005255627:
5202203040804030004992723:
5202203040804160007414082:
5202203040804190008960401:
5202203040804210005252358:
5202203040805020001079288:
5202203040805510009342959:
5202203040805540009252984:
5202203040806520008954073:
5202203040808320008934463:
5202203040809330004968004:
5202203040809380004989365:
5202203040810020005272111:
5202203040810300004934727:
5202203040811280008966872:
5202203040812540004980727:
5202203040815030007410282:
5202203040815420008709011:
5202203040816590008500113:
5202203040824470006029988:
5202203040844360009346170:
5202203040845480009346362:
5202203040855310008517932:
5202203040855560004992022:
5202203040857100008510090:
5202203040857240004958379:
5202203040857310009351823:
5202203040857330004958379:
5202203040859480007398914:
5202203040905051513645885:
5202203040905130008940258:
5202203040915040004968298:
5202203040921100008960179:
5202203040953580008951250:
5202203041001130009339803:
5202203041011590005263012:
5202203041123350009297056:
5202203041516520005248394:
5202203041533560008960388:
5202203041700090006032924:
5202203041700230008942308:
5202203041700250004930090:
5202203041700260009351823:
5202203041700280004958379:
5202203041700310005249653:
5202203041700330004994074:
5202203041700350005249653:
5202203041700370004981830:
5202203041700380004994074:
5202203041700410009352009:
5202203041700430004957738:
5202203041700460008512216:
5202203041700490004932362:
5202203041700510004164223:
5202203041700530008512216:
5202203041700540004932362:
5202203041700560008494564:
5202203041700590004167847:
5202203041701010008494564:
5202203041701040004964719:
5202203041701060004167847:
5202203041701090008967751:
5202203041701110006039969:
5202203041701120009226412:
5202203041701140006039969:
5202203041701170001108277:
5202203041701180009236809:
5202203041701220004968004:
5202203041701240005252358:
5202203041701260008954021:
5202203041701280009346170:
5202203041701300009305457:
5202203041701320004997809:
5202203041701330008958510:
5202203041701350009305457:
5202203041701360004937490:
5202203041701370008978946:
5202203041701390004992723:
5202203041701410006033090:
5202203041701430005248386:
5202203041701450008698279:
5202203041701470004957545:
5202203041701490009225481:
5202203041701500008934463:
5202203041701520009000482:
5202203041701540008510716:
5202203041701560004159572:
5202203041701570008699606:
5202203041701590004163901:
5202203041702030009347607:
5202203041702040009296798:
5202203041702080009230781:
5202203041702100009346362:
5202203041702120004989528:
5202203041702130005248392:
5202203041702150004950937:
5202203041702170008937810:
5202203041702210009282809:
5202203041702230008718216:
5202203041702250008513950:
5202203041702270005255711:
5202203041702290008499208:
5202203041702310004966986:
5202203041702330009340824:
5202203041702350009233710:
5202203041702380008517932:
5202203041702410004967416:
5202203041702440008954073:
5202203041702460009321334:
5202203041702490008951250:
5202203041702540008976530:
5202203041702580004998138:
5202203041703010004937490:
5202203041703050008697836:
5202203041703320009226826:
5202203041703420004968298:
5202203041703590009339803:
5202203041704560008717926:
5202203041705010008500184:
5202203041705110008692450:
5202203041705130004154825:
5202203041705280005249645:
5202203041705310008503171:
5202203041705350008969472:
5202203041705430004164227:
5202203041706170004921536:
5202203041706460007402194:
5202203041706490008496310:
5202203041706560004934727:
5202203041707470008966872:
5202203041708000008694659:
5202203041708340008709011:
5202203041708490006029988:
5202203041708580004975531:
5202203041710100008500113:
5202203041715330004995654:
5202203041715360009280491:
5202203041716180005248503:
5202203041717490008503915:
5202203041717580006041715:
5202203041718020008503915:
5202203041719140005263012:
5202203041719270007414082:
5202203041719300007410282:
5202203041720060009326612:
5202203041722090009341030:
5202203041722240009321395:
5202203041723080003920040:
5202203041734040008915616:
5202203041735570009324076:
5202203041804001513645885:
5202203041805390009339273:
5202203041805400004980727:
5202203041807500009339219:
5202203041808420004167848:
5202203041808440004965814:
5202203041810020004989073:
5202203041834240009252984:
5202203041905370004995938:
5202203041905410009351308:
5202203041905580008960401:
5202203041906010009351308:
5202203041906030004937390:
5202203041915410005248394:
5202203041919260004933649:
5202203041919280008706494:
5202203041924310001079288:
5202203041924330008510090:
5202203041924340005272110:
5202203041924370009342959:
5202203041924400008702320:
5202203041924420004160640:
5202203041926010009001082:
5202203041926050004162433:
5202203041926080008917739:
5202203041926100009001082:
5202203041926220008917544:
5202203041926270009001082:
5202203041926310008942210:
5202203041926370005272111:
5202203041926450008917739:
5202203041926520009342183:
5202203041928090008493286:
5202203041928380008495616:
5202203041928440006036993:
5202203041929490008940258:
5202203041935460007398914:
5202203042013430008494333:
5202203042013450008694944:
5202203042137290008508219:
6202203040000000004961532:
6202203040000020008689944:
6202203040000040008994766:
6202203040000050008959312:
6202203040000070004961532:
6202203040000080008913983:
6202203040000100005248499:
6202203040000110008689944:
6202203040000130005248499:
6202203040000150008976569:
6202203040000170004151371:
6202203040000190004164010:
6202203040000200004962972:
6202203040000220000424146:
6202203040000290009326626:
6202203040000360004163899:
6202203040000500006033000:
6202203040000540004163899:
6202203040000550004927539:
6202203040001010008506597:
6202203040001030008495468:
6202203040001140005270169:
6202203040001160005272117:
6202203040001180005272915:
6202203040001200004155434:
6202203040001230005270168:
6202203040001250005272915:
6202203040001300009343593:
6202203040001340008951535:
6202203040001360005272917:
6202203040001380004163931:
6202203040001400004968544:
6202203040001420008915503:
6202203040001440004163931:
6202203040001460008915503:
6202203040001500005271888:
6202203040001560005250643:
6202203040002360005267474:
6202203040003060004154823:
6202203040003170008688253:
6202203040003200004998074:
6202203040003460005259223:
6202203040025220005254423:
6202203040033250004162134:
6202203040101320005261505:
6202203040101350005006315:
6202203040103130005248460:
6202203040141330009298223:
6202203040203570005259968:
6202203040300020008498021:
6202203040300040009273291:
6202203040300060009234457:
6202203040300080008494427:
6202203040300100009273291:
6202203040300130005251559:
6202203040300160008710875:
6202203040300180005273785:
6202203040300220004045200:
6202203040300240009233695:
6202203040300270009323446:
6202203040300290009233695:
6202203040300300008513325:
6202203040300320005268314:
6202203040300340009279481:
6202203040300410005272291:
6202203040300480006016090:
6202203040301000009253846:
6202203040301060005263967:
6202203040302310008506766:
6202203040302320004599514:
6202203040303500005264378:
6202203040311380008923703:
6202203040329330006036876:
6202203040404070007398203:
6202203040404130005258224:
6202203040404180006039129:
6202203040404250007402498:
6202203040404270004967900:
6202203040408000005248395:
6202203040423460005254714:
6202203040818500005007161:
6202203040822560005259620:
6202203040829010005254714:
6202203041012540004967900:
6202203041047580007402498:
6202203041120510005262497:
6202203041146350005258224:
6202203041653310006016277:
6202203041722570005262497:
6202203041723010005007161:
6202203041744180009285513:
6202203041915080007402498:
6202203041915100005258224:
6202203041915140005248394:
6202203041055230007398203:
6202203041915230007398203:
6202203041915260004967900:
8202203040000200009247696:
8202203040012540005248394:
8202203040340480009285513:
8202203040340560008915616:
