2202108070714390008706494:
2202108070723190009339273:
2202108070731070006025445:
2202108070734020006026835:
2202108070734270006039969:
2202108070735170009281193:
2202108070735230004950247:
2202108070735390009307295:
2202108070736280006036321:
2202108070736320007402194:
2202108070738090006014349:
2202108070741390007421743:
2202108070743070006036993:
2202108070743490009300590:
2202108070745220009326618:
2202108070745250004932123:
2202108070746200009300607:
2202108070746550008494564:
2202108070747200004947963:
2202108070747230008500956:
2202108070747400008677773:
2202108070747460004966802:
2202108070747560009297569:
2202108070748100004935885:
2202108070748480009304051:
2202108070748500009339524:
2202108070749060004986846:
2202108070749160004936954:
2202108070749310008508441:
2202108070749350004937357:
2202108070749380005006768:
2202108070749400005000508:
2202108070749440004931010:
2202108070750060009339797:
2202108070750290008498188:
2202108070750470009321334:
2202108070750550004924590:
2202108070750580008697836:
2202108070751040008424093:
2202108070751060006030135:
2202108070751120004922287:
2202108070751140006021875:
2202108070751190008495972:
2202108070751260006022160:
2202108070751310008681883:
2202108070751360009349952:
2202108070751430008503198:
2202108070751490007415195:
2202108070751510009290365:
2202108070751540008702320:
2202108070751570006039998:
2202108070752020008497657:
2202108070752130009252984:
2202108070752460006029990:
2202108070752511513643510:
2202108070752530008709061:
2202108070753050008491998:
2202108070753100009354625:
2202108070753190001079879:
2202108070753211513628688:
2202108070753450004969598:
2202108070753510008497276:
2202108070753540008698795:
2202108070753580009296798:
2202108070754001513628688:
2202108070754030006016275:
2202108070754070004975255:
2202108070754110008503915:
2202108070754150009311703:
2202108070754200008716113:
2202108070754320009236810:
2202108070754340009314286:
2202108070754360009247509:
2202108070754410009276908:
2202108070754450009272184:
2202108070754530004930540:
2202108070754560009314167:
2202108070755050004937625:
2202108070755110009314286:
2202108070755140009283296:
2202108070755170009346063:
2202108070755190009287011:
2202108070755260006033902:
2202108070755280009277203:
2202108070755310006016090:
2202108070755360007419049:
2202108070755410006018005:
2202108070755420006751664:
2202108070755460009336988:
2202108070755480007402482:
2202108070755560009300596:
2202108070756040009254207:
2202108070756070008690794:
2202108070756120009343364:
2202108070756140008506907:
2202108070756170008492705:
2202108070756190008707832:
2202108070756270008701527:
2202108070756290002851459:
2202108070756310009298207:
2202108070756340009324107:
2202108070756380002851478:
2202108070756400008678354:
2202108070756420009254229:
2202108070756450006022852:
2202108070756480008701083:
2202108070756500009340824:
2202108070756530009232631:
2202108070756590004948585:
2202108070757010008496191:
2202108070757050009293911:
2202108070757070009253997:
2202108070757090004940674:
2202108070757100009342035:
2202108070757120009346038:
2202108070757150004921669:
2202108070757170004927750:
2202108070757190009339828:
2202108070757200006017488:
2202108070757230002851465:
2202108070757250009275335:
2202108070757310008515447:
2202108070757340008519522:
2202108070757410004977423:
2202108070757470004939835:
2202108070757560004975875:
2202108070758020006033001:
2202108070758040004968394:
2202108070758060008510716:
2202108070758080006020195:
2202108070758110007395592:
2202108070758160009301551:
2202108070758180007395592:
2202108070758250009286624:
2202108070758290008709369:
2202108070758310006019430:
2202108070758340009292077:
2202108070758360009253991:
2202108070758380009281753:
2202108070758400004921380:
2202108070758420009226826:
2202108070758430004921380:
2202108070758450004967002:
2202108070758460008506766:
2202108070758560008688253:
2202108070759000009293895:
2202108070759040009340483:
2202108070759130006039541:
2202108070759150007421690:
2202108070759180009290264:
2202108070759200004924676:
2202108070759220008707911:
2202108070759240009281928:
2202108070759270009248283:
2202108070759300007422489:
2202108070759320008500312:
2202108070759350008713719:
2202108070759370004987436:
2202108070759400009330833:
2202108070759430008686680:
2202108070759450008495616:
2202108070759510008506797:
2202108070759530009297664:
2202108070759540009289101:
2202108070759560004946782:
2202108070800030004960160:
2202108070800050003915458:
2202108070800090004931193:
2202108070800170009243147:
2202108070800210009294273:
2202108070800260009340820:
2202108070800280006039506:
2202108070800350009234089:
2202108070800360009232653:
2202108070800400009342183:
2202108070800420006039130:
2202108070800470004951746:
2202108070800490008500567:
2202108070800520008709393:
2202108070800530008497699:
2202108070800560008426247:
2202108070800580009309829:
2202108070801010006022158:
2202108070801020008506212:
2202108070801050008508587:
2202108070801080008513365:
2202108070801090008439606:
2202108070801110009226412:
2202108070801130008504736:
2202108070801190009226392:
2202108070801210003137754:
2202108070801230006031526:
2202108070801240008512859:
2202108070801260007402512:
2202108070801280004989259:
2202108070801310008495037:
2202108070801340007401654:
2202108070802010008429638:
2202108070802070008680789:
2202108070802170008714113:
2202108070802290006022003:
2202108070802310009339144:
2202108070802340008508219:
2202108070802370006015460:
2202108070802390009339930:
2202108070802410009324879:
2202108070802440004923617:
2202108070802460009324879:
2202108070802490006021991:
2202108070802510006039337:
2202108070802540009322682:
2202108070802580008498971:
2202108070803060009232651:
2202108070803130000431412:
2202108070803170008696238:
2202108070803200008494964:
2202108070803230006027540:
2202108070803260008698044:
2202108070803280008493833:
2202108070803360009279481:
2202108070803390008694944:
2202108070803420008513733:
2202108070803440004923253:
2202108070803460009246199:
2202108070803500009292038:
2202108070803540009343567:
2202108070803560008515910:
2202108070803580009336990:
2202108070804020008692032:
2202108070804090008686663:
2202108070804180008506912:
2202108070804290009231452:
2202108070804370008715034:
2202108070804570009324604:
2202108070804590009313530:
2202108070805070007410282:
2202108070805320009340801:
2202108070805350008499556:
2202108070805420008693150:
2202108070805520004953953:
2202108070806210009303525:
2202108070806270009339824:
2202108070806300009321319:
2202108070806320009307388:
2202108070806380008498988:
2202108070806420007421210:
2202108070806450004967312:
2202108070806530009279728:
2202108070806590009246193:
2202108070807010006022855:
2202108070807020008710957:
2202108070807050008426248:
2202108070807100009225494:
2202108070807330004948851:
2202108070807420009254926:
2202108070808030006019315:
2202108070808210007421212:
2202108070808260004985430:
2202108070808300004940114:
2202108070808560009313676:
2202108070810340009278862:
2202108070810440008677300:
2202108070811030008676957:
2202108070811320008493028:
2202108070811391513626317:
2202108070812180006031525:
2202108070813220008510378:
2202108070813380004967606:
2202108070814370006042277:
2202108070818090008502364:
2202108070818510006036505:
2202108070819300008506632:
2202108070820090006022439:
2202108070835050009282101:
2202108070848030009310727:
2202108070848070009298073:
2202108070852170009275624:
2202108070905580004969682:
2202108070912580009290471:
2202108071019240004924260:
2202108071302120009230754:
2202108071728570006029990:
2202108071732070006022855:
2202108071801420004940674:
2202108071802260009346173:
2202108071807420009351758:
2202108071811230009321319:
2202108071851470008506632:
2202108071854500008424093:
2202108071855190008493028:
2202108071857110006027540:
2202108071900020001083110:
2202108071901160006016275:
2202108071901320008500312:
2202108071901340008510716:
2202108071901360009226826:
2202108071901390006032924:
2202108071901400009351998:
2202108071901430008510716:
2202108071901450008494564:
2202108071901470006029988:
2202108071901480009279709:
2202108071901520007401654:
2202108071901550007407739:
2202108071902000008499208:
2202108071902030008517932:
2202108071902050004924260:
2202108071902080009295615:
2202108071902110008697836:
2202108071902130004950546:
2202108071902170008503915:
2202108071902180008682585:
2202108071902200004950546:
2202108071902220004930090:
2202108071902240009296798:
2202108071902250009248283:
2202108071902270009339795:
2202108071902310009253997:
2202108071902330004975875:
2202108071902350009351823:
2202108071902370009234236:
2202108071902380004976805:
2202108071902400008496310:
2202108071902410006030142:
2202108071902430004944745:
2202108071902440007402500:
2202108071902460009347607:
2202108071902480009339797:
2202108071902500008690941:
2202108071902520009339797:
2202108071902540008691017:
2202108071902550008701083:
2202108071902570007413810:
2202108071902590004993674:
2202108071903010009347607:
2202108071903030004984899:
2202108071903041513645885:
2202108071903060006039671:
2202108071903070006041715:
2202108071903090008701083:
2202108071903100004973075:
2202108071903120009226440:
2202108071903130009339524:
2202108071903150002851479:
2202108071903170008692450:
2202108071903190008516236:
2202108071903210003920040:
2202108071903250003920040:
2202108071903250009321334:
2202108071903280009290365:
2202108071903290009340824:
2202108071903310006025445:
2202108071903390006012153:
2202108071903430009330833:
2202108071903520004934727:
2202108071903550004989365:
2202108071904000009340820:
2202108071904010009234480:
2202108071904070004953953:
2202108071904190006018005:
2202108071904490008491998:
2202108071904520004950845:
2202108071904550009323985:
2202108071905010007402194:
2202108071905040006039969:
2202108071905100009305457:
2202108071905150009276680:
2202108071905460007414082:
2202108071906140008710957:
2202108071908330009252984:
2202108071909030004931193:
2202108071909050008694944:
2202108071909060009324604:
2202108071909080008694944:
2202108071909210008492705:
2202108071909320009300596:
2202108071909340006751664:
2202108071910110004946517:
2202108071910150001079288:
2202108071910190008512059:
2202108071910240007402523:
2202108071911000008510090:
2202108071911570008519522:
2202108071911590004989948:
2202108071916140008495037:
2202108071916180008707832:
2202108071916210008706494:
2202108071927450008505663:
2202108071928440009292038:
2202108071931090009300607:
2202108071942500009314167:
2202108071952090008439606:
2202108071952120008500956:
2202108071952140009311703:
2202108071952170009313530:
2202108071952590009336988:
2202108071953180004924590:
2202108072000240007422489:
2202108072000380002851478:
2202108072000420004923159:
2202108072000460008506907:
2202108072001320007421743:
2202108072001450004932123:
2202108072001490009297664:
2202108072001520009307295:
2202108072001550004922287:
2202108072002020008497276:
2202108072002170007415195:
2202108072002510009297569:
2202108072003110007421690:
2202108072005240009283296:
2202108072005250004923253:
2202108072005300009307388:
2202108072005320004921669:
2202108072005470004958690:
2202108072005490009236810:
2202108072005540009276908:
2202108072006120009346038:
2202108072006190006021875:
2202108072007320008426248:
2202108072007330007402482:
2202108072008450003915458:
2202108072009050009226392:
2202108072010520006022439:
2202108072015080004946782:
2202108072015350004947963:
2202108072017380008698044:
2202108072019570004960160:
2202108072031130004966802:
2202108072035510009289101:
2202108072038540009232651:
2202108072049200006036321:
2202108072114590008686663:
2202108072117500008677773:
2202108072144140008426247:
2202108072145080006028797:
2202108072145120006042277:
2202108072158520008701527:
2202108072159010006039497:
2202108072159020009314286:
2202108072159040004930540:
2202108072159070006019430:
2202108072159090004936954:
2202108072159240008496191:
2202108072159410004976407:
2202108072159470004924676:
2202108072200010009287011:
2202108072200030000431412:
2202108072200051513628688:
2202108072200060004921380:
2202108072200080008508587:
2202108072200090004921380:
2202108072200110008678354:
2202108072200130000431412:
2202108072200150008681883:
2202108072200170009301551:
2202108072200180006033001:
2202108072200200008678354:
2202108072200210006033001:
2202108072200230008681883:
2202108072200240008709369:
2202108072200261513628688:
2202108072200290006030135:
2202108072200300009275335:
2202108072200320004935885:
2202108072200330008429638:
2202108072200360006039998:
2202108072200380009326618:
2202108072200400009281753:
2202108072200420009340483:
2202108072200510006018006:
2202108072200550004968394:
2202108072200560008492622:
2202108072201000001079879:
2202108072201070008515447:
2202108072201080009277203:
2202108072201100009293911:
2202108072201120009339828:
2202108072201130008497657:
2202108072201190009286624:
2202108072203420008709061:
2202108072205270004927962:
3202108070723080008501288:
3202108070732130008712381:
3202108070733240006031524:
3202108070738400008499509:
3202108070739200008692290:
3202108070740110009234458:
3202108070740170009339211:
3202108070740200009306129:
3202108070740250006041717:
3202108070740340001099428:
3202108070742580008513325:
3202108070743450008494141:
3202108070743580009247521:
3202108070744221513637255:
3202108070744280008503303:
3202108070746080002851485:
3202108070746190006039016:
3202108070746260004936149:
3202108070746360009234248:
3202108070747230009300618:
3202108070747300009339254:
3202108070747430008692117:
3202108070747460004927539:
3202108070748250008679943:
3202108070748360008681103:
3202108070748590009233695:
3202108070749100003117204:
3202108070749310005001262:
3202108070749330004932608:
3202108070749380008687514:
3202108070749440008445992:
3202108070749510009309524:
3202108070750240009340813:
3202108070750320006018008:
3202108070750390009295891:
3202108070750540006019317:
3202108070750580009252962:
3202108070751050008429607:
3202108070751120009335560:
3202108070751180004948289:
3202108070751230009343384:
3202108070751270009322602:
3202108070751320006030480:
3202108070751380009306586:
3202108070751400008502984:
3202108070751500008710216:
3202108070752060009340470:
3202108070752290009326626:
3202108070752330009326650:
3202108070752500008501953:
3202108070752540008711197:
3202108070753000009339195:
3202108070753040006023085:
3202108070753270004975787:
3202108070753530008501480:
3202108070753560008680280:
3202108070753590008678678:
3202108070754010008517323:
3202108070754030009226816:
3202108070754050006030484:
3202108070754170006039497:
3202108070754190008680900:
3202108070754220008697764:
3202108070754240009234108:
3202108070754260009273013:
3202108070754410008691341:
3202108070754450009343149:
3202108070754480009321321:
3202108070754490004929419:
3202108070754540008497634:
3202108070754570004946812:
3202108070754590006028450:
3202108070755100008715839:
3202108070755130008516420:
3202108070755140004969598:
3202108070755280008698795:
3202108070755420008714702:
3202108070755470009326609:
3202108070755530009343593:
3202108070755550008711249:
3202108070755570006039974:
3202108070756020008429633:
3202108070756050004940394:
3202108070756070004155886:
3202108070756300009308083:
3202108070756350008716113:
3202108070756370006032999:
3202108070756390003137991:
3202108070756410008701274:
3202108070756430008702698:
3202108070756440008494010:
3202108070756460008495468:
3202108070756480008690203:
3202108070756510004934470:
3202108070756540008507829:
3202108070756560009331842:
3202108070756590004936422:
3202108070757010008689944:
3202108070757110009226952:
3202108070757260004937222:
3202108070757280006028957:
3202108070757290008494290:
3202108070757310009293228:
3202108070757330008696388:
3202108070757380009253742:
3202108070757440004975477:
3202108070757490008704360:
3202108070757550008499471:
3202108070757570009322614:
3202108070757590006023662:
3202108070758020004974633:
3202108070758040009327615:
3202108070758100009284157:
3202108070758130008518703:
3202108070758160007402205:
3202108070758190009339818:
3202108070758270009280051:
3202108070758340001077421:
3202108070758360009232350:
3202108070758420004993812:
3202108070758520004928581:
3202108070759010008514795:
3202108070759040004953650:
3202108070759130009326658:
3202108070759150008699992:
3202108070759250008713928:
3202108070759270008493217:
3202108070759290009339802:
3202108070759320000424167:
3202108070759350008503515:
3202108070759380009342954:
3202108070759450009254169:
3202108070759500008514966:
3202108070759530009225488:
3202108070759570008684967:
3202108070800010006036318:
3202108070800070003137967:
3202108070800110006041721:
3202108070800390009275492:
3202108070801530008707174:
3202108070802210008504091:
3202108070802340007402467:
3202108070803320008688767:
3202108070804020006042240:
3202108070804050008698121:
3202108070806190008509836:
3202108070807200006028953:
3202108070807220009288958:
3202108070809330008506597:
3202108070854490009275624:
3202108071725270004975477:
3202108071759400009286996:
3202108071809560008516420:
3202108071859010009351768:
3202108071859520008499471:
3202108071859550009246199:
3202108071859590004932608:
3202108071900030009246199:
3202108071900050005001262:
3202108071900410009340816:
3202108071900450009326609:
3202108071900500007398172:
3202108071900520006018008:
3202108071900530008494201:
3202108071900550009326650:
3202108071900570008494201:
3202108071900590008688282:
3202108071901010009306586:
3202108071901020008692117:
3202108071901050009324879:
3202108071901070009343384:
3202108071901080008514795:
3202108071901100008518736:
3202108071901120008681103:
3202108071901140008690203:
3202108071901150008693920:
3202108071901170006023085:
3202108071901190008687514:
3202108071901210008518703:
3202108071901230009340470:
3202108071901250009326626:
3202108071901270008691341:
3202108071901290000424146:
3202108071901310009339254:
3202108071901330008683912:
3202108071901350004155886:
3202108071901370008709488:
3202108071901380009351964:
3202108071901400008711892:
3202108071901420008716625:
3202108071901440001099428:
3202108071901450008711892:
3202108071901470009348748:
3202108071901480006028953:
3202108071901500008501288:
3202108071901520008429633:
3202108071901530008503303:
3202108071901550009233695:
3202108071901570008492065:
3202108071901580003137991:
3202108071902000009255827:
3202108071902010009325511:
3202108071902060009234458:
3202108071902070009247521:
3202108071902090000439530:
3202108071902110008513325:
3202108071902120009327615:
3202108071902150004946812:
3202108071902160009340817:
3202108071902180009326600:
3202108071902200008502984:
3202108071902220009308083:
3202108071902230006031524:
3202108071902260009284157:
3202108071902280006039016:
3202108071902290008693892:
3202108071902310009339818:
3202108071902330008445992:
3202108071902350009243147:
3202108071902370009339930:
3202108071902390004934470:
3202108071902420004989657:
3202108071902450006028957:
3202108071902480004975787:
3202108071902500008506597:
3202108071903020006030484:
3202108071903590004936029:
3202108071907220009289323:
3202108071907240008698121:
3202108071908580007402205:
3202108071909030008713928:
3202108071932010008503489:
3202108071944470008503979:
3202108071946010007407502:
3202108071959030009343149:
3202108071959060006041721:
3202108071959080003137967:
3202108071959100009226952:
3202108071959120009273013:
3202108071959150009279481:
3202108071959160009324637:
3202108071959180003132773:
3202108071959200008701274:
3202108071959210008717268:
3202108071959270008702698:
3202108071959290009323446:
3202108071959320008713719:
3202108071959340009321321:
3202108071959360009340801:
3202108071959420006025403:
3202108071959460008499556:
3202108071959470009225488:
3202108071959490008699992:
3202108071959510009340813:
3202108072000010009342962:
3202108072000030000424167:
3202108072000040006026797:
3202108072000060006032999:
3202108072000070009331842:
3202108072000090006028799:
3202108072000110003137963:
3202108072000120009324629:
3202108072000140004927539:
3202108072000170001077421:
3202108072000190003126147:
3202108072000210008707174:
3202108072000230009354344:
3202108072000240008689944:
3202108072000260009346367:
3202108072000280009343174:
3202108072000310006039541:
3202108072000340006022003:
3202108072000380009234248:
3202108072000400003116965:
3202108072000410009346020:
3202108072000430009330829:
3202108072000450006030480:
3202108072000460009335560:
3202108072000480008714113:
3202108072000500008510264:
3202108072000520004937625:
3202108072000540008501480:
3202108072000560009281874:
3202108072000580008712381:
3202108072000590008704360:
3202108072001010008494010:
3202108072001040009290264:
3202108072001050009354582:
3202108072001080008497634:
3202108072001110004936422:
3202108072001130004940394:
3202108072001180008697063:
3202108072001200009322590:
3202108072001260009342954:
3202108072001280008429607:
3202108072001300009354349:
3202108072001330008680280:
3202108072001361513626317:
3202108072001390008500889:
3202108072001400009326658:
3202108072001420008692032:
3202108072001440009275492:
3202108072001470009306129:
3202108072001530008692290:
3202108072001540009322614:
3202108072001590009253846:
3202108072002130009354825:
3202108072002160006016090:
3202108072002210008697764:
3202108072002240009322602:
3202108072002480008693150:
3202108072002500009300618:
3202108072003040008506766:
3202108072003050008688253:
3202108072003070008492410:
3202108072003100008711249:
3202108072003140004996406:
3202108072003210009339802:
3202108072003290004996406:
3202108072003360008714702:
3202108072003390003137754:
3202108072004410009326438:
3202108072004450009348542:
3202108072005010002854367:
3202108072005110004936149:
3202108072005340009288958:
3202108072005360004974633:
3202108072006100008698315:
3202108072006280008503515:
3202108072006510008701103:
3202108072023490008494092:
3202108072023530006041103:
3202108072058450008677829:
3202108072058540008503824:
3202108072058540008677829:
3202108072100020009232350:
3202108072100030006028451:
3202108072100060008707911:
3202108072100100001089614:
3202108072101310009309829:
3202108072101590009230812:
3202108072113260008676957:
3202108072116380008677773:
3202108072136450007421210:
3202108072136550008498988:
3202108072146280008677300:
3202108072147250008500378:
3202108072152050008703693:
3202108072155550009291036:
3202108072156220006036318:
3202108072157310003918790:
3202108072158010008688767:
3202108072158050009324068:
3202108072158090009352016:
3202108072158300004158333:
3202108072158380008679943:
3202108072158440008498188:
3202108072158530008512397:
3202108072158580008495468:
3202108072159040006019317:
3202108072159070009293228:
3202108072159090008680900:
3202108072159130004947373:
3202108072159180004970901:
3202108072159370008696388:
3202108072200000009280051:
3202108072200030007395592:
3202108072200050008684967:
3202108072200090008678678:
3202108072200110007395592:
3202108072200130008710875:
3202108072200150008698795:
3202108072200170008495972:
3202108072200190009253742:
3202108072200210008506912:
3202108072200230009339144:
3202108072200250008507829:
3202108072200260006015460:
3202108072200280006027612:
3202108072200300004967606:
3202108072200320006023662:
3202108072200330004164864:
3202108072200360004953650:
3202108072200380004937222:
3202108072200400002851443:
3202108072200440009230815:
3202108072200490008494290:
3202108072200530004923617:
3202108072200560009295891:
3202108072201070009325535:
3202108072201110009226816:
3202108072201160008504091:
3202108072201260002851485:
3202108072201290009234108:
3202108072201340004966178:
3202108072201450008708560:
3202108072201480006026835:
3202108072201510008715839:
3202108072201530002851487:
3202108072201580009300590:
3202108072202061513653821:
3202108072202220006020195:
3202108072202240004931010:
3202108072202270006024859:
3202108072202310006033902:
3202108072202490004967900:
3202108072203220005001068:
3202108072203230009342940:
4202108070734010004974322:
4202108070737060006015165:
4202108070737460000424545:
4202108070739070001087543:
4202108070744130009298435:
4202108070745270007407499:
4202108070746000005001511:
4202108070746550009338161:
4202108070747140009272601:
4202108070747180008493092:
4202108070747210009285513:
4202108070749110009346340:
4202108070750110009234249:
4202108070750160015629857:
4202108070750190009339225:
4202108070751150006013128:
4202108070751180009236820:
4202108070751220004935623:
4202108070751260009348776:
4202108070751300004179142:
4202108070751350006041875:
4202108070751380009326600:
4202108070751390004929641:
4202108070751420004179293:
4202108070751440007398203:
4202108070751501513631613:
4202108070752020007395601:
4202108070752320004967900:
4202108070752380009342997:
4202108070752430004924511:
4202108070752480006028799:
4202108070753010009324572:
4202108070753300009337006:
4202108070753330004929198:
4202108070753380008499706:
4202108070753490009324606:
4202108070753530003132772:
4202108070753580009346685:
4202108070754120008699709:
4202108070754240006027345:
4202108070754290009331044:
4202108070754350008690224:
4202108070754380008681212:
4202108070754400009342984:
4202108070754420001088074:
4202108070754440004934985:
4202108070754460006039129:
4202108070754510008710875:
4202108070755140009252994:
4202108070755200000424007:
4202108070755230009277510:
4202108070755240009330829:
4202108070755320009311280:
4202108070755360009324118:
4202108070755380009253995:
4202108070755400006036336:
4202108070755410006035802:
4202108070755440008494427:
4202108070755480008495426:
4202108070755530008495556:
4202108070755560009274874:
4202108070755580009341511:
4202108070756000009327620:
4202108070756020008695597:
4202108070756030001077425:
4202108070756050004975255:
4202108070756070008493340:
4202108070756080009324085:
4202108070756100008499047:
4202108070756120009295454:
4202108070756150009305260:
4202108070756220003126360:
4202108070756250009352010:
4202108070756270004985960:
4202108070756290008503339:
4202108070756320009272020:
4202108070756380008511222:
4202108070756410009342143:
4202108070756500006016091:
4202108070757020004978162:
4202108070757050009341742:
4202108070757060008499867:
4202108070757080008445656:
4202108070757120008501835:
4202108070757140008695667:
4202108070757160009340816:
4202108070757220009321481:
4202108070757240009342978:
4202108070757300009226797:
4202108070757330009298206:
4202108070757380009336959:
4202108070757400008503089:
4202108070757440008493895:
4202108070757460008500083:
4202108070757480008679170:
4202108070758010009354391:
4202108070758030009346181:
4202108070758050007401131:
4202108070758070008503979:
4202108070758090009346035:
4202108070758140009325498:
4202108070758180009287195:
4202108070758200008719239:
4202108070758230009226821:
4202108070758240007407459:
4202108070758280009283323:
4202108070758300004936688:
4202108070758330007407459:
4202108070758390009234457:
4202108070758430004936293:
4202108070758450006020192:
4202108070758470009342035:
4202108070758490009247701:
4202108070758530009272187:
4202108070758550004953788:
4202108070758590006020220:
4202108070759140002854367:
4202108070759150009327564:
4202108070759180004948259:
4202108070759250009349972:
4202108070759270009231425:
4202108070759320008686117:
4202108070759340008717694:
4202108070759360004969304:
4202108070759370009339817:
4202108070759390009232613:
4202108070759410009250787:
4202108070759430001083930:
4202108070759460009324605:
4202108070800050008512783:
4202108070800110000431385:
4202108070800170008510188:
4202108070800190009226385:
4202108070800240004926919:
4202108070800260004949474:
4202108070800370009339821:
4202108070800390008519041:
4202108070801020004988966:
4202108070801290006036997:
4202108070801320009231455:
4202108070801360004922422:
4202108070801450009225500:
4202108070801540004947993:
4202108070802100009354827:
4202108070802260009226433:
4202108070802290009342982:
4202108070802510004931897:
4202108070803430006016252:
4202108070803510003116965:
4202108070805040009226399:
4202108070807020009343432:
4202108070807200008500142:
4202108070811450004933960:
4202108070819320009226402:
4202108070825090009303697:
4202108071019040004921785:
4202108071700470009339225:
4202108071703540008493092:
4202108071801230001077425:
4202108071815270009253739:
4202108071900260006036994:
4202108071900390009348603:
4202108071900420008493217:
4202108071900520009324118:
4202108071900530009342035:
4202108071900550009252994:
4202108071900570008499867:
4202108071900590009346055:
4202108071901010009296645:
4202108071901030007407459:
4202108071901040006041717:
4202108071901060009342978:
4202108071901200009272020:
4202108071901230009311280:
4202108071901280004935623:
4202108071901410008699709:
4202108071901430003137945:
4202108071901450015629857:
4202108071901480004953788:
4202108071902050009252962:
4202108071902070009236820:
4202108071902130008498021:
4202108071902140008515910:
4202108071902170006035802:
4202108071902200009305260:
4202108071902310008695597:
4202108071902390009287195:
4202108071902410008695597:
4202108071902450009346035:
4202108071902470009331044:
4202108071902500004936557:
4202108071902510009343593:
4202108071902540009338161:
4202108071903010006041875:
4202108071903050004926919:
4202108071903160004948289:
4202108071903190008500493:
4202108071903200008512783:
4202108071903230009226797:
4202108071903250004929641:
4202108071903270009348776:
4202108071903290009341511:
4202108071903300009298435:
4202108071904020006014941:
4202108071904260009234240:
4202108071905410004923758:
4202108071908390004939835:
4202108071908520009342996:
4202108071909350008494141:
4202108071909370009339211:
4202108071909580009324606:
4202108071929560004949474:
4202108071959570008516772:
4202108072000030003916932:
4202108072000160008690794:
4202108072000310006037029:
4202108072000420009343592:
4202108072000450009247701:
4202108072000480008493340:
4202108072001010009325498:
4202108072001100006014943:
4202108072001330009336959:
4202108072001360009337006:
4202108072001480008503339:
4202108072001500004974322:
4202108072001520004929198:
4202108072001540005001511:
4202108072002230009231425:
4202108072002240009346181:
4202108072002260005001511:
4202108072002270009346685:
4202108072002330008506212:
4202108072003030000424007:
4202108072003060004959868:
4202108072003090008501953:
4202108072003550004924511:
4202108072003570008517323:
4202108072003580009277510:
4202108072004030007402467:
4202108072004060004929419:
4202108072005060004971518:
4202108072006030008716113:
4202108072008010009278862:
4202108072009090006042240:
4202108072012190009250787:
4202108072012200008500888:
4202108072013400007398203:
4202108072100200004985960:
4202108072103040004179142:
4202108072135250004948259:
4202108072152540008503089:
4202108072159380009349985:
4202108072159400009342143:
4202108072159440009346340:
4202108072159490009341742:
4202108072200000009254212:
4202108072200020007421735:
4202108072200040009230749:
4202108072200060009283323:
4202108072200080008445656:
4202108072200090004978162:
4202108072200110009324605:
4202108072200130007401131:
4202108072200170008717694:
4202108072200190009298206:
4202108072200210008500567:
4202108072200230009305547:
4202108072200240008686117:
4202108072200260006025823:
4202108072200360009234249:
4202108072200390006039129:
4202108072200410007402498:
4202108072200430008495556:
4202108072200450006020220:
4202108072200510004179293:
4202108072200531513631101:
4202108072200550007395601:
4202108072200560004988966:
4202108072200580008514966:
4202108072200590009236868:
4202108072201010003117204:
4202108072201030001088074:
4202108072201050004169060:
4202108072201070001083930:
4202108072201130006013128:
4202108072201160009324572:
4202108072201190007396382:
4202108072201200008496149:
4202108072201220009327620:
4202108072201240008496149:
4202108072201280008719239:
4202108072201300009226433:
4202108072201320008499706:
4202108072201340004947993:
4202108072201350009354391:
4202108072201370008510188:
4202108072201390008493895:
4202108072201420006036336:
4202108072201500008500083:
4202108072201580009272601:
4202108072202000001087543:
4202108072202030008679170:
4202108072202050008677903:
4202108072202100009254169:
4202108072202110009232613:
4202108072202500008509836:
4202108072202580009226821:
4202108072203200004922422:
4202108072203220004927962:
4202108072203360008500142:
4202108072203380009231455:
5202108070729410004993674:
5202108070731560006025445:
5202108070739020008493286:
5202108070739160009236809:
5202108070739360008698279:
5202108070739420004954090:
5202108070739450004995116:
5202108070740070004976717:
5202108070740210004933649:
5202108070740250009326612:
5202108070740570009276680:
5202108070741020009324831:
5202108070742330006028292:
5202108070743110008510518:
5202108070743140004994596:
5202108070743291513645885:
5202108070744320001079288:
5202108070744450004950546:
5202108070745260007402523:
5202108070745430004932362:
5202108070745480004994856:
5202108070746200008690529:
5202108070746280009291036:
5202108070746400004950845:
5202108070746530004961093:
5202108070746580009305457:
5202108070747010004953485:
5202108070747040004960471:
5202108070747170009346707:
5202108070747450008494656:
5202108070747490004961404:
5202108070747550008517932:
5202108070747570008497291:
5202108070748060007402500:
5202108070748300004947107:
5202108070748330004951145:
5202108070748370004923605:
5202108070748410004923159:
5202108070749000004927329:
5202108070749210006025812:
5202108070749270004973075:
5202108070749360004922875:
5202108070749430008704200:
5202108070749530008496310:
5202108070749560009305197:
5202108070749590008690941:
5202108070750010009234480:
5202108070750080009351823:
5202108070750120005001068:
5202108070750200004967512:
5202108070750230008513950:
5202108070750290001077087:
5202108070750320008512059:
5202108070750350006036875:
5202108070750460008511010:
5202108070751380000424165:
5202108070751400003892332:
5202108070751580006025806:
5202108070752050008499208:
5202108070752070004998138:
5202108070752300006028797:
5202108070752350001083110:
5202108070752370007407739:
5202108070752390008500184:
5202108070752420003920040:
5202108070752430004930090:
5202108070752450004960782:
5202108070752520009295615:
5202108070752540004994074:
5202108070753000001108277:
5202108070753020009252984:
5202108070753040004994074:
5202108070753120009346170:
5202108070753140008699606:
5202108070753190004951445:
5202108070753210006032924:
5202108070753250009351308:
5202108070753300004997873:
5202108070753320004998401:
5202108070753360009306271:
5202108070753390006040283:
5202108070753400004972764:
5202108070753450009279709:
5202108070753470004969653:
5202108070754030008691017:
5202108070754080009339812:
5202108070754100009254183:
5202108070754120006018006:
5202108070754140008493750:
5202108070754170004937089:
5202108070754180009346362:
5202108070754210008510316:
5202108070754230009347607:
5202108070754270004933902:
5202108070754350009296798:
5202108070754390004966802:
5202108070754460009233710:
5202108070754480006033090:
5202108070754510008692450:
5202108070754530008503171:
5202108070754550006037287:
5202108070754570004976805:
5202108070754590008503915:
5202108070755010008509901:
5202108070755030009354401:
5202108070755050006016275:
5202108070755070006039671:
5202108070755100007413810:
5202108070755120009341030:
5202108070755200004923454:
5202108070755250004946517:
5202108070755280009341030:
5202108070755420009339839:
5202108070755470006030118:
5202108070755490008515021:
5202108070755520004976407:
5202108070755580008516236:
5202108070756010008682585:
5202108070756050006030142:
5202108070756200009321395:
5202108070756230004984899:
5202108070756250008501942:
5202108070756270004969965:
5202108070756330008512216:
5202108070756350009326645:
5202108070756380009234467:
5202108070756440008717268:
5202108070756590009351998:
5202108070757040004947668:
5202108070757080009253842:
5202108070757100009324107:
5202108070757120004944745:
5202108070757140009234236:
5202108070757160008706878:
5202108070757200009342959:
5202108070757210004180013:
5202108070757230009226440:
5202108070757250008676811:
5202108070757270008686064:
5202108070757290008510090:
5202108070757310009327416:
5202108070757330009280491:
5202108070757350007407459:
5202108070757370004936688:
5202108070757390009340824:
5202108070757400006039494:
5202108070757420004936293:
5202108070757430009323985:
5202108070757450009241934:
5202108070757470008701083:
5202108070757490008709011:
5202108070757510008703693:
5202108070757530008515081:
5202108070757540009232378:
5202108070757560009282809:
5202108070757590009339219:
5202108070758150009346376:
5202108070758180007412611:
5202108070758200007414082:
5202108070758250008519522:
5202108070758280009225507:
5202108070758320009354001:
5202108070758350009282114:
5202108070758370004921535:
5202108070758410004928604:
5202108070758430004994335:
5202108070758480008510716:
5202108070758500009342954:
5202108070758520008506074:
5202108070758580004934727:
5202108070759010008687593:
5202108070759040008718216:
5202108070759060006021994:
5202108070759080008696894:
5202108070759100008697063:
5202108070759140006029988:
5202108070759180008508757:
5202108070759200007421269:
5202108070759220008509370:
5202108070759240007421269:
5202108070759290009344566:
5202108070759300008694659:
5202108070759320008497463:
5202108070759330003126145:
5202108070759350009225481:
5202108070759370004169060:
5202108070759411513653821:
5202108070800010004961715:
5202108070800040009290264:
5202108070800110008516213:
5202108070800140009230754:
5202108070800260008500113:
5202108070800350009306769:
5202108070800501513649006:
5202108070800520008502735:
5202108070800570009340820:
5202108070801190009287006:
5202108070801250007411321:
5202108070801310009297056:
5202108070801351513637915:
5202108070801370009348762:
5202108070801480006030130:
5202108070801510004996481:
5202108070802010006041715:
5202108070802030009226392:
5202108070802100009274443:
5202108070802230008493366:
5202108070802500008506376:
5202108070803120008508219:
5202108070803210009226812:
5202108070803230009310954:
5202108070803380006021991:
5202108070803530004997608:
5202108070803560007413042:
5202108070803590007410385:
5202108070804010009348542:
5202108070804220002851479:
5202108070806560004995665:
5202108070807000009286880:
5202108070807320008685403:
5202108070807380009339795:
5202108070809140004929865:
5202108070809430009339803:
5202108070810040006041103:
5202108070816170008500378:
5202108070822020006009777:
5202108070825170009254000:
5202108070826270003137987:
5202108071706530003137987:
5202108071802380008511010:
5202108071810400009321319:
5202108071821491513649006:
5202108071900020008494656:
5202108071900240009226385:
5202108071900480008704200:
5202108071900530008500312:
5202108071900580009326645:
5202108071901010004922875:
5202108071901030006037287:
5202108071901050009346170:
5202108071901070009236809:
5202108071901090008509901:
5202108071901100009233710:
5202108071901120009279709:
5202108071901140008510518:
5202108071901150007411321:
5202108071901170004927329:
5202108071901200009339273:
5202108071901220008706878:
5202108071901250007401654:
5202108071901280004923454:
5202108071901300009282809:
5202108071901340004180013:
5202108071901350008515081:
5202108071901380008682585:
5202108071901400008515081:
5202108071901410008682585:
5202108071901430009295615:
5202108071901440008503915:
5202108071901460006030130:
5202108071901470009339795:
5202108071901490008496310:
5202108071901500009248283:
5202108071901521513645885:
5202108071901540009339795:
5202108071901560009340820:
5202108071901570009296798:
5202108071901590009340820:
5202108071902050009234236:
5202108071902070009340820:
5202108071902080006039671:
5202108071902100007402500:
5202108071902120008691017:
5202108071902130006041715:
5202108071902150004984899:
5202108071902170004993674:
5202108071902210006039671:
5202108071902230004947668:
5202108071902240004973075:
5202108071902260008687593:
5202108071902280009226440:
5202108071902290008509370:
5202108071902320008513950:
5202108071902340008516236:
5202108071902350004967512:
5202108071902370008493750:
5202108071902390008718216:
5202108071902400004923605:
5202108071902420008692450:
5202108071902440009226412:
5202108071902460009354001:
5202108071902470009226412:
5202108071902490009234467:
5202108071902500004976717:
5202108071902520009346362:
5202108071902540009340824:
5202108071902550006025445:
5202108071902580000424165:
5202108071903000008699606:
5202108071903020006030118:
5202108071903040004951145:
5202108071903060009234480:
5202108071903080004989365:
5202108071903090001108277:
5202108071903110004994596:
5202108071903140004961715:
5202108071903170008506376:
5202108071903190007410282:
5202108071903220004934727:
5202108071903250009354401:
5202108071903270009324831:
5202108071903290004959001:
5202108071903310009339839:
5202108071903330006025812:
5202108071903360009297056:
5202108071903380009346376:
5202108071903400009253842:
5202108071903420008512216:
5202108071903440008515021:
5202108071903460004997608:
5202108071903480009324107:
5202108071903500004951445:
5202108071903510004960782:
5202108071903540004961404:
5202108071903560004998138:
5202108071903580009351308:
5202108071903590004953485:
5202108071904020008493366:
5202108071904030009306271:
5202108071904050004960471:
5202108071904070004932362:
5202108071904100006033090:
5202108071904120008503171:
5202108071904140008491998:
5202108071904160004950845:
5202108071904180009323985:
5202108071904190009348762:
5202108071904220003126145:
5202108071904240004994335:
5202108071904260004994074:
5202108071904290004996677:
5202108071904310009225481:
5202108071904330008698279:
5202108071904360009327416:
5202108071904380009276680:
5202108071904400009305457:
5202108071904420009225507:
5202108071904440004961787:
5202108071904460009321395:
5202108071904490004947107:
5202108071904510004998401:
5202108071904520004997873:
5202108071904540009346707:
5202108071904560006040283:
5202108071904580008694659:
5202108071905010009339803:
5202108071905020009326612:
5202108071905040004961787:
5202108071905070009339812:
5202108071905100007414082:
5202108071905120009341030:
5202108071905150004996677:
5202108071905200009280491:
5202108071905250009232378:
5202108071905300008500184:
5202108071905330009339219:
5202108071905350007413042:
5202108071905400009341030:
5202108071906450004989073:
5202108071907500009252984:
5202108071907510004989073:
5202108071907590009225494:
5202108071908110008709011:
5202108071909060007404782:
5202108071909110004946517:
5202108071909220007421212:
5202108071909270009342959:
5202108071909300004995861:
5202108071909340004946517:
5202108071909370009254183:
5202108071909390009303525:
5202108071909410008512059:
5202108071909430004995116:
5202108071909460008676811:
5202108071909480007402523:
5202108071909500008702320:
5202108071909520006022852:
5202108071909540008506797:
5202108071909550008696894:
5202108071909570009298207:
5202108071909590009254229:
5202108071910020008493286:
5202108071910170008690529:
5202108071910190004954090:
5202108071910210008510090:
5202108071910480004954090:
5202108071911000008495616:
5202108071911020006036993:
5202108071911050008709393:
5202108071911070009342183:
5202108071911090004989948:
5202108071911140008519522:
5202108071911170009294273:
5202108071911390006031525:
5202108071913380004985430:
5202108071915530008706494:
5202108071915560004967002:
5202108071917330009322682:
5202108071917350007410385:
5202108071919420008508219:
5202108071919440008497463:
5202108071922500008686064:
5202108071922530004937357:
5202108071922550005000508:
5202108071923560009241934:
5202108071924030009286880:
5202108071924120004933649:
5202108071927070006039494:
5202108071927390006009777:
5202108071944100009293535:
5202108071950470008502364:
5202108071954180009285513:
5202108071959290008692560:
5202108072000010004178213:
5202108072000040008501942:
5202108072000450008680789:
5202108072001160004930974:
5202108072001190004969965:
5202108072002040008510316:
5202108072002460009253846:
5202108072003470008688253:
5202108072004010008508352:
5202108072004090001077087:
5202108072004560004994856:
5202108072005550004934927:
5202108072015131513637915:
5202108072020350004960160:
5202108072029200009343364:
5202108072106420004996134:
5202108072150570009287006:
5202108072158170008710216:
5202108072158211513637255:
5202108072159030004976407:
5202108072159050006022160:
5202108072159070002851459:
5202108072159090009247696:
5202108072159110006022160:
5202108072159130004995665:
5202108072159150006025806:
5202108072159170009286616:
5202108072159200001114611:
5202108072159240004936823:
5202108072159280004961093:
5202108072159330004967312:
5202108072159390004995665:
5202108072159430008497699:
5202108072159450006036875:
5202108072159480004966904:
5202108072159500004995938:
5202108072159510009231473:
5202108072159530008443266:
5202108072159550006026834:
5202108072159560009254908:
5202108072159580004970901:
5202108072159590009293228:
5202108072200010009311591:
5202108072200020009230790:
5202108072200040009311591:
5202108072200050008680900:
5202108072200070006018006:
5202108072200080008508290:
5202108072200100009306769:
5202108072200140009276489:
5202108072200150004986846:
5202108072200180006022158:
5202108072200200008509407:
5202108072200220004986846:
5202108072200240007402512:
5202108072200250008494613:
5202108072200280006015163:
5202108072200300006016276:
5202108072200320007395627:
5202108072200340006015163:
5202108072200360008515734:
5202108072200380008500113:
5202108072200410008518128:
5202108072200430008678678:
5202108072200590006028757:
5202108072201010009231410:
5202108072201030009252946:
5202108072201050008506074:
5202108072201070008501795:
5202108072201110009282114:
5202108072201140007422441:
5202108072201180009339144:
5202108072201190006040360:
5202108072201250008717694:
5202108072201340009348543:
5202108072201520007421269:
5202108072201580009346063:
5202108072202030009296138:
5202108072202070009310954:
5202108072202170008431645:
5202108072202310008513365:
5202108072202370003892332:
5202108072202390009240533:
5202108072202410007412611:
5202108072202540006039337:
5202108072203150006033902:
5202108072210050009304051:
6202108070732170007405149:
6202108070732270009326438:
6202108070732460004974322:
6202108070734460006039972:
6202108070736200009281193:
6202108070736380008503824:
6202108070737400008509948:
6202108070738320008495365:
6202108070739340008512035:
6202108070739410008708048:
6202108070739440006024122:
6202108070742160008517056:
6202108070742270008513325:
6202108070742590006015163:
6202108070743070009351758:
6202108070743120006025823:
6202108070743150006040360:
6202108070745190006025823:
6202108070745460009226959:
6202108070745510006016276:
6202108070745590007402498:
6202108070746200000431430:
6202108070747160004927539:
6202108070747260008510264:
6202108070747310009231473:
6202108070747330004936823:
6202108070747430008711445:
6202108070748090004969357:
6202108070748540009325535:
6202108070749000009283164:
6202108070749030007404782:
6202108070749070008492622:
6202108070749100004928389:
6202108070749130007404782:
6202108070749150006032903:
6202108070749190008509407:
6202108070749350009283931:
6202108070749410009305547:
6202108070749480009340813:
6202108070749530009230790:
6202108070749540009252946:
6202108070749590006018008:
6202108070750020009276489:
6202108070750050006039510:
6202108070750150008506434:
6202108070750300008680442:
6202108070750450008499805:
6202108070750490004986256:
6202108070750530004987731:
6202108070750550008493676:
6202108070750590001077087:
6202108070751100006025403:
6202108070751120006037924:
6202108070751170008710216:
6202108070751230004930576:
6202108070751270008508290:
6202108070751340009340470:
6202108070751420009254002:
6202108070751520006014943:
6202108070751570008492410:
6202108070752010003892332:
6202108070752050004971518:
6202108070752070001122577:
6202108070752110008494613:
6202108070752140004934669:
6202108070752180006025806:
6202108070752200008495972:
6202108070752280009241075:
6202108070752320009233704:
6202108070752340006027609:
6202108070752400008518128:
6202108070752470008492776:
6202108070752520008497774:
6202108070752580009354344:
6202108070753010007401166:
6202108070753110004928175:
6202108070753140004934927:
6202108070753190004934156:
6202108070753260007411542:
6202108070753310004922029:
6202108070753350009226816:
6202108070753370009354349:
6202108070753400004968194:
6202108070753450002851460:
6202108070753500009234108:
6202108070753550004936557:
6202108070753570006028757:
6202108070754140009236868:
6202108070754170004968716:
6202108070754260008715839:
6202108070754330008516420:
6202108070754350008492065:
6202108070754370006018006:
6202108070754390008510316:
6202108070754410008492480:
6202108070754430004933902:
6202108070754500004927120:
6202108070754550009351964:
6202108070754560008712785:
6202108070754590008431645:
6202108070755000008683421:
6202108070755030008693892:
6202108070755070009343593:
6202108070755090009326609:
6202108070755130001087528:
6202108070755160008508290:
6202108070755170006026797:
6202108070755190008677903:
6202108070755220009253846:
6202108070755240004966592:
6202108070755270009302534:
6202108070755290008704914:
6202108070755320008508521:
6202108070755340009253739:
6202108070755360009342940:
6202108070755380008683912:
6202108070755410009254212:
6202108070755430009324068:
6202108070755440007398172:
6202108070755460007422441:
6202108070755490008511510:
6202108070755520008497935:
6202108070755540009342962:
6202108070755550004947373:
6202108070755580004977027:
6202108070756010009324629:
6202108070756030008500401:
6202108070756040008443266:
6202108070756060006025807:
6202108070756070009252970:
6202108070756120008498021:
6202108070756130004976407:
6202108070756150008507829:
6202108070756170004158333:
6202108070756190009254908:
6202108070756200003916932:
6202108070756220009331842:
6202108070756260008709488:
6202108070756280001114611:
6202108070756290008689944:
6202108070756310008693920:
6202108070756320009339834:
6202108070756341513653096:
6202108070756380004921905:
6202108070756430006036994:
6202108070756460006033720:
6202108070756470008501942:
6202108070756490007421735:
6202108070756500004969965:
6202108070756520009325511:
6202108070756540009247696:
6202108070756550008516772:
6202108070756570009351768:
6202108070756580008698315:
6202108070757000009230815:
6202108070757020008505663:
6202108070757040008494290:
6202108070757060009281874:
6202108070757100009352016:
6202108070757110004046800:
6202108070757120008688282:
6202108070757140009230749:
6202108070757160008512397:
6202108070757190009348603:
6202108070757200009354581:
6202108070757220008501795:
6202108070757230003918790:
6202108070757250006023662:
6202108070757270009346367:
6202108070757290009226817:
6202108070757300004968100:
6202108070757320006014941:
6202108070757330004937088:
6202108070757360004951477:
6202108070757390008518703:
6202108070757430007402205:
6202108070757450006037015:
6202108070757470008695905:
6202108070757490009280051:
6202108070757510004930793:
6202108070757520009342981:
6202108070757560009232350:
6202108070757590004953182:
6202108070758000006030482:
6202108070758020008500109:
6202108070758050002851487:
6202108070758070009287614:
6202108070758081513409863:
6202108070758120009337903:
6202108070758140004938938:
6202108070758210009230812:
6202108070758220004967806:
6202108070758240009343592:
6202108070758260009292116:
6202108070758280009285701:
6202108070758300006028762:
6202108070758310008518736:
6202108070758370004164864:
6202108070758390008699992:
6202108070758440008496367:
6202108070758460009240533:
6202108070758490004923758:
6202108070758520007412611:
6202108070758530000439530:
6202108070758550000424167:
6202108070758570008503515:
6202108070759000004949474:
6202108070759010008503515:
6202108070759030004928604:
6202108070759050009282114:
6202108070759060006026834:
6202108070759080009254169:
6202108070759090004977423:
6202108070759110004045200:
6202108070759130009340817:
6202108070759150008684967:
6202108070759170004970901:
6202108070759190004966904:
6202108070759210009225488:
6202108070759230009346055:
6202108070759250009226447:
6202108070759280007409900:
6202108070759300009346020:
6202108070759320004922560:
6202108070759330004975565:
6202108070759350008515734:
6202108070759370009346173:
6202108070759400006032030:
6202108070759420006024859:
6202108070759430009354825:
6202108070759450009348748:
6202108070759470000424146:
6202108070759490003126147:
6202108070759510008500889:
6202108070759520007421269:
6202108070759540009298019:
6202108070759550009275492:
6202108070759570009288870:
6202108070759590009301802:
6202108070800000008508757:
6202108070800020008711892:
6202108070800030009290271:
6202108070800050009354582:
6202108070800070009343174:
6202108070800080008494201:
6202108070800100008500888:
6202108070800141513653821:
6202108070800340009348543:
6202108070800400003132773:
6202108070800420004178213:
6202108070800440009348543:
6202108070800470009286616:
6202108070800490008500493:
6202108070800510004178213:
6202108070800530009255827:
6202108070800570007421209:
6202108070800590008677829:
6202108070801000003137963:
6202108070801040008501482:
6202108070801070009323446:
6202108070801101513631101:
6202108070801150004931414:
6202108070801200008503489:
6202108070801380009324637:
6202108070801590004928821:
6202108070802030008708560:
6202108070802050009286996:
6202108070802100007402467:
6202108070802390007417231:
6202108070802430008501833:
6202108070802460009322590:
6202108070803060008714113:
6202108070803210008499149:
6202108070803230009339144:
6202108070803300009286387:
6202108070803310009324879:
6202108070803330006042240:
6202108070803340006015460:
6202108070803360004923617:
6202108070803380006035813:
6202108070803400008692560:
6202108070803420007395627:
6202108070803440008498971:
6202108070803490009233697:
6202108070804080004936556:
6202108070805060008701103:
6202108070806050008508352:
6202108070806460008716625:
6202108070806540006028451:
6202108070807420009298223:
6202108070807530009346033:
6202108070808110009309504:
6202108070808140002851443:
6202108070809000009296138:
6202108070809330006017496:
6202108070812140006036876:
6202108070815340009234240:
6202108070815460008515578:
6202108070818200004936029:
6202108070819270009282645:
6202108070822130008494092:
6202108070824350004930974:
6202108070825340009293535:
6202108070826060005000296:
6202108070831390008504041:
6202108070844260007407502:
6202108070847380006022420:
6202108071701590007421209:
6202108071719010006036876:
6202108071736480009310727:
6202108071736530009298073:
6202108071802310004987731:
6202108071857350009309504:
6202108071859550004996481:
6202108071900000009226385:
6202108071900020009302534:
6202108071900040006028450:
6202108071900050009282645:
6202108071900070009226385:
6202108071900090009282645:
6202108071900180004932608:
6202108071900190008708048:
6202108071900220008516213:
6202108071900260004931897:
6202108071901030009340816:
6202108071901100007398172:
6202108071901120009326609:
6202108071901140006018008:
6202108071901410003132772:
6202108071901450009340470:
6202108071901560009344566:
6202108071902080008711892:
6202108071902090008716625:
6202108071902370009327615:
6202108071903120004975787:
6202108071903430004936557:
6202108071904590008711197:
6202108071908180007404782:
6202108071930590004949474:
6202108071934420009275624:
6202108071946120006022420:
6202108071959060008692560:
6202108071959230006027609:
6202108071959260009343149:
6202108071959360009273013:
6202108071959380003132773:
6202108071959390004178213:
6202108071959410008501942:
6202108071959540006035813:
6202108072000010004966592:
6202108072000030004969357:
6202108072000070009253991:
6202108072000100009225488:
6202108072000110009283164:
6202108072000130004969357:
6202108072000140009321321:
6202108072000160008499556:
6202108072000170008510378:
6202108072000190004937089:
6202108072000200007401166:
6202108072000220004928175:
6202108072000230008499149:
6202108072000250008711445:
6202108072000261513653096:
6202108072000290004927750:
6202108072000310005006239:
6202108072000320006028799:
6202108072000340004972764:
6202108072000350006021994:
6202108072000370004927539:
6202108072000480006039541:
6202108072000500008689944:
6202108072000550008502735:
6202108072000570004937088:
6202108072000580004930974:
6202108072001000009233697:
6202108072001020004969965:
6202108072001040003116965:
6202108072001120009336990:
6202108072001130009346033:
6202108072001200009343567:
6202108072001210009274443:
6202108072001230006028762:
6202108072001260004986256:
6202108072001270009339195:
6202108072001300004928821:
6202108072001310009290264:
6202108072001330009287614:
6202108072001350004953182:
6202108072001370008497634:
6202108072001380009288913:
6202108072001400008683421:
6202108072001410009287614:
6202108072001430004969653:
6202108072001450008510316:
6202108072001480004969653:
6202108072001490004977027:
6202108072001510004922029:
6202108072001540004938938:
6202108072001560009324085:
6202108072001580007419049:
6202108072002000008680280:
6202108072002090009293895:
6202108072002230008508352:
6202108072002250009253846:
6202108072002300004971518:
6202108072002350009354825:
6202108072002400006039130:
6202108072002490008512859:
6202108072002520006032903:
6202108072002590009285701:
6202108072003130009226447:
6202108072003160008512035:
6202108072003170004928604:
6202108072003200004977423:
6202108072003230008495365:
6202108072003290004987436:
6202108072003400004933902:
6202108072003440008506766:
6202108072003470001077087:
6202108072003510009226959:
6202108072003590003137754:
6202108072004040009232631:
6202108072004060004951746:
6202108072004100008511510:
6202108072004530007402467:
6202108072005170002854367:
6202108072006020004950247:
6202108072006130004948585:
6202108072006350008698315:
6202108072006490009272184:
6202108072006580008503515:
6202108072008020000431430:
6202108072010170005006025:
6202108072011280007407499:
6202108072011300008716113:
6202108072011320007407499:
6202108072013440008499805:
6202108072015120008493833:
6202108072021550009292077:
6202108072028080006017496:
6202108072032590008695905:
6202108072039510009349952:
6202108072045180009305197:
6202108072100230009232350:
6202108072100460006037015:
6202108072101450009309829:
6202108072102260009230812:
6202108072103230006021991:
6202108072104171513643510:
6202108072105290004966490:
6202108072105320004962099:
6202108072105370004951477:
6202108072106100004996134:
6202108072115580008500401:
6202108072119010007405149:
6202108072123490008508441:
6202108072125420008515578:
6202108072133080005000296:
6202108072138000009231452:
6202108072138050004929865:
6202108072144510009254002:
6202108072150080009247509:
6202108072151570006019315:
6202108072154290004928581:
6202108072157100004975255:
6202108072157550003918790:
6202108072158000008710216:
6202108072158031513637255:
6202108072158080008508757:
6202108072158330008496367:
6202108072158360004921535:
6202108072158530009354625:
6202108072158560006039972:
6202108072158570008712785:
6202108072158590004921535:
6202108072159000009254207:
6202108072159020001122577:
6202108072159030009281193:
6202108072159050004927120:
6202108072159070004969682:
6202108072159080001122577:
6202108072159100008500109:
6202108072159110004931414:
6202108072159130004968716:
6202108072159160004936556:
6202108072159200008509948:
6202108072159230008517056:
6202108072159250004936556:
6202108072159260008509948:
6202108072159280006026834:
6202108072159290004927120:
6202108072159310004928389:
6202108072159320008517056:
6202108072159340009276489:
6202108072159350004934669:
6202108072159370004921905:
6202108072159400004965866:
6202108072159420004934669:
6202108072159450008509407:
6202108072159470002851460:
6202108072159480008508290:
6202108072159500008498971:
6202108072159510007417231:
6202108072159530009233704:
6202108072159540004967806:
6202108072159560008696238:
6202108072159580008494613:
6202108072200000004934669:
6202108072200010006015163:
6202108072200030004934669:
6202108072200040008494613:
6202108072200060008492622:
6202108072200070008497774:
6202108072200090006016276:
6202108072200100004934669:
6202108072200120008515734:
6202108072200140007409900:
6202108072200160008492776:
6202108072200170008518128:
6202108072200190008431645:
6202108072200200008492776:
6202108072200220006030482:
6202108072200240006039506:
6202108072200250004968194:
6202108072200270006028757:
6202108072200280004922560:
6202108072200300004968100:
6202108072200310006039506:
6202108072200350004930793:
6202108072200360009231410:
6202108072200380009339834:
6202108072200400009232653:
6202108072200410007411542:
6202108072200430009231410:
6202108072200450009282114:
6202108072200470008710875:
6202108072200480008686680:
6202108072200500006025807:
6202108072200530007422441:
6202108072200550009339144:
6202108072200560008501833:
6202108072200580006025807:
6202108072200590006040360:
6202108072201010008704914:
6202108072201040008501833:
6202108072201050008704914:
6202108072201070008501833:
6202108072201080008506434:
6202108072201100008507829:
6202108072201110009226817:
6202108072201130006015460:
6202108072201140009348543:
6202108072201160004953650:
6202108072201170009292116:
6202108072201190006033720:
6202108072201200008494290:
6202108072201220004923617:
6202108072201230004046800:
6202108072201250007421269:
6202108072201270008492480:
6202108072201290006024122:
6202108072201310004934156:
6202108072201320009226812:
6202108072201340008513733:
6202108072201350009298019:
6202108072201460009298223:
6202108072201470008497935:
6202108072201490009226816:
6202108072201500009298019:
6202108072201520006017488:
6202108072201540009288870:
6202108072201561513409863:
6202108072201570008504091:
6202108072201590009301802:
6202108072202010009241075:
6202108072202040008715034:
6202108072202050008501482:
6202108072202070006032030:
6202108072202090008513365:
6202108072202100009240533:
6202108072202120007412611:
6202108072202150003892332:
6202108072202180008508521:
6202108072202190001087528:
6202108072202220006037924:
6202108072202240008493676:
6202108072202270006039510:
6202108072202290006039337:
6202108072203100004967900:
6202108072203370008494964:
6202108072204160004933960:
6202108072204250006014349:
8202108070734240004974322:
8202108070738090000424545:
8202108070739250001087543:
8202108070740410007396382:
8202108070745390007404978:
8202108070745460007407499:
8202108070746160005001511:
8202108070747370008493092:
8202108070748190009273291:
8202108070748240003137945:
8202108070748340006037029:
8202108070748380006027612:
8202108070749060008504234:
8202108070749580004952880:
8202108070750280009234249:
8202108070750460015629857:
8202108070750500004989551:
8202108070751260006013128:
8202108070751330004935623:
8202108070751400009348776:
8202108070752040008511681:
8202108070752091513631613:
8202108070752470004967900:
8202108070752540004924511:
8202108070753050006028799:
8202108070754000008499706:
8202108070754070009324606:
8202108070754130009346685:
8202108070754580009342984:
8202108070755010008496149:
8202108070755040008710875:
8202108070755170008500626:
8202108070755250009296645:
8202108070755340009252994:
8202108070755490000424007:
8202108070755510009311280:
8202108070755550006036336:
8202108070756160009327620:
8202108070756200008493340:
8202108070756410003126360:
8202108070757300008499867:
8202108070757360009340816:
8202108070757430009342978:
8202108070757510009226797:
8202108070757580009336959:
8202108070758020008493895:
8202108070758030008679170:
8202108070758050008500083:
8202108070758380008719239:
8202108070759030009342035:
8202108070759170009272187:
8202108070759400009231425:
8202108070759510008686117:
8202108070800020009250787:
8202108070801280000431385:
8202108070801300004926919:
8202108070801310004988966:
8202108070801330009226385:
8202108070801430004922422:
8202108070801470009231455:
8202108070801530004947698:
8202108070802420009226433:
8202108070807380008500142:
8202108070808310009346364:
8202108070809080006036504:
8202108070809110006028960:
8202108070934510001089614:
8202108071701050004924923:
8202108071900190009252994:
8202108071900210008499867:
8202108071900230009342035:
8202108071900270008493217:
8202108071900290009296645:
8202108071900370007407459:
8202108071900420009339817:
8202108071900440009342978:
8202108071900480008695667:
8202108071900550009272020:
8202108071901010009311280:
8202108071901030009253995:
8202108071901070009273291:
8202108071901090000431385:
8202108071901110004935623:
8202108071901120009342982:
8202108071901130009273291:
8202108071901150009342981:
8202108071901170003137945:
8202108071901190009346364:
8202108071901220015629857:
8202108071901240009234457:
8202108071901260004969304:
8202108071901280008680442:
8202108071901320009281928:
8202108071901340009342997:
8202108071901390009252962:
8202108071901410009327564:
8202108071901460008515910:
8202108071901490009305260:
8202108071901520008498021:
8202108071901540008681212:
8202108071901550000424545:
8202108071901570008494427:
8202108071902060009321481:
8202108071902090004936688:
8202108071902120004936293:
8202108071902140009287195:
8202108071902160009343593:
8202108071902250009339821:
8202108071902290006041875:
8202108071902300009339821:
8202108071902320004045200:
8202108071902340006041875:
8202108071902400004926919:
8202108071902410009341511:
8202108071902440008512783:
8202108071902450009226797:
8202108071902470008500493:
8202108071902490004948289:
8202108071902530006020192:
8202108071902550009298435:
8202108071902570004929641:
8202108071902590009348776:
8202108071903010008511222:
8202108071903050006014941:
8202108071903290009252970:
8202108071903570009234240:
8202108071907010009272187:
8202108071909360009324606:
8202108071915300009349972:
8202108071915350009309524:
8202108071942290009254000:
8202108071942320009274874:
8202108072000200009343592:
8202108072000250009247701:
8202108072000280008493340:
8202108072001090009336959:
8202108072001110008503339:
8202108072001220004974322:
8202108072001240008503339:
8202108072001260009225500:
8202108072001280008690224:
8202108072001300008500626:
8202108072001330005001511:
8202108072001350004929198:
8202108072001390009283931:
8202108072001430009231425:
8202108072001520004952880:
8202108072001560004989551:
8202108072001580009346181:
8202108072002000009342984:
8202108072002020008506212:
8202108072002030009342984:
8202108072002050009346685:
8202108072002060009342984:
8202108072002160004959868:
8202108072002250000424007:
8202108072002290004959868:
8202108072002350008685403:
8202108072002370008501953:
8202108072002420004924511:
8202108072002530004929419:
8202108072002590004962411:
8202108072003270008517323:
8202108072003290009277510:
8202108072003330007402467:
8202108072003340004962411:
8202108072003560004975565:
8202108072006420002854367:
8202108072008430004947698:
8202108072008460006042240:
8202108072010330009286387:
8202108072011090009337903:
8202108072011560009250787:
8202108072036470009343432:
8202108072036500009226399:
8202108072135070004948259:
8202108072159480008500567:
8202108072159520008686117:
8202108072200020008504736:
8202108072200050009234249:
8202108072200160008495556:
8202108072200200004993812:
8202108072200220006020220:
8202108072200240004988966:
8202108072200260008514966:
8202108072200280007395601:
8202108072200300003117204:
8202108072200310008501835:
8202108072200340001088074:
8202108072200350006016091:
8202108072200380004989259:
8202108072200420001083930:
8202108072200440004169060:
8202108072200480007404978:
8202108072200500006013128:
8202108072200520009295454:
8202108072200540009324572:
8202108072200550008496149:
8202108072200570007396382:
8202108072200580006039974:
8202108072201000009327620:
8202108072201020008495426:
8202108072201030009226433:
8202108072201050009290271:
8202108072201060008719239:
8202108072201080008499706:
8202108072201090009354391:
8202108072201110008493895:
8202108072201130003126360:
8202108072201150006027345:
8202108072201170006036336:
8202108072201181513631613:
8202108072201200008511681:
8202108072201220006036504:
8202108072201240008500083:
8202108072201250006028960:
8202108072201280008677903:
8202108072201290008679170:
8202108072201310008504234:
8202108072201330001087543:
8202108072201350006036997:
8202108072201370009254169:
8202108072201390006015165:
8202108072201490009232613:
8202108072201540009354581:
8202108072201570008499047:
8202108072202250009226821:
8202108072202280008509836:
8202108072202510004922422:
8202108072202530004927962:
8202108072203130008500142:
8202108072203150009231455:
