2202108210727480006039998:
2202108210729340009307295:
2202108210735060007402194:
2202108210735100009254926:
2202108210735580006026835:
2202108210736490006039969:
2202108210737520009343364:
2202108210739250004933649:
2202108210740310007402523:
2202108210740560008677773:
2202108210742170004974633:
2202108210742230008497276:
2202108210742260004975255:
2202108210742290008515447:
2202108210742360004936954:
2202108210743330004986846:
2202108210745170007421743:
2202108210745280009281193:
2202108210745310004972764:
2202108210745340004950247:
2202108210745380004924346:
2202108210745580008681883:
2202108210746070004989073:
2202108210746490006021875:
2202108210747020003915458:
2202108210747060007398914:
2202108210747100008495037:
2202108210747130008497657:
2202108210747170005006768:
2202108210747331513646659:
2202108210748110008698044:
2202108210748310008494564:
2202108210749010004950845:
2202108210749080004970618:
2202108210749110008424093:
2202108210749130009296798:
2202108210749180004928366:
2202108210749360004966802:
2202108210749520009297569:
2202108210750000009246193:
2202108210750040006030135:
2202108210750120004947963:
2202108210750530006041088:
2202108210750550009236810:
2202108210751030009326618:
2202108210751060004970306:
2202108210751080009236810:
2202108210751100009283296:
2202108210751120004922831:
2202108210751160004921669:
2202108210751200008680789:
2202108210751220004960782:
2202108210751240004972767:
2202108210752070004968394:
2202108210752340008439606:
2202108210752390004922287:
2202108210752470009287011:
2202108210752500009324107:
2202108210752540007402500:
2202108210752590009232613:
2202108210753181513643510:
2202108210753230004954665:
2202108210753260009234089:
2202108210753300006751664:
2202108210753400006031526:
2202108210753450004969090:
2202108210753470009253997:
2202108210753490004969090:
2202108210753520007407739:
2202108210753550009300596:
2202108210753570008503824:
2202108210753590001079879:
2202108210754010008510716:
2202108210754040008678354:
2202108210754060004987436:
2202108210754080006033001:
2202108210754100004975875:
2202108210754130009349952:
2202108210754160009311703:
2202108210754240006030145:
2202108210754310008680442:
2202108210754331513628688:
2202108210754370008503915:
2202108210754410008694944:
2202108210754440006036993:
2202108210754460008505663:
2202108210754510006016275:
2202108210754530008706494:
2202108210754550008503198:
2202108210754570009290365:
2202108210754590006014349:
2202108210755020004939835:
2202108210755040008704200:
2202108210755080009281928:
2202108210755110007415195:
2202108210755160008495972:
2202108210755180004924260:
2202108210755210006030142:
2202108210755230009276908:
2202108210755250009231410:
2202108210755260007402482:
2202108210755280008698795:
2202108210755290009254002:
2202108210755310008506766:
2202108210755330008492705:
2202108210755360009293911:
2202108210755380009339828:
2202108210755400009354625:
2202108210755420009286624:
2202108210755440009297664:
2202108210755530004967806:
2202108210755560009348542:
2202108210756010009281753:
2202108210756040008701083:
2202108210756070004948585:
2202108210756090009252984:
2202108210756130008512059:
2202108210756190004958379:
2202108210756220000431412:
2202108210756280009321334:
2202108210756300004991554:
2202108210756320009276489:
2202108210756340008429638:
2202108210756360004966178:
2202108210756400009277203:
2202108210756420009340824:
2202108210756440009346038:
2202108210756460008696388:
2202108210756470004969598:
2202108210756490004924676:
2202108210756510004947107:
2202108210756530008498971:
2202108210756550009298207:
2202108210756580009254207:
2202108210757000004968004:
2202108210757020007421690:
2202108210757040009233710:
2202108210757050009354001:
2202108210757070004957428:
2202108210757080007401166:
2202108210757100004984899:
2202108210757110004996923:
2202108210757130009337903:
2202108210757150009226826:
2202108210757170004996923:
2202108210757180008709369:
2202108210757200009300590:
2202108210757210004969653:
2202108210757230009285701:
2202108210757240007421212:
2202108210757260002851478:
2202108210757270009340483:
2202108210757330004995861:
2202108210757350004946782:
2202108210757420009342035:
2202108210757440004951477:
2202108210757460008506212:
2202108210757480003918790:
2202108210757500009289101:
2202108210757510009232631:
2202108210757530004969384:
2202108210757550009294273:
2202108210757570008708560:
2202108210757590006039497:
2202108210758150008502693:
2202108210758180004996481:
2202108210758200006021994:
2202108210758230008495616:
2202108210758250009342183:
2202108210758270009243147:
2202108210758290009330833:
2202108210758330006021991:
2202108210758350004937625:
2202108210758370009290271:
2202108210758390009232378:
2202108210758410008500312:
2202108210758430008690794:
2202108210758450009232350:
2202108210758470009283164:
2202108210758480004967002:
2202108210758510008688253:
2202108210758530008701527:
2202108210758560009314286:
2202108210758570008709061:
2202108210759010004921466:
2202108210759030007419049:
2202108210759050004921380:
2202108210759100002851460:
2202108210759120004921466:
2202108210759130009279481:
2202108210759150006019430:
2202108210759180004921380:
2202108210759200009301551:
2202108210759230006017488:
2202108210759250009275335:
2202108210759270002851465:
2202108210759290004923617:
2202108210759310009339144:
2202108210759320009313676:
2202108210759340004966490:
2202108210759360008686663:
2202108210759380008508587:
2202108210759400008494333:
2202108210759420009254183:
2202108210759440004928175:
2202108210759450006022439:
2202108210759470006026834:
2202108210759490006024859:
2202108210759510009232653:
2202108210759530004931010:
2202108210759540006027540:
2202108210759560004960160:
2202108210800000004931193:
2202108210800010009246199:
2202108210800080009339524:
2202108210800130004930974:
2202108210800160008497935:
2202108210800180009230815:
2202108210800220004975565:
2202108210800240004968502:
2202108210800250009346020:
2202108210800270008500567:
2202108210800290009346063:
2202108210800310004967312:
2202108210800330004976805:
2202108210800350008515734:
2202108210800410006019428:
2202108210800520008512859:
2202108210800560009322682:
2202108210800570004951746:
2202108210800590009321319:
2202108210801030004989259:
2202108210801060008702320:
2202108210801100006029990:
2202108210801210009339834:
2202108210801290009326612:
2202108210801310008696238:
2202108210801320003137754:
2202108210801350009278862:
2202108210801370001083110:
2202108210801470009307388:
2202108210802050009313530:
2202108210802120009274443:
2202108210802160006028451:
2202108210802200006039337:
2202108210802280004973700:
2202108210802320009279728:
2202108210802470007421210:
2202108210802580004940114:
2202108210803000004948851:
2202108210803020004953953:
2202108210803060009309829:
2202108210803080009343567:
2202108210803100006022003:
2202108210803120008493833:
2202108210803130009336990:
2202108210803210007402196:
2202108210803250004927750:
2202108210803410009324604:
2202108210803480009226412:
2202108210803590009290264:
2202108210804270008494964:
2202108210804450008426247:
2202108210805100008426248:
2202108210805130008498988:
2202108210805160006042277:
2202108210805180006022855:
2202108210805320004954955:
2202108210805340009226392:
2202108210805360004954955:
2202108210806220008710957:
2202108210806240006031525:
2202108210806270009298223:
2202108210806570006036505:
2202108210806590008515578:
2202108210808330006019315:
2202108210809050004967606:
2202108210809130008502364:
2202108210810030009303525:
2202108210810180009339824:
2202108210813450008677300:
2202108210814010004985430:
2202108210814080008493028:
2202108210815270006009777:
2202108210815590009254000:
2202108210816250004931897:
2202108210817430004937356:
2202108210818240009310727:
2202108210908460009290471:
2202108210908490009290471:
2202108211700001513628688:
2202108211748520009298073:
2202108211748560009310727:
2202108211759240004948851:
2202108211808270004954665:
2202108211853430004947963:
2202108211854210008424093:
2202108211854310004953953:
2202108211854560008493028:
2202108211900000008704200:
2202108211904020004948585:
2202108211906540004960160:
2202108211910050009281928:
2202108211910100004985430:
2202108211947211513646659:
2202108211947260009311703:
2202108211955330009313530:
2202108211959570009321319:
2202108212000020002851478:
2202108212000070004972767:
2202108212000180004922287:
2202108212000240004944745:
2202108212000260004921669:
2202108212000340009246193:
2202108212000360009283296:
2202108212000430008681883:
2202108212000460004924346:
2202108212000500000431412:
2202108212000530008429638:
2202108212000550000431412:
2202108212001020009287011:
2202108212001040008709369:
2202108212001070008501942:
2202108212001110006033001:
2202108212001120008678354:
2202108212001150008701527:
2202108212001180004970306:
2202108212001190009307295:
2202108212001220006019430:
2202108212001260004991554:
2202108212001270007415195:
2202108212001330006019428:
2202108212001360004936954:
2202108212001390009314286:
2202108212001470009346038:
2202108212001500009297664:
2202108212001510006030135:
2202108212001530009276908:
2202108212001550004968394:
2202108212001580007402482:
2202108212002010009326618:
2202108212002140006021875:
2202108212002170009281753:
2202108212002330008686663:
2202108212002460009236810:
2202108212002510008497276:
2202108212002560009297569:
2202108212003030006029990:
2202108212003090008426248:
2202108212003230008698044:
2202108212003350009275335:
2202108212003380004922831:
2202108212003400009307388:
2202108212004080008497657:
2202108212004170004921380:
2202108212004350009301551:
2202108212004370004921380:
2202108212004390002851460:
2202108212004430009339828:
2202108212005000009289101:
2202108212005070004946782:
2202108212005110006022439:
2202108212005170009293911:
2202108212005210008492705:
2202108212005250004970618:
2202108212005531513643510:
2202108212006130004937356:
2202108212006430003915458:
2202108212009320003916932:
2202108212013110004966802:
2202108212014170008716113:
2202108212014220004985960:
2202108212014300004967312:
2202108212015290009226392:
2202108212156380003918790:
2202108212158010008690794:
2202108212159320001083110:
2202108212159330006030145:
2202108212159350006016275:
2202108212159370008500312:
2202108212159380006016275:
2202108212159400008694944:
2202108212159420006016275:
2202108212159450004961787:
2202108212159470006751664:
2202108212159490004931193:
2202108212159500006026834:
2202108212159520009324107:
2202108212159540008503915:
2202108212159580009326645:
2202108212200000006037287:
2202108212200020008707832:
2202108212200040009232187:
2202108212200050004937625:
2202108212200070008494656:
2202108212200120009231410:
2202108212200140008494656:
2202108212200160009226826:
2202108212200180004968004:
2202108212200200008499208:
2202108212200220004967416:
2202108212200240009231410:
2202108212200250006029988:
2202108212200260009226826:
2202108212200280007407739:
2202108212200300004968004:
2202108212200320008697836:
2202108212200330004975875:
2202108212200340007411321:
2202108212200360004967914:
2202108212200370009234236:
2202108212200390008717926:
2202108212200400006029988:
2202108212200420004995116:
2202108212200430004946517:
2202108212200450008494564:
2202108212200460004932362:
2202108212200480004927329:
2202108212200490004928366:
2202108212200510009296798:
2202108212200520006039130:
2202108212200540004993674:
2202108212200571513637915:
2202108212200590008508290:
2202108212201000004932362:
2202108212201020008513950:
2202108212201030004926757:
2202108212201060008676811:
2202108212201080008513950:
2202108212201100004986057:
2202108212201110007402523:
2202108212201130009254229:
2202108212201140008676811:
2202108212201160003126145:
2202108212201190008495037:
2202108212201200004986057:
2202108212201220004995654:
2202108212201230004973075:
2202108212201250007398914:
2202108212201270009254229:
2202108212201290009230781:
2202108212201300007402523:
2202108212201320008676811:
2202108212201340009296798:
2202108212201360007401654:
2202108212201380004989365:
2202108212201400008698279:
2202108212201410009351823:
2202108212201420004976805:
2202108212201440009340824:
2202108212201450004986846:
2202108212201470008510716:
2202108212201500008515734:
2202108212201510004976805:
2202108212201530008431645:
2202108212201540006022852:
2202108212201560004935186:
2202108212201580006030142:
2202108212202000009346362:
2202108212202010004921536:
2202108212202050009330833:
2202108212202060004921536:
2202108212202080004973700:
2202108212202100004923159:
2202108212202140007402500:
2202108212202160009253991:
2202108212202180009282809:
2202108212202190008493286:
2202108212202210009282809:
2202108212202220009279709:
2202108212202240004923159:
2202108212202250009253997:
2202108212202270008680789:
2202108212202290007402500:
2202108212202300009279709:
2202108212202320004967806:
2202108212202340009282809:
2202108212202370003920040:
2202108212202380009310954:
2202108212202400004974855:
2202108212202430008517932:
2202108212202450004960782:
2202108212202460004924019:
2202108212202520009282809:
2202108212202560004930090:
2202108212202580004953485:
2202108212202590007413810:
2202108212203010004969384:
2202108212203030008491998:
2202108212203040004960471:
2202108212203070004967512:
2202108212203090004989948:
2202108212203100004924019:
2202108212203140008491998:
2202108212203150009339524:
2202108212203170007421743:
2202108212203190008491998:
2202108212203200009233710:
2202108212203220004972764:
2202108212203240004924019:
2202108212203260009226440:
2202108212203270000431430:
2202108212203300009342183:
2202108212203310009226412:
2202108212203330008491998:
2202108212203350009342183:
2202108212203360008495616:
2202108212203380002851479:
2202108212203400008690941:
2202108212203420004950845:
2202108212203430006036993:
2202108212203450004989073:
2202108212203460009248283:
2202108212203480009298207:
2202108212203490009252946:
2202108212203510004930974:
2202108212203520004972420:
2202108212203540006025445:
2202108212203550004937490:
2202108212203570009321334:
2202108212203580004949177:
2202108212204000009294273:
2202108212204020009305457:
2202108212204040004961093:
2202108212204060004947107:
2202108212204080004921466:
2202108212204090008515447:
2202108212204110008709061:
2202108212204120004921466:
2202108212204150004934727:
2202108212204170008701083:
2202108212204190008709061:
2202108212204210008508757:
2202108212204230008710957:
2202108212204280008506074:
2202108212204310008501795:
2202108212204330009288958:
2202108212204370004937357:
2202108212204380005000508:
2202108212204420008513365:
2202108212204430008706494:
2202108212204460009326612:
2202108212204480009252984:
2202108212206260009230749:
2202108212208210006016090:
2202108212208590008500567:
2202108212220490009300596:
2202108212220540008512059:
2202108212222140008503824:
2202108212357340009277203:
2202108212358000008714702:
2202108212358020003137967:
3202108210725230008501288:
3202108210735080001099428:
3202108210739360009226391:
3202108210739520008494010:
3202108210740120009226816:
3202108210742240008692290:
3202108210742490004969994:
3202108210743220004928640:
3202108210743261513637255:
3202108210743300009247521:
3202108210743500004959868:
3202108210744290008712381:
3202108210744420004975787:
3202108210744440004937222:
3202108210744460006028957:
3202108210744490008680900:
3202108210744520004974544:
3202108210744540005004742:
3202108210744580008501953:
3202108210746040009343593:
3202108210746100006019317:
3202108210746130006039016:
3202108210746150008513325:
3202108210746190008711197:
3202108210746340004957621:
3202108210746400004972456:
3202108210746430004935446:
3202108210747090009354344:
3202108210747180004965866:
3202108210747240007404978:
3202108210747280004969304:
3202108210747390006028953:
3202108210747430005001068:
3202108210747550009323446:
3202108210748100008715839:
3202108210748130009323446:
3202108210748160000424545:
3202108210748190008504091:
3202108210748220008681103:
3202108210748320009234248:
3202108210748340002851485:
3202108210748360006025823:
3202108210748380009305547:
3202108210748420008494290:
3202108210748490007402205:
3202108210748570009339930:
3202108210749000009339792:
3202108210749020009278607:
3202108210749050009252970:
3202108210749080004155886:
3202108210749210002851443:
3202108210749240008692117:
3202108210749390006027612:
3202108210750080009236868:
3202108210750100005001262:
3202108210750130004932608:
3202108210750140008518736:
3202108210750170008497634:
3202108210750180004929419:
3202108210750200009234458:
3202108210750220006023662:
3202108210750240004926757:
3202108210750540004987237:
3202108210751010004936149:
3202108210751050009255827:
3202108210751150004989657:
3202108210751190005011308:
3202108210751210004999443:
3202108210751230009343149:
3202108210751250008512375:
3202108210751310009306129:
3202108210751320006039541:
3202108210751350004942841:
3202108210751400008689944:
3202108210751450004993812:
3202108210751470006041717:
3202108210751500003137991:
3202108210751520004998663:
3202108210752010008685403:
3202108210752030008508441:
3202108210752060009304051:
3202108210752090009302534:
3202108210752220006023085:
3202108210752250008503303:
3202108210752260009325535:
3202108210752280009324637:
3202108210752300009306586:
3202108210752340009344566:
3202108210752350009281874:
3202108210752370004932638:
3202108210752400009342954:
3202108210752420004928152:
3202108210752440008492776:
3202108210752480009336959:
3202108210752520009252962:
3202108210752570009340813:
3202108210753010009324606:
3202108210753030004998924:
3202108210753060009300618:
3202108210753080008677903:
3202108210753190006036318:
3202108210753210004970930:
3202108210753230008711445:
3202108210753280009326650:
3202108210753300004957759:
3202108210753330009339818:
3202108210753350008708048:
3202108210753370008713719:
3202108210753390009339818:
3202108210753430008708048:
3202108210753450008680280:
3202108210753490009346367:
3202108210753520009322602:
3202108210753540009284157:
3202108210753570009295891:
3202108210753590003137967:
3202108210754010004961532:
3202108210754030008502984:
3202108210754040004961532:
3202108210754060009335560:
3202108210754080006030480:
3202108210754110004946812:
3202108210754120008714702:
3202108210754140008711249:
3202108210754170009254169:
3202108210754180008506434:
3202108210754200007411542:
3202108210754220004973922:
3202108210754240009326626:
3202108210754260008492410:
3202108210754280006025403:
3202108210754300008697764:
3202108210754320008518703:
3202108210754340009326609:
3202108210754370009274203:
3202108210754381513653096:
3202108210754400004926955:
3202108210754430008445992:
3202108210754450009324879:
3202108210754460009291036:
3202108210754490008429633:
3202108210754520004948881:
3202108210754540008679943:
3202108210754570005004322:
3202108210755010004921905:
3202108210755100002851487:
3202108210755130004045200:
3202108210755170009324068:
3202108210755190004927539:
3202108210755220008691341:
3202108210755240008499471:
3202108210755260009335539:
3202108210755310009233695:
3202108210755330009324629:
3202108210755360008503339:
3202108210755390004934470:
3202108210755430004975477:
3202108210755450006014941:
3202108210755471513653821:
3202108210755520009241075:
3202108210755540001077421:
3202108210755570006018008:
3202108210756010008714113:
3202108210756060008499556:
3202108210756100006016090:
3202108210756120008692032:
3202108210756150008699992:
3202108210756170000439530:
3202108210756200004970901:
3202108210756260009272020:
3202108210756290000424167:
3202108210756360003126147:
3202108210756390009230812:
3202108210756410009354581:
3202108210756430008709488:
3202108210756440008678678:
3202108210756470008693920:
3202108210756480004930793:
3202108210756500008687514:
3202108210756540008683912:
3202108210756550000424007:
3202108210756580009351964:
3202108210757000008717268:
3202108210757020008514795:
3202108210757040008507829:
3202108210757050009351830:
3202108210757070009342962:
3202108210757090004164864:
3202108210757110009346173:
3202108210757130008506766:
3202108210757150009343174:
3202108210757160004953650:
3202108210757190009253846:
3202108210757220004986942:
3202108210757240009286387:
3202108210757250009327615:
3202108210757270008677829:
3202108210757320004948289:
3202108210757320008498188:
3202108210757340004957118:
3202108210757340004967710:
3202108210757350009340470:
3202108210757370009321321:
3202108210757390009337006:
3202108210757410008707911:
3202108210757420009352016:
3202108210757440008517323:
3202108210757460009233697:
3202108210757490009234108:
3202108210757510007422489:
3202108210757540008702698:
3202108210757560008495468:
3202108210757580009226952:
3202108210758000008495468:
3202108210758020006039506:
3202108210758060004956808:
3202108210758080004936422:
3202108210758110009339802:
3202108210758120006020195:
3202108210758150004957118:
3202108210758190008492065:
3202108210758210009354349:
3202108210758270009254212:
3202108210758320009337903:
3202108210758340008698121:
3202108210758370008494201:
3202108210758390004936029:
3202108210758410008516420:
3202108210758430008503515:
3202108210758460008498021:
3202108210758480009342940:
3202108210758500009354391:
3202108210758520009354582:
3202108210758550008711892:
3202108210758560009322590:
3202108210758590004966378:
3202108210759000008690203:
3202108210759030009339195:
3202108210759060008493217:
3202108210759080004973078:
3202108210759100008708560:
3202108210759120009308083:
3202108210759140009230749:
3202108210759170009286996:
3202108210759190009348603:
3202108210759260008502189:
3202108210759560004929235:
3202108210800020009293228:
3202108210800190006032999:
3202108210800230004927786:
3202108210800460003132773:
3202108210801410004999262:
3202108210801510008506597:
3202108210802020004996406:
3202108210802060004927156:
3202108210802590008503489:
3202108210809310008701103:
3202108210812360008494092:
3202108210812410004947698:
3202108210815290009275624:
3202108211812240009252962:
3202108211900360008500888:
3202108211901020004967710:
3202108211901190009326609:
3202108211901560008711892:
3202108211901580008692117:
3202108211902170008699992:
3202108211902180009327615:
3202108211902290009324068:
3202108211902310000439530:
3202108211902440004928798:
3202108211903091513637255:
3202108211903190009324879:
3202108211903330008514795:
3202108211904170004969598:
3202108211904260006023662:
3202108211904400009342940:
3202108211905030008506597:
3202108211905090009354825:
3202108211907030009274203:
3202108211907090008698121:
3202108211919570008503489:
3202108211958030006024859:
3202108211958050008503515:
3202108212000290004935446:
3202108212000570004999262:
3202108212001000009354349:
3202108212001050009336959:
3202108212001130004155886:
3202108212001150009336959:
3202108212001170009339144:
3202108212001190004155886:
3202108212001210007422489:
3202108212001230009325498:
3202108212001250004953650:
3202108212001280004164864:
3202108212001300004953650:
3202108212001340006015460:
3202108212001480009274874:
3202108212001530009254000:
3202108212001550004956808:
3202108212001590002851487:
3202108212002290009342954:
3202108212002300004931925:
3202108212003200008493217:
3202108212003430008499047:
3202108212007380009343593:
3202108212008110009339802:
3202108212008470004924676:
3202108212008550004989657:
3202108212012100009343149:
3202108212015090008711249:
3202108212022160004970901:
3202108212022330004974633:
3202108212030460008676957:
3202108212100190005011308:
3202108212100240009290264:
3202108212101570008506766:
3202108212105520009293228:
3202108212110300008677829:
3202108212110500008692290:
3202108212133110008508441:
3202108212159010008518736:
3202108212159270004970930:
3202108212159300004932608:
3202108212159320004989551:
3202108212159330005001262:
3202108212159360004936029:
3202108212159380008679943:
3202108212159410008503339:
3202108212159440009252970:
3202108212159490009246199:
3202108212200010008494201:
3202108212200030006039974:
3202108212200060008687514:
3202108212200090004998924:
3202108212200110004923617:
3202108212200130009234458:
3202108212200140008710875:
3202108212200180004927539:
3202108212200220008507829:
3202108212200240002851443:
3202108212200270008429633:
3202108212200290009343174:
3202108212200310009346367:
3202108212200330009236868:
3202108212200460004969994:
3202108212200530009295891:
3202108212201070008685403:
3202108212201110005004322:
3202108212201180008501288:
3202108212201200009346685:
3202108212201210009348603:
3202108212201270004985169:
3202108212201350008498021:
3202108212201370004975787:
3202108212201460006042240:
3202108212201470009300618:
3202108212201510005006025:
3202108212201550009339818:
3202108212202110008709488:
3202108212202140004946812:
3202108212202200009322602:
3202108212202240004940881:
3202108212202300008518703:
3202108212202370009308083:
3202108212202390009348748:
3202108212202420009339211:
3202108212202480009323446:
3202108212202520009351964:
3202108212202550009342962:
3202108212202580009306586:
3202108212203020008445992:
3202108212203190008516420:
3202108212203220006023085:
3202108212203240008503303:
3202108212203270004936422:
3202108212203290008680900:
3202108212203460004928152:
3202108212203480008713928:
3202108212203560006039998:
3202108212203590001077421:
3202108212204000008691341:
3202108212204080009335560:
3202108212204100008502984:
3202108212204110009281874:
3202108212204160006028953:
3202108212204200007402205:
3202108212204310009232350:
3202108212204390008681103:
3202108212204490008717268:
3202108212204510008681103:
3202108212204540008717268:
3202108212204560009339930:
3202108212205000006030484:
3202108212205030008684967:
3202108212205060006028450:
3202108212205070009305547:
3202108212205091513653821:
3202108212205100008714113:
3202108212205120008698795:
3202108212205140008517323:
3202108212205160009230749:
3202108212205180006018008:
3202108212205200009283931:
3202108212205210006025823:
3202108212205230004923699:
3202108212205250009243147:
3202108212205260008704360:
3202108212205280009352016:
3202108212205290006032999:
3202108212205310004996481:
3202108212205380004942841:
3202108212205400008502189:
3202108212205420009354582:
3202108212205450003137991:
3202108212206060006031524:
3202108212206080009274443:
3202108212206110006030480:
3202108212206130008494010:
3202108212206150008711197:
3202108212206210000424167:
3202108212206250009326438:
3202108212206520006016090:
3202108212207020009233697:
3202108212207040003126147:
3202108212207100008697764:
3202108212207140008688253:
3202108212207460009354344:
3202108212208130009322590:
3202108212208150004936149:
3202108212208160009342981:
3202108212208180004967606:
3202108212208210008715839:
3202108212208270005001068:
3202108212209580005004742:
3202108212211140009230815:
3202108212211540004975255:
3202108212215200006035802:
3202108212216220008494427:
3202108212219210009325511:
3202108212219390009324637:
3202108212233220004926955:
3202108212242300009300590:
3202108212249060009348542:
3202108212256240009247521:
3202108212301100008512375:
3202108212301130002851485:
3202108212301150008708560:
3202108212301230009336990:
3202108212301400009343567:
3202108212302070009309829:
3202108212302090008494290:
3202108212303070004973389:
3202108212305340008513325:
3202108212319200004957621:
3202108212356250007421210:
3202108212357100009340801:
4202108210732180009231425:
4202108210735230009272601:
4202108210741500006015165:
4202108210745210008494141:
4202108210745420007402498:
4202108210745500008499509:
4202108210745530004974322:
4202108210746280000431430:
4202108210746320009234249:
4202108210746490009285513:
4202108210746510004978162:
4202108210746530008493092:
4202108210747230009346340:
4202108210747280004933960:
4202108210747471513653075:
4202108210748150008690224:
4202108210748390008445656:
4202108210748430001077425:
4202108210748450005001511:
4202108210749200008717694:
4202108210750200008499047:
4202108210750230004991542:
4202108210750250004967114:
4202108210750270004958669:
4202108210750300004936688:
4202108210750320004936293:
4202108210751050008719239:
4202108210751290008503089:
4202108210751350004928211:
4202108210751410006028799:
4202108210751500009341511:
4202108210751530007398203:
4202108210752010009339254:
4202108210752060008504234:
4202108210752090009351814:
4202108210752150008496149:
4202108210752220008679170:
4202108210752240008500083:
4202108210752440008695597:
4202108210752460008493340:
4202108210752510009283931:
4202108210753010006027345:
4202108210753030009331044:
4202108210753060009236820:
4202108210753280007395601:
4202108210753310008710875:
4202108210753330009338161:
4202108210753370005008693:
4202108210753410009326600:
4202108210753440009324118:
4202108210753460009253995:
4202108210753480004926919:
4202108210753530009339225:
4202108210754020009252994:
4202108210754050004985960:
4202108210754080008716113:
4202108210754100003126360:
4202108210754120008499706:
4202108210754230009348776:
4202108210754260008495426:
4202108210754390009274874:
4202108210754410003916932:
4202108210754490004952880:
4202108210754510009342978:
4202108210754530008493895:
4202108210754550006035802:
4202108210754560008494427:
4202108210754580004928425:
4202108210755050008499867:
4202108210755070009327620:
4202108210755100009324605:
4202108210755130004928798:
4202108210755150009283323:
4202108210755190008684967:
4202108210755220004962411:
4202108210755330004929198:
4202108210755350009325498:
4202108210755380009280051:
4202108210755400009326658:
4202108210755420004922422:
4202108210755460006022158:
4202108210755480004957311:
4202108210755500008512783:
4202108210755520004924923:
4202108210755560005006025:
4202108210756000009231455:
4202108210756030004179142:
4202108210756070008501835:
4202108210756080008506912:
4202108210756100007421735:
4202108210756120004163548:
4202108210756140009342984:
4202108210756170004179293:
4202108210756190009311280:
4202108210756210009342143:
4202108210756220004923699:
4202108210756240009272187:
4202108210756250009342981:
4202108210756270009232651:
4202108210756290004958690:
4202108210756320007407499:
4202108210756340004974233:
4202108210756390009253739:
4202108210756530009324572:
4202108210756560008495972:
4202108210756580004924511:
4202108210757000009343592:
4202108210757020009234457:
4202108210757050001087543:
4202108210757060001083930:
4202108210757080009287195:
4202108210757150009339821:
4202108210757180006041875:
4202108210757200015629857:
4202108210757230004169060:
4202108210757250008510188:
4202108210757280009327564:
4202108210757310004971518:
4202108210757340004967900:
4202108210757360009226797:
4202108210757440009354827:
4202108210757470006036336:
4202108210757480008509836:
4202108210757500004927962:
4202108210757520004929641:
4202108210757540001088074:
4202108210757550006039129:
4202108210757570007401131:
4202108210757580009330829:
4202108210758000008716625:
4202108210758030008500888:
4202108210758050008716625:
4202108210758070008500888:
4202108210758080004949474:
4202108210758210009333812:
4202108210758230004948259:
4202108210758250009226821:
4202108210758320008686117:
4202108210758340008503979:
4202108210758360009305260:
4202108210758380009250787:
4202108210758390009342997:
4202108210758420004996923:
4202108210758500009346685:
4202108210758520006021988:
4202108210758540008698315:
4202108210758560006036994:
4202108210758580004927939:
4202108210759001513631101:
4202108210759010004989551:
4202108210759050008699709:
4202108210759070009346035:
4202108210759090009324085:
4202108210759130009339817:
4202108210759150008500493:
4202108210759160009321481:
4202108210759180009246202:
4202108210759200009298206:
4202108210759220008695667:
4202108210759230009341742:
4202108210759250009226433:
4202108210759270009342035:
4202108210759290008708992:
4202108210759320008500142:
4202108210759380007407459:
4202108210759400004927727:
4202108210759450004953788:
4202108210800110003116965:
4202108210800130000431385:
4202108210800150006020220:
4202108210800220009226402:
4202108210800250009295454:
4202108210800290009290271:
4202108210801030004988966:
4202108210801130004936413:
4202108210801160009226817:
4202108210801510009343432:
4202108210801530009226399:
4202108210802080006016252:
4202108210803350002854367:
4202108210823030004921785:
4202108211702210006021988:
4202108211711340009346055:
4202108211807450009272187:
4202108211859410009351814:
4202108211859500004928211:
4202108211900010008717694:
4202108211900020009298206:
4202108211900050004978162:
4202108211900070004952880:
4202108211900200009343592:
4202108211900220004936413:
4202108211900260009252994:
4202108211900370007407459:
4202108211900390008504736:
4202108211900430004929198:
4202108211900490004926919:
4202108211900560009296645:
4202108211901210009342035:
4202108211901340000431385:
4202108211901360007421735:
4202108211901370005001511:
4202108211901440009342984:
4202108211901470005001511:
4202108211901520009352010:
4202108211901540008506212:
4202108211901550009342984:
4202108211902050008686117:
4202108211902150006041875:
4202108211902310006020220:
4202108211903150001083930:
4202108211903231513631101:
4202108211903290009311280:
4202108211903310015629857:
4202108211903320004957311:
4202108211903501513653075:
4202108211903550008499706:
4202108211904000004975565:
4202108211906160009272601:
4202108211907520008505663:
4202108211913180004927962:
4202108212000240008515910:
4202108212000270004163548:
4202108212000290008719239:
4202108212000310008500142:
4202108212000390008493092:
4202108212000530001088074:
4202108212000550004927939:
4202108212001060004929419:
4202108212001130009226816:
4202108212001150009340470:
4202108212001340009234249:
4202108212001580008496149:
4202108212002010008502693:
4202108212002030004974544:
4202108212002050009272020:
4202108212002110008504234:
4202108212002470008679170:
4202108212003280006022158:
4202108212003470004924511:
4202108212004290009354391:
4202108212004360009232651:
4202108212004410004965442:
4202108212004470008493895:
4202108212004500009346340:
4202108212004540004169060:
4202108212004580004939835:
4202108212005030008510188:
4202108212008230009231455:
4202108212008270003916932:
4202108212008440009327620:
4202108212012430008716113:
4202108212012460004922422:
4202108212059210007401131:
4202108212103020005008693:
4202108212105190009231425:
4202108212159040006039506:
4202108212159280002854367:
4202108212159340009226402:
4202108212159570009333812:
4202108212159580009283164:
4202108212200000006016091:
4202108212200020006016252:
4202108212200140006041088:
4202108212200230009324572:
4202108212200270006041088:
4202108212200310001087543:
4202108212200330009283323:
4202108212200350008695597:
4202108212200370009324605:
4202108212200390007396382:
4202108212200410008445656:
4202108212200480009324118:
4202108212200540008512783:
4202108212201000007395601:
4202108212201080003116965:
4202108212201100009301802:
4202108212201120008500083:
4202108212201130009288870:
4202108212201150004988966:
4202108212201240004974233:
4202108212201310007407499:
4202108212201330009226821:
4202108212201380009339821:
4202108212201460006041717:
4202108212202060008501953:
4202108212202080003117204:
4202108212202160009290271:
4202108212202180009226433:
4202108212202410006036336:
4202108212202430008499471:
4202108212202470009232613:
4202108212202490008509836:
4202108212202560003892332:
4202108212203070008693920:
4202108212204130000424007:
4202108212204300004974322:
4202108212204550004971518:
4202108212205340004933960:
4202108212207020008500567:
4202108212207460004947993:
4202108212214510008494141:
4202108212301190009234108:
4202108212301220008494964:
4202108212302310008504091:
4202108212302440007402498:
4202108212303200007398203:
4202108212304090004948259:
4202108212359390001099428:
5202108210706050008506632:
5202108210729100004995938:
5202108210730220008698279:
5202108210730390004993674:
5202108210735160004994596:
5202108210740140007414082:
5202108210740280008690529:
5202108210740290006025445:
5202108210740310006032924:
5202108210740470004961093:
5202108210740500009305457:
5202108210741140004924019:
5202108210741190001079288:
5202108210741270007402523:
5202108210744370006028292:
5202108210745520007421743:
5202108210746500004989073:
5202108210746520008704914:
5202108210747160004961787:
5202108210747270009230781:
5202108210747300008517932:
5202108210747410004927306:
5202108210747460004967512:
5202108210747580008497657:
5202108210748080009236809:
5202108210748120008510518:
5202108210748140004950546:
5202108210748200004989948:
5202108210748340008491998:
5202108210748420004985169:
5202108210748470004959001:
5202108210748490008499208:
5202108210748520001108277:
5202108210748560004976717:
5202108210748580009339839:
5202108210749130009339273:
5202108210749390004950845:
5202108210749410004957738:
5202108210749430009234480:
5202108210749450008508290:
5202108210749470004996134:
5202108210749510009282809:
5202108210749550004966066:
5202108210749570007401654:
5202108210750000008496310:
5202108210750020004998138:
5202108210750040008513950:
5202108210750060009292116:
5202108210750070009351308:
5202108210750100009296798:
5202108210750150009346707:
5202108210750230008500184:
5202108210750260004930090:
5202108210750370009346170:
5202108210750430006025812:
5202108210750460009305197:
5202108210750500009304051:
5202108210750550004973075:
5202108210751010007404782:
5202108210751070008502735:
5202108210751110008512216:
5202108210751130006040283:
5202108210751150004951145:
5202108210751170004966802:
5202108210751200009339812:
5202108210751210008694659:
5202108210751220008493676:
5202108210751240004934669:
5202108210751290006039510:
5202108210751310008493286:
5202108210751370007411321:
5202108210751480009226447:
5202108210751570004923159:
5202108210751591513645885:
5202108210752020008492776:
5202108210752040004923605:
5202108210752070008494656:
5202108210752090009276680:
5202108210752110004949177:
5202108210752130004937490:
5202108210752160004986057:
5202108210752250004967914:
5202108210752390006022160:
5202108210752410006025806:
5202108210752420006022852:
5202108210752440004935186:
5202108210752460008503171:
5202108210752480006027609:
5202108210752490008712785:
5202108210752510004933902:
5202108210752520006027609:
5202108210752540008499805:
5202108210752560004968194:
5202108210752570008699606:
5202108210752590004974855:
5202108210753010004932392:
5202108210753050004994074:
5202108210753080004928604:
5202108210753120009226959:
5202108210753170004934727:
5202108210753240004946517:
5202108210753250006039972:
5202108210753300004986647:
5202108210753320008431645:
5202108210753330004997544:
5202108210753360006040360:
5202108210753400004936556:
5202108210753410009225507:
5202108210753430008492622:
5202108210753440008500109:
5202108210753460008690941:
5202108210753480001114611:
5202108210753490006040360:
5202108210753510008692450:
5202108210753520004046800:
5202108210753540006039130:
5202108210753550007402500:
5202108210753570009295615:
5202108210753580004948881:
5202108210754000008717926:
5202108210754020008493750:
5202108210754050006037287:
5202108210754070008687593:
5202108210754080008509901:
5202108210754100006028762:
5202108210754120006037924:
5202108210754140009279709:
5202108210754150006036875:
5202108210754170004968716:
5202108210754180009233704:
5202108210754200004969965:
5202108210754220008501942:
5202108210754230004953485:
5202108210754260009252946:
5202108210754280004969965:
5202108210754300008501833:
5202108210754310004922875:
5202108210754330009232187:
5202108210754340009327416:
5202108210754360008515021:
5202108210754410004927539:
5202108210754430004953485:
5202108210754440008515021:
5202108210754460006015163:
5202108210754470001122577:
5202108210754490004960471:
5202108210754500008516236:
5202108210754530004951177:
5202108210754540004967416:
5202108210754550008510716:
5202108210754570006036876:
5202108210754580008501942:
5202108210755020008500401:
5202108210755050009275492:
5202108210755060008494613:
5202108210755080004962099:
5202108210755100008494613:
5202108210755110006033090:
5202108210755150008706878:
5202108210755180008718216:
5202108210755190007413810:
5202108210755220004961404:
5202108210755230006039494:
5202108210755250004951445:
5202108210755260008503915:
5202108210755280004947668:
5202108210755300008511510:
5202108210755320009287614:
5202108210755340009254229:
5202108210755360009225481:
5202108210755380004987532:
5202108210755390008676811:
5202108210755410004977027:
5202108210755420001087528:
5202108210755440006016275:
5202108210755450004990979:
5202108210755470004922560:
5202108210755490009326645:
5202108210755510009288913:
5202108210755520004958069:
5202108210755540008512035:
5202108210755550006024122:
5202108210755570004961715:
5202108210755580004968886:
5202108210756000003126145:
5202108210756020006016275:
5202108210756040004927120:
5202108210756050004995116:
5202108210756070004953182:
5202108210756090004995116:
5202108210756100009351823:
5202108210756120009321395:
5202108210756140004936557:
5202108210756150009300413:
5202108210756170004957428:
5202108210756190004954090:
5202108210756200004936557:
5202108210756220004979341:
5202108210756230004180013:
5202108210756250009241934:
5202108210756260004997873:
5202108210756280004927998:
5202108210756300009339219:
5202108210756320006030142:
5202108210756330004998401:
5202108210756350009342959:
5202108210756370004923454:
5202108210756390004932362:
5202108210756410007421269:
5202108210756420009348762:
5202108210756440009231410:
5202108210756460009346376:
5202108210756480009341030:
5202108210756490008497463:
5202108210756510008500113:
5202108210756530009354401:
5202108210756550008696894:
5202108210756560008683421:
5202108210756580003892332:
5202108210756590008696894:
5202108210757010009252984:
5202108210757050009341030:
5202108210757080009280491:
5202108210757100004940881:
5202108210757140004949474:
5202108210757160007412611:
5202108210757180009340824:
5202108210757200008506074:
5202108210757220006028757:
5202108210757280006025807:
5202108210757300008501795:
5202108210757310006029988:
5202108210757310009346362:
5202108210757320008497774:
5202108210757330004922029:
5202108210757340004930576:
5202108210757350009347607:
5202108210757370009234236:
5202108210757390004968004:
5202108210757410009233710:
5202108210757430007395627:
5202108210757450004937357:
5202108210757470005000508:
5202108210757490004938938:
5202108210757510004927329:
5202108210757530009226826:
5202108210757540009253842:
5202108210757560004984899:
5202108210757580004929016:
5202108210757590008516772:
5202108210758020009340820:
5202108210758040009348543:
5202108210758050009340820:
5202108210758070009346033:
5202108210758080008508219:
5202108210758110008501942:
5202108210758130008703693:
5202108210758140003920040:
5202108210758160008506797:
5202108210758170004995861:
5202108210758190009282114:
5202108210758200008492480:
5202108210758220009278808:
5202108210758230004922969:
5202108210758261513409863:
5202108210758280009232631:
5202108210758300008510090:
5202108210758320007407459:
5202108210758340004972420:
5202108210758350008502189:
5202108210758370008691017:
5202108210758390008501482:
5202108210758410004937089:
5202108210758420008513365:
5202108210758490008709011:
5202108210758520008682585:
5202108210758530009288958:
5202108210758550008701274:
5202108210758590008697836:
5202108210759110009248283:
5202108210759130009240533:
5202108210759150006018006:
5202108210759230009253742:
5202108210759250004965754:
5202108210759280009226440:
5202108210759460006015460:
5202108210800141513637915:
5202108210800200006026834:
5202108210800290004989365:
5202108210800380008704360:
5202108210800450006028797:
5202108210801020007413042:
5202108210801170004994335:
5202108210801190009310954:
5202108210801270006042240:
5202108210801300004921536:
5202108210801370002851479:
5202108210801520004944745:
5202108210801540004997608:
5202108210802430008697063:
5202108210803090008493366:
5202108210803240006041103:
5202108210803520009297056:
5202108210804050009340801:
5202108210804080004995665:
5202108210804420009286880:
5202108210805400009287006:
5202108210806260007410282:
5202108210806270009226392:
5202108210806290009281814:
5202108210807140009339803:
5202108210807370009225494:
5202108210808320007410385:
5202108210930130009287614:
5202108211804430004998401:
5202108211804440004997608:
5202108211804460004967512:
5202108211804520004997873:
5202108211804550004953485:
5202108211804580008718216:
5202108211804590004994335:
5202108211805030008682585:
5202108211805050004960471:
5202108211805080004961093:
5202108211805100008680789:
5202108211805120009348762:
5202108211847470009286624:
5202108211900210009226959:
5202108211900260009300413:
5202108211901280004967710:
5202108211901330004928175:
5202108211901360008492776:
5202108211902340009342035:
5202108211905270006023662:
5202108211906180008701274:
5202108211908470009290365:
5202108211910430008494333:
5202108211911190006042277:
5202108211919500009275624:
5202108211958550007401166:
5202108211959240009321319:
5202108211959540004944745:
5202108212000110009254212:
5202108212000130008497657:
5202108212000280007404782:
5202108212000350009287011:
5202108212000380004969965:
5202108212000440004922560:
5202108212000470004962099:
5202108212000540008508587:
5202108212000590004997544:
5202108212001020001079879:
5202108212001350009281193:
5202108212001570004958690:
5202108212002020004957428:
5202108212002410004954090:
5202108212002510009340483:
5202108212003050009293911:
5202108212003130004950247:
5202108212003540004977027:
5202108212003560007412611:
5202108212003580004996134:
5202108212004030004965866:
5202108212004050009301551:
5202108212004410004957428:
5202108212004570004927120:
5202108212005010004953182:
5202108212005040004990979:
5202108212005350004968194:
5202108212005410004962411:
5202108212006140004986647:
5202108212006370006039972:
5202108212006530004968716:
5202108212007250006039494:
5202108212007340006022855:
5202108212008040009321321:
5202108212008250004921905:
5202108212008320009293535:
5202108212009050008493676:
5202108212009110004968886:
5202108212010000008506632:
5202108212011430008502364:
5202108212012190004927727:
5202108212014170008500378:
5202108212014240009226392:
5202108212018240008692032:
5202108212022580004970901:
5202108212031070004946487:
5202108212102590008498971:
5202108212103060008506766:
5202108212123160006009777:
5202108212128530009287006:
5202108212152170004930576:
5202108212157530003918790:
5202108212158550009322682:
5202108212158580008497463:
5202108212159000008508219:
5202108212159020009324604:
5202108212159050009254183:
5202108212159080006021994:
5202108212159110009286616:
5202108212159140004937625:
5202108212159170009324107:
5202108212159190004922875:
5202108212159200006026834:
5202108212159220009326645:
5202108212159240008510518:
5202108212159260006037287:
5202108212159270004180013:
5202108212159290008503915:
5202108212159310004180013:
5202108212159320008509901:
5202108212159340008699606:
5202108212159350009226826:
5202108212159410004923454:
5202108212159430004968004:
5202108212159440008699606:
5202108212159460009346170:
5202108212159480004946517:
5202108212159500004927329:
5202108212159520009276680:
5202108212159550009347607:
5202108212159570009276680:
5202108212159590009347607:
5202108212200000001108277:
5202108212200020009340820:
5202108212200050008706878:
5202108212200070004995861:
5202108212200080004995654:
5202108212200100009340820:
5202108212200110004995861:
5202108212200140009236809:
5202108212200150008708048:
5202108212200170008516236:
5202108212200190008508290:
5202108212200220008493750:
5202108212200240004995654:
5202108212200250004926757:
5202108212200270004986057:
5202108212200280004966066:
5202108212200300004990401:
5202108212200310007401654:
5202108212200330006028292:
5202108212200340004994074:
5202108212200360006025812:
5202108212200370004990401:
5202108212200390008493286:
5202108212200400008692450:
5202108212200420004931478:
5202108212200440009282809:
5202108212200450004947668:
5202108212200470006040283:
5202108212200480009279709:
5202108212200500004998138:
5202108212200510008694659:
5202108212200530004951177:
5202108212200540008512216:
5202108212200560009340824:
5202108212200570007402500:
5202108212200590008510716:
5202108212201000004995927:
5202108212201020009342959:
5202108212201040008696894:
5202108212201050006030142:
5202108212201080009321395:
5202108212201100008496310:
5202108212201110004961715:
5202108212201130008696894:
5202108212201140009339273:
5202108212201160004922969:
5202108212201190004994596:
5202108212201200009339273:
5202108212201220004937088:
5202108212201230008690529:
5202108212201250008702320:
5202108212201290008494613:
5202108212201310008506797:
5202108212201320008682585:
5202108212201340008704914:
5202108212201350004997608:
5202108212201370008510090:
5202108212201381513645885:
5202108212201410008515021:
5202108212201430008500184:
5202108212201460009351308:
5202108212201480004959001:
5202108212201500004995665:
5202108212201520004976717:
5202108212201550004951445:
5202108212201590004976717:
5202108212202010004969090:
5202108212202030004951445:
5202108212202050004927306:
5202108212202070008708048:
5202108212202080004957738:
5202108212202100004927998:
5202108212202110004953485:
5202108212202130009339839:
5202108212202150006032924:
5202108212202170004960471:
5202108212202190009226412:
5202108212202210009281814:
5202108212202250007410282:
5202108212202260008718216:
5202108212202280009226440:
5202108212202290006033090:
5202108212202310004995938:
5202108212202330008493366:
5202108212202360009348762:
5202108212202380009226412:
5202108212202390008687593:
5202108212202410008503171:
5202108212202420009248283:
5202108212202430004967002:
5202108212202450009346376:
5202108212202470008512035:
5202108212202490009253842:
5202108212202510004046800:
5202108212202520009297056:
5202108212202540004947107:
5202108212202550002851479:
5202108212202570004950845:
5202108212202590004989073:
5202108212203010004951145:
5202108212203030004994335:
5202108212203040004997873:
5202108212203060004998401:
5202108212203070006025445:
5202108212203100004961093:
5202108212203120004950546:
5202108212203140004934727:
5202108212203160004984899:
5202108212203180009305457:
5202108212203210009232378:
5202108212203220009225507:
5202108212203240004997809:
5202108212203280009354401:
5202108212203290009327416:
5202108212203320009346707:
5202108212203350009234480:
5202108212203360001087528:
5202108212203380006036875:
5202108212203400009339219:
5202108212203420009339812:
5202108212203440004961404:
5202108212203470001079288:
5202108212203480007414082:
5202108212203510009341030:
5202108212203520006031525:
5202108212203540009288958:
5202108212203550008691017:
5202108212203590009348543:
5202108212204000004936557:
5202108212204020008691017:
5202108212204030003892332:
5202108212204050009225494:
5202108212204070008706494:
5202108212204090008709011:
5202108212204100009326612:
5202108212204120009241934:
5202108212204130007402194:
5202108212204150009252984:
5202108212204170009341030:
5202108212204210009280491:
5202108212204240009286880:
5202108212204370006039969:
5202108212204570007413042:
5202108212205010008500113:
5202108212205090007413042:
5202108212205110009303525:
5202108212205150009339803:
5202108212205170009303525:
5202108212205200004933649:
5202108212205220004966690:
5202108212205240007410385:
5202108212205470006018008:
5202108212205490008696388:
5202108212205531513653821:
5202108212207490008688253:
5202108212207520006016090:
5202108212216370009285513:
6202108210730000009326438:
6202108210730160002851459:
6202108210730590006031524:
6202108210737020009278607:
6202108210737340004946487:
6202108210738150009351758:
6202108210739370008501833:
6202108210741100009226816:
6202108210741140007411542:
6202108210741200008501833:
6202108210743140008500378:
6202108210743210006039972:
6202108210743240004936556:
6202108210744240009339792:
6202108210746360009343593:
6202108210746390000431430:
6202108210747110006040360:
6202108210747130007404782:
6202108210747500008506434:
6202108210747550004972764:
6202108210748020009354344:
6202108210748360008704914:
6202108210748450008492622:
6202108210748480006015163:
6202108210748510008508441:
6202108210748550008681212:
6202108210749380008494290:
6202108210749430004046800:
6202108210749460004962099:
6202108210750150008517056:
6202108210750180009230790:
6202108210750210008508521:
6202108210750260004977423:
6202108210750290009252946:
6202108210750340004987731:
6202108210750460009293895:
6202108210750530004997544:
6202108210751060009236868:
6202108210751130004932608:
6202108210751160006023662:
6202108210751190006030484:
6202108210751330008508290:
6202108210751350004996134:
6202108210751390006036318:
6202108210751440004966066:
6202108210751460008500109:
6202108210751550009292116:
6202108210752010004973389:
6202108210752200008708048:
6202108210752300004934669:
6202108210752340004986647:
6202108210752370008689944:
6202108210753090008493676:
6202108210753150006039510:
6202108210753200004934669:
6202108210753260009325535:
6202108210753280009283931:
6202108210753300009281874:
6202108210753330009344566:
6202108210753400008499805:
6202108210753420009336959:
6202108210756500004927120:
6202108210758500003892332:
6202108210759000008516772:
6202108210758320004966378:
6202108210758370004937088:
6202108210758390008708560:
6202108210758410009348748:
6202108210758430004963091:
6202108210758450003918790:
6202108210758470009278808:
6202108210758490009348603:
6202108210758510004158333:
6202108210758530007409900:
6202108210758570009232631:
6202108210758590004928389:
6202108210759000008501482:
6202108210759020008513365:
6202108210759200008508757:
6202108210759230008713928:
6202108210759250009352010:
6202108210759290004947373:
6202108210759310009293228:
6202108210759330009354825:
6202108210759390006039974:
6202108210759400006018006:
6202108210759430009240533:
6202108210759470006032999:
6202108210759500008695905:
6202108210759530008499149:
6202108210759550004178213:
6202108210759570009231473:
6202108210800020004990690:
6202108210800030006015460:
6202108210800100004923617:
6202108210800120003132773:
6202108210800150006028450:
6202108210800180009339144:
6202108210800200009286616:
6202108210800220006016276:
6202108210800250005006239:
6202108210800310004968100:
6202108210800390006026834:
6202108210800420006033720:
6202108210801050004930974:
6202108210801150009346020:
6202108210801350008515734:
6202108210801400009325511:
6202108210801460008497699:
6202108210801490006042240:
6202108210801510009288870:
6202108210802090009339834:
6202108210802220008696238:
6202108210802300008496367:
6202108210803180006030482:
6202108210803230006017496:
6202108210803330008519041:
6202108210803510008515910:
6202108210804380004976407:
6202108210805080009339211:
6202108210805180009292077:
6202108210808060009282101:
6202108210812340004947993:
6202108210815040009275624:
6202108210817430009309504:
6202108210819550009226390:
6202108210821260005000296:
6202108210821550008504041:
6202108210826370009298073:
6202108210828520007407502:
6202108210958080006042274:
6202108211213110009293535:
6202108211700020009339834:
6202108211703300006024122:
6202108211834500008677300:
6202108211859470009226959:
6202108211859570009300413:
6202108211900030004987532:
6202108211900120006017496:
6202108211900570008500888:
6202108211901120008492776:
6202108211901410009326609:
6202108211902170008711892:
6202108211902350008517056:
6202108211902450009327615:
6202108211903130001122577:
6202108211903150004928798:
6202108211903170004948585:
6202108211903390004951746:
6202108211904000004987731:
6202108211904020008499149:
6202108211904330004969598:
6202108211904480009231473:
6202108211904520004923110:
6202108211905170009285701:
6202108211906200008506597:
6202108211911230008499805:
6202108211914010004927962:
6202108211916540009309504:
6202108211958400008503515:
6202108211959050009321319:
6202108211959480009254212:
6202108212000010004937089:
6202108212000050008501942:
6202108212000090007404782:
6202108212000180004922560:
6202108212000200004969965:
6202108212000260009276489:
6202108212000280009288913:
6202108212000310008501482:
6202108212000340006028957:
6202108212000360004997544:
6202108212000460008696238:
6202108212001220004999262:
6202108212001230009233704:
6202108212001410004155886:
6202108212001420009325498:
6202108212001440009339144:
6202108212001460006027609:
6202108212001500004929016:
6202108212001530006015460:
6202108212001590008519041:
6202108212002100006036994:
6202108212002150008497774:
6202108212002180004928389:
6202108212002210006030482:
6202108212002250002851487:
6202108212002270006028762:
6202108212002280004951477:
6202108212002370008516772:
6202108212003101513409863:
6202108212003300007412611:
6202108212003330004996134:
6202108212003350007412611:
6202108212003380004965866:
6202108212003400004977027:
6202108212003440008500109:
6202108212003460001114611:
6202108212003520008695905:
6202108212003550006021991:
6202108212004110004953182:
6202108212004160004927120:
6202108212004270004953182:
6202108212004440004990979:
6202108212004550004977423:
6202108212005200004962411:
6202108212005420009240533:
6202108212005560004986647:
6202108212006070006039972:
6202108212006320004968716:
6202108212006550009343593:
6202108212007450009321321:
6202108212007500004921905:
6202108212008190008493676:
6202108212008450004968886:
6202108212012280009343149:
6202108212012440008712785:
6202108212013410004985960:
6202108212023060009305197:
6202108212028050004968100:
6202108212035380007407502:
6202108212038460006019315:
6202108212038500006041103:
6202108212049020008500401:
6202108212100440009290264:
6202108212100460005011308:
6202108212102340008498971:
6202108212103000008508521:
6202108212104070009298223:
6202108212104560009282114:
6202108212108570009346063:
6202108212116320005000296:
6202108212131100009254002:
6202108212156490006036876:
6202108212157360003918790:
6202108212159020006018006:
6202108212159040006026834:
6202108212159090008431645:
6202108212159110009231410:
6202108212159330004969653:
6202108212159390004976407:
6202108212159410008508290:
6202108212159440009278607:
6202108212159470009310954:
6202108212159490008431645:
6202108212159500004963091:
6202108212159520008708048:
6202108212159530004926757:
6202108212159550004932608:
6202108212159560004989551:
6202108212159580004930974:
6202108212159590004957118:
6202108212200010006019317:
6202108212200030008501833:
6202108212200050006040360:
6202108212200061513653096:
6202108212200100008515734:
6202108212200120009339792:
6202108212200141513653096:
6202108212200160008501833:
6202108212200180008506434:
6202108212200190009337006:
6202108212200210004931257:
6202108212200240008494201:
6202108212200250009346033:
6202108212200280004923617:
6202108212200300009346033:
6202108212200310008710875:
6202108212200340004937088:
6202108212200360009293895:
6202108212200380007411542:
6202108212200390004931257:
6202108212200410009226447:
6202108212200420004932151:
6202108212200440004932392:
6202108212200470004932151:
6202108212200490008502735:
6202108212200510008494613:
6202108212200530008683421:
6202108212200540008704914:
6202108212200560004997277:
6202108212200580005006239:
6202108212201000004985169:
6202108212201020004933902:
6202108212201030008507829:
6202108212201050004933902:
6202108212201060004936556:
6202108212201080006028757:
6202108212201090006033720:
6202108212201110004927539:
6202108212201120009232653:
6202108212201140004178213:
6202108212201150006042274:
6202108212201170009278808:
6202108212201190004934669:
6202108212201220008492622:
6202108212201240009292077:
6202108212201260006015163:
6202108212201280004928604:
6202108212201300007419049:
6202108212201320004966490:
6202108212201340004922029:
6202108212201350004968502:
6202108212201370006025807:
6202108212201390004930793:
6202108212201400007409900:
6202108212201420004958069:
6202108212201440008492480:
6202108212201460006016276:
6202108212201480004938938:
6202108212201490009335539:
6202108212201510008497935:
6202108212201520004956498:
6202108212201540007395627:
6202108212201560000431430:
6202108212201580008512035:
6202108212202000003892332:
6202108212202020008511510:
6202108212202070006042240:
6202108212202090009300618:
6202108212202100006039510:
6202108212202120006037924:
6202108212202140004936557:
6202108212202160004987436:
6202108212202180008496367:
6202108212202200009232631:
6202108212202220004046800:
6202108212202250009254207:
6202108212202270009348543:
6202108212202280009252946:
6202108212202480009292116:
6202108212202500001087528:
6202108212202530006022160:
6202108212202570008506074:
6202108212202590008508757:
6202108212203010009230790:
6202108212203020008501795:
6202108212203050004927750:
6202108212203070004979341:
6202108212203090006028797:
6202108212203110008512859:
6202108212203220006025806:
6202108212203230006039337:
6202108212203410006039129:
6202108212203440006039337:
6202108212203490008513365:
6202108212203540007421269:
6202108212203590008680900:
6202108212204110002851459:
6202108212204360008691341:
6202108212205040006028953:
6202108212205190006028450:
6202108212205290009305547:
6202108212205390008711445:
6202108212205470004923699:
6202108212205490008517323:
6202108212205530008704360:
6202108212206010008502189:
6202108212206250009343364:
6202108212206270006030480:
6202108212206280008494010:
6202108212207340006014941:
6202108212207370008697764:
6202108212209300005001068:
6202108212212120004975255:
6202108212219300009325511:
6202108212235080006014349:
6202108212301490008708560:
6202108212302290008494290:
6202108212302310009309829:
6202108212305270009241075:
8202108210732370009231425:
8202108210740210003117204:
8202108210741410007396382:
8202108210741570008504736:
8202108210742040006015165:
8202108210744230008511681:
8202108210746130004974322:
8202108210746440009234249:
8202108210747050008493092:
8202108210747410009346340:
8202108210748540008445656:
8202108210749050005001511:
8202108210749160006028960:
8202108210749180006036504:
8202108210749360008717694:
8202108210749490009309524:
8202108210750110009273291:
8202108210750180004968592:
8202108210750470004967114:
8202108210751250008719239:
8202108210751590006028799:
8202108210752070009341511:
8202108210752160008504234:
8202108210752250008496149:
8202108210752301513631613:
8202108210752470008500083:
8202108210752490008679170:
8202108210752560008493340:
8202108210753470007395601:
8202108210753490008710875:
8202108210753540005008693:
8202108210754090004926919:
8202108210754130009339225:
8202108210754190009252994:
8202108210754220006016091:
8202108210754260008716113:
8202108210754290003126360:
8202108210754320008499706:
8202108210754380009348776:
8202108210755060004952880:
8202108210755080008493895:
8202108210755120009296645:
8202108210755270008499867:
8202108210755300009327620:
8202108210755320009342978:
8202108210755340004928798:
8202108210755400004962411:
8202108210755520004929198:
8202108210755540009325498:
8202108210755570009280051:
8202108210756000004922422:
8202108210756050004957311:
8202108210756070008512783:
8202108210756100009231455:
8202108210756300004163548:
8202108210756320004179293:
8202108210756350009342984:
8202108210756400009311280:
8202108210756420004923699:
8202108210756450004965442:
8202108210756470009272187:
8202108210756490007407499:
8202108210756520004974233:
8202108210757340001087543:
8202108210757350001083930:
8202108210757470015629857:
8202108210757510008510188:
8202108210757530004169060:
8202108210758030009226797:
8202108210758110006036336:
8202108210758130008509836:
8202108210758160004927962:
8202108210758180008509836:
8202108210758190009346055:
8202108210758210001088074:
8202108210758580008686117:
8202108210759010009250787:
8202108210759040009305260:
8202108210759200006021988:
8202108210759220009346685:
8202108210759250004927939:
8202108210759260008698315:
8202108210759280006036994:
8202108210759300004989551:
8202108210759321513631101:
8202108210759400009324085:
8202108210759440008500493:
8202108210759560009226433:
8202108210759590009342035:
8202108210800410000431385:
8202108210801520004936413:
8202108210815180006020192:
8202108211700590004967114:
8202108211701560006021988:
8202108211703210004924923:
8202108211711180009346055:
8202108211803330009342143:
8202108211803350009246202:
8202108211807070009272187:
8202108211859240009346173:
8202108211900030004936413:
8202108211900070009253995:
8202108211900110007407459:
8202108211900150008504736:
8202108211900190007404978:
8202108211900230004926919:
8202108211900260006020192:
8202108211900290009250787:
8202108211900310009296645:
8202108211900340004936293:
8202108211900370004936688:
8202108211900390004991542:
8202108211901000009342035:
8202108211901020007402196:
8202108211901130005001511:
8202108211901170008506212:
8202108211901190009342984:
8202108211901250009352010:
8202108211901300009354827:
8202108211901330004968592:
8202108211901390009321481:
8202108211901410004968592:
8202108211901430008686117:
8202108211901500006041875:
8202108211902080001083930:
8202108211902160001077425:
8202108211902180006027612:
8202108211902210009286387:
8202108211902330009309524:
8202108211902470006028960:
8202108211902590009311280:
8202108211903020015629857:
8202108211903060004957311:
8202108211903240006027345:
8202108211903320009302534:
8202108211903370008499706:
8202108211904030004958669:
8202108211904500009337903:
8202108211909400004928425:
8202108211909430008499867:
8202108211959150009339817:
8202108212000020008500142:
8202108212000030008719239:
8202108212000090004163548:
8202108212000170008493092:
8202108212000260004179293:
8202108212000280001088074:
8202108212000300004927939:
8202108212000540009226816:
8202108212000550009340470:
8202108212000570009342997:
8202108212001000006036994:
8202108212001030009234249:
8202108212001050004974544:
8202108212001230008501835:
8202108212001250004974544:
8202108212001270008496149:
8202108212001330008495426:
8202108212001450008504234:
8202108212002061513631613:
8202108212002090009354581:
8202108212002100009327564:
8202108212002120009230812:
8202108212002180009295454:
8202108212002230008679170:
8202108212002580004969304:
8202108212003020006022158:
8202108212003040009354391:
8202108212003170009278862:
8202108212003310004924511:
8202108212004090004965442:
8202108212004270004169060:
8202108212004280008493895:
8202108212004470008510188:
8202108212008040009231455:
8202108212008210009327620:
8202108212012220004922422:
8202108212012250008716113:
8202108212015030009226817:
8202108212101340008503089:
8202108212102400005008693:
8202108212105010009231425:
8202108212159070008708992:
8202108212159510008503979:
8202108212159530006036504:
8202108212159560008503979:
8202108212200010009324572:
8202108212200030001087543:
8202108212200050004931038:
8202108212200110007396382:
8202108212200140008445656:
8202108212200170004989259:
8202108212200180004993812:
8202108212200200009324085:
8202108212200220007395601:
8202108212200250008512783:
8202108212200300009339225:
8202108212200390006015165:
8202108212200430009341742:
8202108212200440003116965:
8202108212200480008500083:
8202108212200510004988966:
8202108212200550003126360:
8202108212201040007407499:
8202108212201070004974233:
8202108212201090009226821:
8202108212201110009339821:
8202108212201180009253739:
8202108212201200006041717:
8202108212201320008511681:
8202108212201350008501953:
8202108212201360008506912:
8202108212201380003117204:
8202108212201400009226391:
8202108212201420004996470:
8202108212201500009226433:
8202108212201570009290271:
8202108212202170006036336:
8202108212202190008499471:
8202108212202280008509836:
8202108212202300004996923:
8202108212202340009232613:
8202108212203490000424007:
8202108212204100004974322:
8202108212204340004971518:
8202108212206230008500567:
8202108212207260004947993:
8202108212210400009343432:
8202108212210430004179142:
8202108212301010009234108:
8202108212301040008494964:
8202108212302010009326600:
8202108212302070008504091:
8202108212359220008683912:
