2202108080725510009300607:
2202108080725570008706494:
2202108080728210004933649:
2202108080729380006026835:
2202108080732580009307295:
2202108080733060009296138:
2202108080734390006039998:
2202108080740431513646659:
2202108080741490009300590:
2202108080742140007421743:
2202108080742190004972764:
2202108080742500006036321:
2202108080742550006039969:
2202108080742580007402194:
2202108080743290004932123:
2202108080744200009297569:
2202108080745140008514157:
2202108080745290009283296:
2202108080745330009254926:
2202108080745440004922287:
2202108080745570008493286:
2202108080746020004966802:
2202108080746100009300596:
2202108080746120006751664:
2202108080746140008494333:
2202108080746160008698044:
2202108080746180004930317:
2202108080746200004986846:
2202108080746220004958690:
2202108080747370008500956:
2202108080747460009311703:
2202108080747490006021875:
2202108080747580008716113:
2202108080748010008494564:
2202108080748030005006768:
2202108080748050006036993:
2202108080748180009231452:
2202108080748200006014349:
2202108080748290004924590:
2202108080748491513628688:
2202108080748540004923159:
2202108080749210004950546:
2202108080749520004936954:
2202108080749540004947963:
2202108080749570009314167:
2202108080750220008508441:
2202108080750290008424093:
2202108080750330008503915:
2202108080750400009296798:
2202108080750480008503198:
2202108080750510006030135:
2202108080751120009233710:
2202108080751150009324107:
2202108080751170004950845:
2202108080751220007402500:
2202108080751400006037287:
2202108080751460008497276:
2202108080751520009281193:
2202108080752110009286624:
2202108080752290009281753:
2202108080752320008497657:
2202108080752420004975255:
2202108080752460004921669:
2202108080753030006029990:
2202108080753140008491998:
2202108080753180008426248:
2202108080753230007402482:
2202108080753270009326618:
2202108080753280004924676:
2202108080753380006039130:
2202108080753460009243147:
2202108080753490008515447:
2202108080753510007421690:
2202108080753560009253997:
2202108080753590008681883:
2202108080754020007395592:
2202108080754040009321334:
2202108080754060007395592:
2202108080754250001079879:
2202108080754310004967312:
2202108080754340009293911:
2202108080754440009349952:
2202108080754460004975875:
2202108080754580009339828:
2202108080754590004931010:
2202108080755010009252984:
2202108080755040008500312:
2202108080755070008515081:
2202108080755140006022439:
2202108080755180004985960:
2202108080755210009340483:
2202108080755241513643510:
2202108080755270004921466:
2202108080755330008709061:
2202108080755340009254207:
2202108080755370008709061:
2202108080755390008678354:
2202108080755410004933902:
2202108080755420006033001:
2202108080755450009298207:
2202108080755470008694944:
2202108080755490009346063:
2202108080755510009276908:
2202108080755550009348542:
2202108080755580008492705:
2202108080756000004931193:
2202108080756030009340824:
2202108080756130009297664:
2202108080756160008506797:
2202108080756170009341030:
2202108080756210009232631:
2202108080756220008680789:
2202108080756240008506907:
2202108080756260004968394:
2202108080756290008690794:
2202108080756300008701527:
2202108080756320009281928:
2202108080756340008516772:
2202108080756360007415195:
2202108080756380007402205:
2202108080756420006016275:
2202108080756440007402205:
2202108080756450009342035:
2202108080756470009351823:
2202108080756500008701083:
2202108080756520008715034:
2202108080756540006021994:
2202108080756560004948585:
2202108080756580008506766:
2202108080757000009275335:
2202108080757010007419049:
2202108080757030004935885:
2202108080757050009286624:
2202108080757070004924260:
2202108080757120009314286:
2202108080757130004967002:
2202108080757150008506212:
2202108080757190006017488:
2202108080757210004924260:
2202108080757240008688253:
2202108080757260008505663:
2202108080757280002851478:
2202108080757290004947107:
2202108080757330009253991:
2202108080757380008506376:
2202108080757430004989948:
2202108080757450008519522:
2202108080757500004987436:
2202108080757510004921380:
2202108080757540006020195:
2202108080757550009226826:
2202108080757570004976805:
2202108080757590004921380:
2202108080758000009344566:
2202108080758020008709369:
2202108080758050004937625:
2202108080758060009346038:
2202108080758090008707832:
2202108080758110009301551:
2202108080758140004940674:
2202108080758160009301551:
2202108080758180009343567:
2202108080758220009336990:
2202108080758240004930540:
2202108080758260009321319:
2202108080758290004946782:
2202108080758350000431412:
2202108080758510009294273:
2202108080758560009343364:
2202108080758580009354625:
2202108080759000008496191:
2202108080759020009232653:
2202108080759040009236810:
2202108080759070006026834:
2202108080759120009339524:
2202108080759150008508587:
2202108080759160008495616:
2202108080759190009234089:
2202108080759250009289101:
2202108080759320004178213:
2202108080759350008429638:
2202108080759370004960160:
2202108080759400009342183:
2202108080759420009288958:
2202108080759440004927962:
2202108080759460009346020:
2202108080759540009254183:
2202108080759590009330833:
2202108080800000008426247:
2202108080800040008439606:
2202108080800070006024859:
2202108080800090009339144:
2202108080800110006033902:
2202108080800120009279481:
2202108080800170008704914:
2202108080800190008719239:
2202108080800280004949474:
2202108080800360009276489:
2202108080800390009292077:
2202108080800410009313676:
2202108080800420006022003:
2202108080800450009279728:
2202108080800490008708560:
2202108080800510004969598:
2202108080800530007421212:
2202108080800550003915458:
2202108080800570004938938:
2202108080800590007421210:
2202108080801020008493833:
2202108080801060003137754:
2202108080801100008686680:
2202108080801130008702320:
2202108080801190002851465:
2202108080801240004975565:
2202108080801310006019430:
2202108080801330004975565:
2202108080801340009274443:
2202108080801360004923617:
2202108080801380007421269:
2202108080801440006032030:
2202108080801480009313530:
2202108080801500009248283:
2202108080801540006039337:
2202108080801570006028451:
2202108080802010007402467:
2202108080802030009324604:
2202108080802080009322682:
2202108080802250009339797:
2202108080802290008494964:
2202108080802330001089614:
2202108080802380009336988:
2202108080802420009289323:
2202108080802470008686663:
2202108080803160006022855:
2202108080803280009287006:
2202108080803330004923253:
2202108080803350009226392:
2202108080803410008500567:
2202108080803540009272184:
2202108080804000004953953:
2202108080804110004937356:
2202108080804140009278862:
2202108080804410008693150:
2202108080804550009307388:
2202108080805000008508352:
2202108080805020004985430:
2202108080805260008677773:
2202108080805360008710957:
2202108080805450004940114:
2202108080805500004948851:
2202108080805590009225494:
2202108080806060004927750:
2202108080806390008502364:
2202108080806420006031525:
2202108080807160006042277:
2202108080807180006027540:
2202108080807330006036505:
2202108080807380006042873:
2202108080809190003137987:
2202108080809210009303525:
2202108080809380009292038:
2202108080810110004967606:
2202108080810260008677300:
2202108080811380009254000:
2202108080812010008515578:
2202108080812580008493028:
2202108080813210009247509:
2202108080815470008510378:
2202108080828250009339824:
2202108080830480009282101:
2202108080831490009298073:
2202108080831530009310727:
2202108080839150009275624:
2202108080921530009290471:
2202108081150580009246193:
2202108081707010009298073:
2202108081808110009314167:
2202108081856590006022855:
2202108081857210008493028:
2202108081902260006016275:
2202108081902290006018008:
2202108081902390009347607:
2202108081902400004940674:
2202108081902580008424093:
2202108081902590008500312:
2202108081903010006027540:
2202108081903030009339795:
2202108081903100008697836:
2202108081903190008517932:
2202108081903310008510716:
2202108081903370006018005:
2202108081903380009324107:
2202108081903400008510716:
2202108081903420009296798:
2202108081903440004975875:
2202108081903460004996677:
2202108081903510008510716:
2202108081903530006037287:
2202108081904020003920040:
2202108081904370009248283:
2202108081904410008701083:
2202108081904480009340824:
2202108081905000008701083:
2202108081906000009252984:
2202108081906440008710957:
2202108081923430009321319:
2202108081924340009313530:
2202108081924401513646659:
2202108081924520009321319:
2202108081927050009311703:
2202108081928410008500956:
2202108081930020004953953:
2202108081932160008439606:
2202108081938170004985430:
2202108081941430004924590:
2202108081949030009336988:
2202108081954440004947963:
2202108081954470004948851:
2202108082000440008495037:
2202108082001040009272184:
2202108082001260004937356:
2202108082001340008707832:
2202108082002480006016090:
2202108082003220004931193:
2202108082003430002851478:
2202108082003460006751664:
2202108082003480009300596:
2202108082003570008497276:
2202108082003590004923253:
2202108082004020006021875:
2202108082004040004932123:
2202108082004140009326618:
2202108082004170004922287:
2202108082004190009276908:
2202108082004210004958690:
2202108082004230009297664:
2202108082004250009307295:
2202108082004260008514157:
2202108082004290004993674:
2202108082004310004921669:
2202108082004330006029990:
2202108082004360007415195:
2202108082004440009297569:
2202108082004460009346038:
2202108082004550008512059:
2202108082005040004989948:
2202108082005120006030135:
2202108082005140009283296:
2202108082005160004960160:
2202108082005190009275335:
2202108082005540008492705:
2202108082005560008694944:
2202108082006030009314286:
2202108082006050006033001:
2202108082006090008701527:
2202108082006190008506907:
2202108082006430009324604:
2202108082009280008698044:
2202108082009340008503198:
2202108082009360004966802:
2202108082012560004946782:
2202108082014540006022439:
2202108082015430006042277:
2202108082017040003915458:
2202108082017210009246193:
2202108082017540008426248:
2202108082025340009236810:
2202108082038560009289101:
2202108082057411513643510:
2202108082121040008426247:
2202108082145490007421210:
2202108082145580009226390:
2202108082158410006021994:
2202108082159060008501942:
2202108082159100004923159:
2202108082159270004930540:
2202108082159510008497657:
2202108082159580004986846:
2202108082200010009301551:
2202108082200060000431412:
2202108082200070004921380:
2202108082200090009301551:
2202108082200110004921380:
2202108082200120000431412:
2202108082200140006019430:
2202108082200150008709369:
2202108082200170007421743:
2202108082200191513628688:
2202108082200200009287614:
2202108082200220006039130:
2202108082200280007419049:
2202108082200301513628688:
2202108082200310007421743:
2202108082200350004930974:
2202108082200360008678354:
2202108082200380009287614:
2202108082200390004930317:
2202108082200410004935885:
2202108082200420004972764:
2202108082200440008678354:
2202108082200450007421743:
2202108082200470002851479:
2202108082200480006019430:
2202108082200500008494656:
2202108082200570008681883:
2202108082200580008494656:
2202108082201000004935885:
2202108082201010009330833:
2202108082201030007421743:
2202108082201040008503915:
2202108082201060008429638:
2202108082201070004936954:
2202108082201090004968394:
2202108082201110009323985:
2202108082201120008681883:
2202108082201130004921466:
2202108082201150004968394:
2202108082201170008508587:
2202108082201210004921466:
2202108082201220009293911:
2202108082201240008497657:
2202108082201260008496191:
2202108082201280009339828:
2202108082201300009279709:
2202108082201320009281753:
2202108082201350009226812:
2202108082201370007402500:
2202108082201380008513733:
2202108082201400009298223:
2202108082201410009276680:
2202108082201430004934727:
2202108082201460009340483:
2202108082201480009351998:
2202108082201540001079879:
2202108082201550009226959:
2202108082201570008515447:
2202108082201590008686663:
2202108082202010006030142:
2202108082202320004950845:
2202108082202390009226412:
2202108082203270008519522:
2202108082203590008709061:
2202108082205560008706494:
3202108080727140008501288:
3202108080733310001099428:
3202108080734480006031524:
3202108080735330008692290:
3202108080738481513637255:
3202108080739030008494010:
3202108080740290009339211:
3202108080742540008513325:
3202108080742570008707911:
3202108080744080009309524:
3202108080744250008681103:
3202108080745250006030484:
3202108080745290006039016:
3202108080745420004975787:
3202108080745550008692117:
3202108080746260009306586:
3202108080746490009234458:
3202108080746520008712381:
3202108080747060009234108:
3202108080747130004959868:
3202108080747310004937222:
3202108080747340009304051:
3202108080747360006028957:
3202108080747410008497634:
3202108080747470006027612:
3202108080747500009339818:
3202108080748100008501953:
3202108080748330004974633:
3202108080748510009339930:
3202108080748560006041717:
3202108080748590008503515:
3202108080749020009306129:
3202108080749050008518736:
3202108080749110000424167:
3202108080749140004936422:
3202108080749150009234248:
3202108080749170009302534:
3202108080749290009281874:
3202108080749380009349985:
3202108080749460002851485:
3202108080749500006018008:
3202108080749530008503303:
3202108080749560008512375:
3202108080749590008687514:
3202108080750010009343149:
3202108080750090008697764:
3202108080750150008691341:
3202108080750190009339792:
3202108080750360009300618:
3202108080750430009326650:
3202108080751010008429607:
3202108080751030004946812:
3202108080751080008494290:
3202108080751190004927539:
3202108080751430006023662:
3202108080751530009339254:
3202108080751550008504091:
3202108080752000004993812:
3202108080752070009252962:
3202108080752170008501480:
3202108080752200004936149:
3202108080752230006030480:
3202108080752280004989657:
3202108080752380006023085:
3202108080752430003137991:
3202108080752470008715839:
3202108080752500005001262:
3202108080752530004932608:
3202108080752580008499471:
3202108080753090008500378:
3202108080753120009247521:
3202108080753180009340470:
3202108080753360009323446:
3202108080753390009326626:
3202108080753430009343593:
3202108080753450008689944:
3202108080753480001096293:
3202108080753510006028953:
3202108080753530009226816:
3202108080754020009255827:
3202108080754100008502984:
3202108080754140004934470:
3202108080754230008680900:
3202108080754270008514795:
3202108080754300004940394:
3202108080754380009275492:
3202108080754410008711197:
3202108080754440008498188:
3202108080754460009308083:
3202108080754480009324068:
3202108080754500004155886:
3202108080754520008713719:
3202108080754540009295891:
3202108080754560009340813:
3202108080754580009342954:
3202108080755020009324574:
3202108080755140009326609:
3202108080755170009290264:
3202108080755210004966178:
3202108080755250004996406:
3202108080755290004966178:
3202108080755320009254169:
3202108080755340009233695:
3202108080755390007395592:
3202108080755420008711249:
3202108080755440008714702:
3202108080755460006025403:
3202108080755480003117204:
3202108080755510008678678:
3202108080755540004996481:
3202108080755550009232350:
3202108080755570001077421:
3202108080756010009253742:
3202108080756060008429633:
3202108080756080004948289:
3202108080756260009331842:
3202108080756310008699992:
3202108080756330006039974:
3202108080756400008680280:
3202108080756430008517323:
3202108080756510008717268:
3202108080756540008704360:
3202108080756590008698795:
3202108080757100009321321:
3202108080757130004947373:
3202108080757150006019317:
3202108080757170008518703:
3202108080757190006032999:
3202108080757210008702698:
3202108080757230009327615:
3202108080757240009225488:
3202108080757260008499556:
3202108080757280009273013:
3202108080757300004975477:
3202108080757330003126147:
3202108080757360006041721:
3202108080757400009346173:
3202108080757420009354391:
3202108080757430000424146:
3202108080757450008498021:
3202108080757470009339195:
3202108080757490008507829:
3202108080757510003137967:
3202108080757570003132773:
3202108080758050009280051:
3202108080758110008690203:
3202108080758140009293228:
3202108080758190008492065:
3202108080758210006039497:
3202108080758240008506766:
3202108080758260009226952:
3202108080758290006039506:
3202108080758310006039541:
3202108080758330004164864:
3202108080758340004953650:
3202108080758370008710216:
3202108080758380006028450:
3202108080758480008711892:
3202108080758510008688253:
3202108080758520009322602:
3202108080758550009351758:
3202108080758570008714113:
3202108080759090008493217:
3202108080759170006015460:
3202108080759180009348603:
3202108080759200008514966:
3202108080759530008701274:
3202108080800140004928581:
3202108080800230008503489:
3202108080802030004969598:
3202108080803040007402467:
3202108080805330008676957:
3202108080806410008506597:
3202108081850140009289323:
3202108081850180008698121:
3202108081858280009351768:
3202108081900000008492065:
3202108081900030008693920:
3202108081900040009284157:
3202108081900060006039016:
3202108081900070004975787:
3202108081900090008492065:
3202108081900100008513325:
3202108081900120008709488:
3202108081900130008693920:
3202108081900150009306586:
3202108081900170009233695:
3202108081900180008684967:
3202108081900200009233695:
3202108081900220008494201:
3202108081900230009281874:
3202108081900250009327615:
3202108081900260003137991:
3202108081900280009326609:
3202108081900290008699992:
3202108081900310008691341:
3202108081900330008716625:
3202108081900350004155886:
3202108081900370008514795:
3202108081900390006028953:
3202108081900410008687514:
3202108081900430008518703:
3202108081900450006023085:
3202108081900470008688282:
3202108081900490009255827:
3202108081900500004934470:
3202108081900520009340817:
3202108081900540009351964:
3202108081900560008683912:
3202108081900580008693892:
3202108081900590008502984:
3202108081901010008711892:
3202108081901030008681103:
3202108081901050008711892:
3202108081901070009326600:
3202108081901080009326626:
3202108081901100009339254:
3202108081901120009326650:
3202108081901130009343174:
3202108081901150008445992:
3202108081901170006018008:
3202108081901180009246199:
3202108081901200009346367:
3202108081901210006030484:
3202108081901230008713928:
3202108081901240000439530:
3202108081901260008501288:
3202108081901280006036994:
3202108081901320006031524:
3202108081901350009339930:
3202108081901380004936422:
3202108081901410005001262:
3202108081901430008429633:
3202108081901440008679943:
3202108081901460008499471:
3202108081901480009324879:
3202108081901500004989657:
3202108081901530006020195:
3202108081901540009247521:
3202108081901560009308083:
3202108081901580008506597:
3202108081902330009290264:
3202108081902400009339818:
3202108081902450009324606:
3202108081903440009336990:
3202108081904180004936029:
3202108081905150008501480:
3202108081947020001099428:
3202108081949020008503489:
3202108081958250008710216:
3202108081958410008499509:
3202108081958570008506632:
3202108081959000009324629:
3202108081959020009343149:
3202108081959030009273013:
3202108081959050009324637:
3202108081959060006028799:
3202108081959080004937625:
3202108081959110006026797:
3202108081959120006041721:
3202108081959140003137967:
3202108081959160003132773:
3202108081959200009339792:
3202108081959220009279481:
3202108081959240009226952:
3202108081959260008495468:
3202108081959270008717268:
3202108081959340006025403:
3202108081959360008499556:
3202108081959380008510264:
3202108081959480009324574:
3202108081959550008714702:
3202108081959580009331842:
3202108082000000000424167:
3202108082000020008689944:
3202108082000040009293228:
3202108082000060008692032:
3202108082000070008689944:
3202108082000090008680900:
3202108082000100004927539:
3202108082000120009321321:
3202108082000130004947373:
3202108082000150008710875:
3202108082000160004970901:
3202108082000180008704360:
3202108082000190008711249:
3202108082000210006019317:
3202108082000220009352016:
3202108082000240009300618:
3202108082000260009339802:
3202108082000280009354825:
3202108082000300003137963:
3202108082000310009342962:
3202108082000330006039541:
3202108082000340009322602:
3202108082000360009335560:
3202108082000380008680280:
3202108082000400009342954:
3202108082000420004985761:
3202108082000440009340816:
3202108082000450003132772:
3202108082000480003137754:
3202108082000510008497634:
3202108082000540009326658:
3202108082001030008703693:
3202108082001240001077421:
3202108082001290008492410:
3202108082001310008688253:
3202108082001350008692290:
3202108082001370004946812:
3202108082001430003126147:
3202108082001440009275492:
3202108082001500008701274:
3202108082001510008702698:
3202108082001530002851443:
3202108082001540009226816:
3202108082001560004158333:
3202108082001590006032999:
3202108082002010008714702:
3202108082002040006022003:
3202108082002050009234248:
3202108082002150008503515:
3202108082002240009288958:
3202108082002280007421735:
3202108082002310008501953:
3202108082002330009254212:
3202108082002350009236868:
3202108082002380008514966:
3202108082002400008697764:
3202108082002430005001068:
3202108082002570008429607:
3202108082003050009346020:
3202108082003070008677829:
3202108082003080009232350:
3202108082003240001096293:
3202108082003270009342940:
3202108082003290009232350:
3202108082003360009354582:
3202108082004200009295891:
3202108082004270009278607:
3202108082004290008693150:
3202108082004360008701103:
3202108082005010008676957:
3202108082005090004999184:
3202108082006340004924676:
3202108082007580009324085:
3202108082015170008698315:
3202108082021150006039998:
3202108082023480008690203:
3202108082030520009326438:
3202108082033250008494092:
3202108082033290006019315:
3202108082033330006041103:
3202108082038480009354625:
3202108082044530004999701:
3202108082059490008714113:
3202108082109280004996406:
3202108082145140008677773:
3202108082145430006036318:
3202108082146220008494141:
3202108082146420008503824:
3202108082148170009339211:
3202108082156240009348542:
3202108082157520009351758:
3202108082157570004948289:
3202108082158000003918790:
3202108082158340008707174:
3202108082158360009340813:
3202108082158390009225488:
3202108082158410009324068:
3202108082158440009323446:
3202108082158460007395592:
3202108082158480008512397:
3202108082158500007395592:
3202108082158530009348603:
3202108082158550008493217:
3202108082159030008677300:
3202108082159350009354349:
3202108082159370004967606:
3202108082159380008500889:
3202108082159420009280051:
3202108082159430000424146:
3202108082159580008688767:
3202108082200010004937222:
3202108082200030006023662:
3202108082200040004940394:
3202108082200060009306129:
3202108082200080006023662:
3202108082200100007402205:
3202108082200110004975477:
3202108082200130004961476:
3202108082200140004969598:
3202108082200160004961476:
3202108082200180008518736:
3202108082200190004999443:
3202108082200210008498188:
3202108082200230004936149:
3202108082200250009339225:
3202108082200280008678678:
3202108082200310008506912:
3202108082200330008498021:
3202108082200351513637255:
3202108082200390004966178:
3202108082200410004929419:
3202108082200430006015460:
3202108082200440009325535:
3202108082200460006015460:
3202108082200490009344566:
3202108082200510008507829:
3202108082200560008698795:
3202108082201010009230815:
3202108082201040008677903:
3202108082201050008506766:
3202108082201080009286996:
3202108082201090002851487:
3202108082201141513653821:
3202108082201160009339144:
3202108082201220009233697:
3202108082201240008494290:
3202108082201580008696388:
3202108082202000004953650:
3202108082202030004164864:
3202108082202050006030480:
3202108082202070008512375:
3202108082202090002851485:
3202108082202120009234108:
3202108082202140008708560:
3202108082202520004985960:
3202108082203530006024859:
3202108082203540006033902:
4202108080733590004974322:
4202108080734020009231425:
4202108080737340009272601:
4202108080738170008494141:
4202108080742570009285513:
4202108080743080007404978:
4202108080743380004969304:
4202108080744291513653075:
4202108080745080001087543:
4202108080745340006021988:
4202108080746220009339225:
4202108080746290009298435:
4202108080747260009337903:
4202108080747290009346340:
4202108080747350009337903:
4202108080747380009291036:
4202108080748010003137945:
4202108080748160009338161:
4202108080748250008504234:
4202108080749340008496149:
4202108080750000004935623:
4202108080750140007398203:
4202108080750180004936688:
4202108080750200004936293:
4202108080750280006015165:
4202108080750350009252970:
4202108080750390008519041:
4202108080750430009293535:
4202108080750470000424545:
4202108080751190004179293:
4202108080751220006035802:
4202108080751240008494427:
4202108080751350006022158:
4202108080751550008493895:
4202108080752000008502693:
4202108080752040005001511:
4202108080752071513631613:
4202108080752090004939835:
4202108080752200009349972:
4202108080752210009331044:
4202108080752250008495426:
4202108080752270009236820:
4202108080752300008512783:
4202108080752500003126360:
4202108080753010009348776:
4202108080753100006027345:
4202108080753130009234249:
4202108080753160007407499:
4202108080753220006039129:
4202108080753240008500493:
4202108080753280009326600:
4202108080753460008501835:
4202108080753480009342997:
4202108080753580009346685:
4202108080754000008680442:
4202108080754040004967900:
4202108080754080004929419:
4202108080754190006028799:
4202108080754200009305260:
4202108080754240004179142:
4202108080754270004929198:
4202108080754280009283323:
4202108080754300009325498:
4202108080754330008695597:
4202108080754350008493340:
4202108080754370006020192:
4202108080754390009247701:
4202108080754420009324572:
4202108080754440004933960:
4202108080754480008499867:
4202108080754500009341742:
4202108080754520009232613:
4202108080754550001083930:
4202108080755040009327620:
4202108080755070006013128:
4202108080755090009336959:
4202108080755110001088074:
4202108080755180008717694:
4202108080755200008499706:
4202108080755260008503339:
4202108080755300015629857:
4202108080755330008503339:
4202108080755380009342984:
4202108080755410008504736:
4202108080755430008710875:
4202108080755470009341511:
4202108080755480009253995:
4202108080755500004924511:
4202108080755570009324118:
4202108080756030009343592:
4202108080756050009234457:
4202108080756060009287195:
4202108080756080006036336:
4202108080756090008699709:
4202108080756110009226797:
4202108080756130008445656:
4202108080756150009246202:
4202108080756200009226385:
4202108080756220004929641:
4202108080756271513631101:
4202108080756300008500083:
4202108080756320008679170:
4202108080756340009311280:
4202108080756360009252994:
4202108080756410009342978:
4202108080756500009295454:
4202108080756530004952880:
4202108080756550000424007:
4202108080756580009277510:
4202108080757000009342143:
4202108080757020009354827:
4202108080757050009352010:
4202108080757070009226433:
4202108080757110006036997:
4202108080757150009339821:
4202108080757180008686117:
4202108080757200009298206:
4202108080757220009272187:
4202108080757240003132772:
4202108080757250004163548:
4202108080757270008510188:
4202108080757310007401131:
4202108080757340008500142:
4202108080757360008495556:
4202108080757370008499047:
4202108080757390009272020:
4202108080757400009324085:
4202108080757430009250787:
4202108080757450006036504:
4202108080757480006028960:
4202108080757490004926919:
4202108080757490009324606:
4202108080757520008511222:
4202108080757540009339817:
4202108080757560008695667:
4202108080757580003116965:
4202108080758000007407459:
4202108080758020004962411:
4202108080758130004978162:
4202108080758160006041875:
4202108080758270009342035:
4202108080758300004169060:
4202108080758380000431385:
4202108080758400009346181:
4202108080758430009346035:
4202108080758440004953788:
4202108080758470006042240:
4202108080758500009231455:
4202108080758540008506212:
4202108080758570009321481:
4202108080759030009351768:
4202108080759050002854367:
4202108080759070009327564:
4202108080759110009274874:
4202108080759300009342982:
4202108080759320009339204:
4202108080759340008716625:
4202108080759390001077425:
4202108080759410008503979:
4202108080759490009343432:
4202108080759530009324605:
4202108080759540009226399:
4202108080800040009226821:
4202108080800170004988966:
4202108080800240008509836:
4202108080800260004948259:
4202108080800350008503089:
4202108080800510006020220:
4202108080801000004922422:
4202108080801030009226390:
4202108080801480008719239:
4202108080801510007395601:
4202108080803270004947993:
4202108080804510008498988:
4202108080808410008515910:
4202108080819090009303697:
4202108080829310008504041:
4202108080832440004921785:
4202108080852140006022420:
4202108081736540007402196:
4202108081900010008695667:
4202108081900030000424545:
4202108081900050009236820:
4202108081900060009252962:
4202108081900100009338161:
4202108081900110009336959:
4202108081900130009342981:
4202108081900160008699709:
4202108081900180004953788:
4202108081900200006035802:
4202108081900220009324118:
4202108081900230008503303:
4202108081900260009342978:
4202108081900270009296645:
4202108081900320009234457:
4202108081900370009346035:
4202108081900400009331044:
4202108081900420009342035:
4202108081900430008515910:
4202108081900450009346055:
4202108081900470008680442:
4202108081900510009343593:
4202108081900540006041717:
4202108081900570000431385:
4202108081901020009298435:
4202108081901100009226797:
4202108081901120008500493:
4202108081901140004935623:
4202108081901150009311280:
4202108081901170009352010:
4202108081901190004935623:
4202108081901240009287195:
4202108081901260004935623:
4202108081901280009354827:
4202108081901300009346181:
4202108081901320008695597:
4202108081901330015629857:
4202108081901340009346685:
4202108081901360009342984:
4202108081901370008506212:
4202108081901390004989551:
4202108081901410006041875:
4202108081901430003137945:
4202108081902030008499867:
4202108081902310004929641:
4202108081902330006014941:
4202108081903510004926919:
4202108081903540009305260:
4202108081907190006042240:
4202108081918270006019064:
4202108081959400009330829:
4202108081959500008493340:
4202108081959520009293535:
4202108082000040009252994:
4202108082000080009341511:
4202108082000100009252994:
4202108082000180008503339:
4202108082000510009272187:
4202108082000530008503339:
4202108082000570009247701:
4202108082000590009234249:
4202108082001110008716113:
4202108082001130007407499:
4202108082001150003916932:
4202108082001170002854367:
4202108082001210009343592:
4202108082001230007407459:
4202108082001310002854367:
4202108082001400006014943:
4202108082001420002854367:
4202108082001530009309829:
4202108082001560008500888:
4202108082002080009327620:
4202108082002160008504234:
4202108082002460004975565:
4202108082003020009230812:
4202108082003180007402467:
4202108082003270009354391:
4202108082003500009325498:
4202108082004040004971518:
4202108082004060000431430:
4202108082004150005001511:
4202108082004510009346340:
4202108082005570004939835:
4202108082006050009253846:
4202108082006160009322614:
4202108082006560006039129:
4202108082010060009288870:
4202108082012500004947993:
4202108082101170004998924:
4202108082102120004974322:
4202108082102140009231425:
4202108082105230008495972:
4202108082112070009343432:
4202108082112250009303697:
4202108082157350008708992:
4202108082157500009287006:
4202108082158180009342996:
4202108082158240009272020:
4202108082158270009300590:
4202108082159010006028451:
4202108082159030008707911:
4202108082159050009253742:
4202108082159100003116965:
4202108082159150004989259:
4202108082159220009354581:
4202108082159280007401131:
4202108082159310009250787:
4202108082159330009253995:
4202108082159350009253739:
4202108082159370008494427:
4202108082159420008712381:
4202108082159430008717694:
4202108082159450008685403:
4202108082159460009230749:
4202108082159480007395601:
4202108082159510009298206:
4202108082200000006020220:
4202108082200020009283323:
4202108082200030004978162:
4202108082200050009324605:
4202108082200181513653075:
4202108082200210008515578:
4202108082200230008509836:
4202108082200240008510188:
4202108082200260008500142:
4202108082200281513631101:
4202108082200290001089614:
4202108082200310004169060:
4202108082200330009281928:
4202108082200350004952880:
4202108082200380009272601:
4202108082200390009337903:
4202108082200410007404978:
4202108082200420008517323:
4202108082200440000424007:
4202108082200450008493895:
4202108082200470008504736:
4202108082200490004988966:
4202108082200520001088074:
4202108082200540008495426:
4202108082200560008496149:
4202108082200580008495556:
4202108082200590007396382:
4202108082201010008686117:
4202108082201030008499706:
4202108082201040001087543:
4202108082201060008502693:
4202108082201080006027345:
4202108082201090006036336:
4202108082201110001083930:
4202108082201140004163548:
4202108082201150006013128:
4202108082201220008719239:
4202108082201230009324572:
4202108082201250009290271:
4202108082201300008500567:
4202108082201320008500083:
4202108082201340009226433:
4202108082201360008679170:
4202108082201370006027612:
4202108082201390008500567:
4202108082201480004947698:
4202108082201540008493833:
4202108082201560004924511:
4202108082202060009226821:
4202108082202170006039974:
4202108082202220004923617:
4202108082202240009232613:
4202108082202280009254169:
4202108082202360008504091:
4202108082203310004975255:
4202108082203340009231455:
5202108080726530008495037:
5202108080732520004994596:
5202108080733100004967512:
5202108080736340000439539:
5202108080737050004961715:
5202108080737080004961787:
5202108080740250009324831:
5202108080740280009326612:
5202108080740580004994596:
5202108080741190004961715:
5202108080741230008511694:
5202108080741280004994596:
5202108080741390009276680:
5202108080742300004976717:
5202108080743000004954090:
5202108080743100009339273:
5202108080743130004993674:
5202108080743160006032924:
5202108080743180004967512:
5202108080743260006032924:
5202108080743300008698279:
5202108080744110004966802:
5202108080744130004930090:
5202108080745020008513950:
5202108080745060004959001:
5202108080745150004953485:
5202108080745180004960471:
5202108080746050008493750:
5202108080746260009305457:
5202108080746370004961093:
5202108080746460009234480:
5202108080746510009305457:
5202108080747140009295615:
5202108080747160008499208:
5202108080747190004951145:
5202108080747210004937357:
5202108080747220005000508:
5202108080747240009230781:
5202108080747340004995116:
5202108080747440008690941:
5202108080747580008500184:
5202108080748050008510518:
5202108080748200009326645:
5202108080748240004996677:
5202108080748270006040952:
5202108080748291513645885:
5202108080748310009236809:
5202108080748340009339839:
5202108080748360009346707:
5202108080748380004934727:
5202108080748480006022852:
5202108080748490001079288:
5202108080748510009234236:
5202108080748530009254229:
5202108080748540008500493:
5202108080748580006040283:
5202108080749000004932362:
5202108080749030009346170:
5202108080749050008699606:
5202108080749070006025445:
5202108080749080008690529:
5202108080749110004989073:
5202108080749190009234467:
5202108080749300008517932:
5202108080749500008512059:
5202108080750010008718216:
5202108080750190004922875:
5202108080750220001108277:
5202108080750370004998138:
5202108080750400008509901:
5202108080750440004995938:
5202108080750490009351308:
5202108080751040009290365:
5202108080751100008697836:
5202108080751120009296798:
5202108080751140007411321:
5202108080751180004927329:
5202108080751190008503915:
5202108080751230008687593:
5202108080751240008494656:
5202108080751270004923605:
5202108080751290007402523:
5202108080751311513626317:
5202108080751370008691017:
5202108080751400009346362:
5202108080751420004973075:
5202108080751460008704200:
5202108080751480009279709:
5202108080751550009324107:
5202108080751570004950845:
5202108080751590007402500:
5202108080752030008512216:
5202108080752100009225507:
5202108080752130009339795:
5202108080752180006022160:
5202108080752190006025806:
5202108080752220006037287:
5202108080752270004951445:
5202108080752400007402512:
5202108080752440009241934:
5202108080752550004989259:
5202108080753030004946517:
5202108080753070008512859:
5202108080753120004969965:
5202108080753140008512859:
5202108080753160006030142:
5202108080753200009339812:
5202108080753231513637915:
5202108080753260004946517:
5202108080753290004989365:
5202108080753360008697063:
5202108080753380003920040:
5202108080753410000424165:
5202108080753460009351998:
5202108080753480004180013:
5202108080753530006025812:
5202108080754010009321395:
5202108080754100002851479:
5202108080754250008500113:
5202108080754320003892332:
5202108080754350008510090:
5202108080754390007413810:
5202108080754410008709393:
5202108080754440008694659:
5202108080754470006039671:
5202108080754480008692450:
5202108080754540008676811:
5202108080754570008503171:
5202108080754590004969653:
5202108080755010006030118:
5202108080755030008682585:
5202108080755050006036875:
5202108080755090009348762:
5202108080755110009323985:
5202108080755170006018005:
5202108080755210008510316:
5202108080755220004961404:
5202108080755250008501942:
5202108080755320008706878:
5202108080755340009340820:
5202108080755380004997873:
5202108080755400004998401:
5202108080755420009252984:
5202108080755430009347607:
5202108080756020009232187:
5202108080756030004960782:
5202108080756050004994074:
5202108080756070001083110:
5202108080756090009226412:
5202108080756180009327416:
5202108080756190009226412:
5202108080756210009327416:
5202108080756270009298207:
5202108080756300006033090:
5202108080756390004975477:
5202108080756400009340824:
5202108080756420004947668:
5202108080756440007401654:
5202108080756480009253842:
5202108080756510009288270:
5202108080756520007407459:
5202108080756550006029988:
5202108080756570004937089:
5202108080756580009341030:
5202108080757000006030130:
5202108080757030004994335:
5202108080757090008696894:
5202108080757110008686064:
5202108080757130007414082:
5202108080757140009282809:
5202108080757160008515021:
5202108080757180009339219:
5202108080757190006016275:
5202108080757210008510716:
5202108080757230009354401:
5202108080757250004984899:
5202108080757280004951746:
5202108080757320008701083:
5202108080757340006012153:
5202108080757360008506074:
5202108080757380008501795:
5202108080757390009281814:
5202108080757550008711892:
5202108080757570009346376:
5202108080757590001114611:
5202108080758040009330829:
5202108080758080004923454:
5202108080758100008498971:
5202108080758110009280491:
5202108080758150009305197:
5202108080758190006028797:
5202108080758220008519522:
5202108080758250008709011:
5202108080758270001077087:
5202108080758280008516236:
5202108080758330009282114:
5202108080758360009306769:
5202108080758370008497935:
5202108080758390007413042:
5202108080758430009225481:
5202108080758450009342959:
5202108080758460009354001:
5202108080758480004976805:
5202108080758500008515734:
5202108080758520007410385:
5202108080758580008703693:
5202108080759000009340820:
5202108080759020009226440:
5202108080759030004995861:
5202108080759070009232378:
5202108080759160009232651:
5202108080759260004921535:
5202108080759320009337006:
5202108080759340004936823:
5202108080759420008508219:
5202108080759440006018006:
5202108080759460004997608:
5202108080759520009246199:
5202108080800250008497463:
5202108080800340008493366:
5202108080800500009286616:
5202108080800520004995665:
5202108080800561513649006:
5202108080800570004949474:
5202108080801040009300544:
5202108080801100006041715:
5202108080801390003126145:
5202108080801500009310954:
5202108080802150007421269:
5202108080802220009297056:
5202108080803440006039494:
5202108080803450009286880:
5202108080804490009226392:
5202108080805260008508352:
5202108080805430007410282:
5202108080806000006041103:
5202108080808090009339803:
5202108080847200006016277:
5202108081658430004928821:
5202108081701210008682585:
5202108081701250004960471:
5202108081701290004998401:
5202108081701330004953485:
5202108081701360004994335:
5202108081701390008718216:
5202108081701450004967512:
5202108081701500004997873:
5202108081701540009253991:
5202108081704130008493750:
5202108081714480009300544:
5202108081900150008704200:
5202108081900230008494010:
5202108081901270000424165:
5202108081901300009346362:
5202108081901310009234467:
5202108081901350009234236:
5202108081901440006039671:
5202108081901460009347607:
5202108081901480008515081:
5202108081901500008510518:
5202108081901520008516236:
5202108081902010009324831:
5202108081902030008494564:
5202108081902050004959001:
5202108081902070008512216:
5202108081902090004951445:
5202108081902200009339795:
5202108081902260008500312:
5202108081902290008691017:
5202108081902320006025812:
5202108081902340001083110:
5202108081902360004950546:
5202108081902380004973075:
5202108081902390006040952:
5202108081902410004960782:
5202108081902430004984899:
5202108081902450004994074:
5202108081902460004923605:
5202108081902480004947668:
5202108081902500006037287:
5202108081902520008692450:
5202108081902540008517932:
5202108081902560006036875:
5202108081902580009324107:
5202108081903000008699606:
5202108081903020004930090:
5202108081903040009339797:
5202108081903070009296798:
5202108081903090009290264:
5202108081903100004961787:
5202108081903120009354001:
5202108081903170004976717:
5202108081903260003920040:
5202108081903290008698279:
5202108081903320008690941:
5202108081903340004995861:
5202108081903360009321395:
5202108081903380009225507:
5202108081903410004932362:
5202108081903470009305457:
5202108081903490006039969:
5202108081903510004989365:
5202108081903530004986057:
5202108081903550009234480:
5202108081903570008694659:
5202108081903590009321334:
5202108081904010009290365:
5202108081904030009248283:
5202108081904050009354401:
5202108081904070009341030:
5202108081904090006040283:
5202108081904110008503171:
5202108081904130004961404:
5202108081904140009340824:
5202108081904160007413042:
5202108081904210009341030:
5202108081904320006030118:
5202108081904340009253842:
5202108081904371513649006:
5202108081904400008491998:
5202108081904440004994596:
5202108081904480006025445:
5202108081904560008493366:
5202108081904580006033090:
5202108081905070007402194:
5202108081905120009230781:
5202108081905210003126145:
5202108081905230009225494:
5202108081905250009225481:
5202108081905260009252984:
5202108081905280007414082:
5202108081905300008506376:
5202108081905400004947107:
5202108081905480009226826:
5202108081905520009339219:
5202108081906330009346707:
5202108081907020009281814:
5202108081907070007410282:
5202108081907100009297056:
5202108081908150009280491:
5202108081911480006031525:
5202108081917010004961093:
5202108081921440009321319:
5202108081924280004949474:
5202108081927050007410385:
5202108081931430009339803:
5202108081934570009322682:
5202108081950360009226392:
5202108081959570008680789:
5202108082000100009272184:
5202108082000250009306769:
5202108082001070006039541:
5202108082001170004970901:
5202108082001220007421690:
5202108082001510009254908:
5202108082001530006026834:
5202108082001560005011308:
5202108082002010008510316:
5202108082002060008704914:
5202108082002160001077087:
5202108082002180008688253:
5202108082002430009309829:
5202108082003040004954090:
5202108082003080004995116:
5202108082003210001079288:
5202108082003260008702320:
5202108082003360004997608:
5202108082003390007421212:
5202108082003410009298207:
5202108082003420008506797:
5202108082003440009342959:
5202108082003460006022852:
5202108082003480008696894:
5202108082003500004946517:
5202108082003520006036993:
5202108082003530009254229:
5202108082003550008493286:
5202108082003570008690529:
5202108082004020007402523:
5202108082004030008676811:
5202108082004060000439539:
5202108082004080009342183:
5202108082004100008709393:
5202108082004120004995665:
5202108082004140009303525:
5202108082004160008512059:
5202108082004180008495616:
5202108082004230009294273:
5202108082004250008495616:
5202108082004270004989948:
5202108082004300008510090:
5202108082004390008511694:
5202108082004410009295615:
5202108082004440007401654:
5202108082005090006041715:
5202108082005230009254183:
5202108082005250008494333:
5202108082007070009253846:
5202108082007190004995938:
5202108082008030009326612:
5202108082008060004995938:
5202108082008270007402482:
5202108082009070004962411:
5202108082009260006009777:
5202108082014120008502364:
5202108082014480009232651:
5202108082019440004967002:
5202108082021560003137987:
5202108082023450008497463:
5202108082023490008508219:
5202108082101000004969965:
5202108082115090009285513:
5202108082120171513637915:
5202108082120210004951145:
5202108082156360004967312:
5202108082158060006021994:
5202108082158140006028762:
5202108082158170004951746:
5202108082158250004934156:
5202108082158290004969653:
5202108082158310008501942:
5202108082158370008494613:
5202108082158410009226447:
5202108082159010009286616:
5202108082159030009310954:
5202108082159040008512859:
5202108082159060004987436:
5202108082159080007398172:
5202108082159090006016276:
5202108082159110009310954:
5202108082159120009231410:
5202108082159140006016276:
5202108082159150009288913:
5202108082159170006039972:
5202108082159190007419049:
5202108082159200007402512:
5202108082159220008708048:
5202108082159230009232631:
5202108082159270008431645:
5202108082159280009230790:
5202108082159310004937088:
5202108082159340002851479:
5202108082159350008431645:
5202108082159360009230790:
5202108082159380009346170:
5202108082159390004930974:
5202108082159410007422441:
5202108082159420004946487:
5202108082159460002851459:
5202108082159470008515021:
5202108082159500009233710:
5202108082159520009348762:
5202108082159540009282809:
5202108082159560004923454:
5202108082159590006029988:
5202108082200010006012153:
5202108082200020008499208:
5202108082200050004927329:
5202108082200080009232187:
5202108082200110008500184:
5202108082200130008509901:
5202108082200150009351823:
5202108082200160009339524:
5202108082200180008503915:
5202108082200190009340820:
5202108082200210004976805:
5202108082200230008515734:
5202108082200240009253997:
5202108082200260004180013:
5202108082200271513645885:
5202108082200300009288270:
5202108082200310008687593:
5202108082200330009236809:
5202108082200350004976407:
5202108082200370004922875:
5202108082200380007411321:
5202108082200400009323985:
5202108082200420009346376:
5202108082200440009327416:
5202108082200470007413810:
5202108082200490009279709:
5202108082200510006030130:
5202108082200530009276680:
5202108082200540001108277:
5202108082200580007402500:
5202108082201000009339273:
5202108082201020004961715:
5202108082201050009351308:
5202108082201080009282114:
5202108082201100004934727:
5202108082201130004985169:
5202108082201140006032924:
5202108082201180009326645:
5202108082201200009339839:
5202108082201230006030142:
5202108082201270009226440:
5202108082201300004989073:
5202108082201340008706878:
5202108082201360006039494:
5202108082201380009286880:
5202108082201430009240533:
5202108082201450003892332:
5202108082201470008678678:
5202108082201500008513365:
5202108082201510004967900:
5202108082201530008513950:
5202108082201550009241934:
5202108082202040004950845:
5202108082202080009226412:
5202108082202110007412611:
5202108082202130009232378:
5202108082202150009339812:
5202108082202300008709011:
5202108082202550008519522:
5202108082203210008709061:
5202108082204210009343364:
5202108082205270008706494:
5202108082207000008500113:
5202108082207050006036321:
5202108082207460004933649:
5202108082207490008686064:
5202108082207510005000508:
5202108082208010004937357:
5202108082208260009300607:
6202108080729180002851459:
6202108080730070007405149:
6202108080733130009326438:
6202108080734430007404782:
6202108080737010004927120:
6202108080737070004953182:
6202108080737100004969682:
6202108080738230007402498:
6202108080739000000431430:
6202108080739040004946487:
6202108080739070008503824:
6202108080739490008501833:
6202108080739590008495365:
6202108080740350008509407:
6202108080741080004928821:
6202108080741320009241075:
6202108080741350005006025:
6202108080742040004986256:
6202108080743150009325535:
6202108080743220009300413:
6202108080743310007411542:
6202108080743460009298019:
6202108080743510009288870:
6202108080743520008510264:
6202108080744460009354344:
6202108080744550009236868:
6202108080746380009234108:
6202108080746520008509948:
6202108080747050009230790:
6202108080747100006039972:
6202108080747250004986846:
6202108080747300008492622:
6202108080747340006015163:
6202108080747470009301802:
6202108080747560004962099:
6202108080748160006040360:
6202108080748190009226959:
6202108080748250008500109:
6202108080748270008503515:
6202108080748370008693892:
6202108080748390004977423:
6202108080748450008708048:
6202108080748480009226812:
6202108080748520009281874:
6202108080748540009274203:
6202108080748570008500401:
6202108080748590004936556:
6202108080749060009252946:
6202108080749110008698121:
6202108080749150006018008:
6202108080749340006026797:
6202108080749370006037015:
6202108080749410006014943:
6202108080749440009283931:
6202108080749460008512035:
6202108080749490006024122:
6202108080749510009278607:
6202108080749530009335560:
6202108080749550008499509:
6202108080749570008493676:
6202108080749590009348543:
6202108080750030006039510:
6202108080750200002851460:
6202108080750240009324879:
6202108080750340007398172:
6202108080750370006028762:
6202108080750390009339254:
6202108080750430008494290:
6202108080750450004970901:
6202108080750480008677903:
6202108080750490004927539:
6202108080751010004046800:
6202108080751040004968194:
6202108080751090009284157:
6202108080751130006023662:
6202108080751160004928389:
6202108080751190008508290:
6202108080751220004996134:
6202108080751250009352016:
6202108080751270009324637:
6202108080751300006027609:
6202108080751330007422489:
6202108080751380004930576:
6202108080751400008497699:
6202108080751430006016090:
6202108080751450009253846:
6202108080751480009292116:
6202108080751500009346367:
6202108080751530009340817:
6202108080751560004965866:
6202108080752010009253739:
6202108080752030006032903:
6202108080752040008497774:
6202108080752080004934669:
6202108080752120009233697:
6202108080752150008715839:
6202108080752180006037924:
6202108080752221513409863:
6202108080752240007412611:
6202108080752270009226447:
6202108080752310009293895:
6202108080752320008499471:
6202108080752350009340470:
6202108080752380008711445:
6202108080752400004950247:
6202108080752460008445992:
6202108080752490004969357:
6202108080752560005001068:
6202108080753020009343593:
6202108080753080008492410:
6202108080753110008506912:
6202108080753150001096293:
6202108080753170008499805:
6202108080753180008689944:
6202108080753190008683421:
6202108080753220004971518:
6202108080753240008684967:
6202108080753280009226816:
6202108080753310009288913:
6202108080753340008492480:
6202108080753360004969965:
6202108080753390006025823:
6202108080753400009305547:
6202108080753450001122577:
6202108080753470009231410:
6202108080753480008506434:
6202108080753520008494613:
6202108080753530009230815:
6202108080753580008492776:
6202108080754070008711197:
6202108080754100006036318:
6202108080754110009324068:
6202108080754130008518128:
6202108080754160009308083:
6202108080754170008443266:
6202108080754200009340813:
6202108080754220009354581:
6202108080754240009230812:
6202108080754260009226817:
6202108080754280004968100:
6202108080754300008508521:
6202108080754310009324574:
6202108080754330009326658:
6202108080754350009326609:
6202108080754360008707174:
6202108080754390004987731:
6202108080754400009290264:
6202108080754440009233704:
6202108080754471513653096:
6202108080754500009254169:
6202108080754550006016276:
6202108080754580003892332:
6202108080755010009254002:
6202108080755030009286387:
6202108080755050004968716:
6202108080755070006025807:
6202108080755090008431645:
6202108080755120009335539:
6202108080755140004937088:
6202108080755170004936557:
6202108080755190003117204:
6202108080755210000439530:
6202108080755220008678678:
6202108080755240006028757:
6202108080755250004922560:
6202108080755270009324629:
6202108080755300003916932:
6202108080755340008510316:
6202108080755390008501942:
6202108080755430009254908:
6202108080755460001087528:
6202108080755490009342940:
6202108080755520008692032:
6202108080755530008709488:
6202108080755570008693920:
6202108080755580009247696:
6202108080756000008696388:
6202108080756020002851487:
6202108080756040008699992:
6202108080756060004934156:
6202108080756140009240533:
6202108080756150009285701:
6202108080756170008495468:
6202108080756200008679943:
6202108080756240007421735:
6202108080756270004922029:
6202108080756310008698795:
6202108080756370004933902:
6202108080756410004928175:
6202108080756420008518703:
6202108080756440008695905:
6202108080756460008511510:
6202108080756480008499556:
6202108080756510008502735:
6202108080756530009327615:
6202108080756540009339802:
6202108080756560008494201:
6202108080757000009273013:
6202108080757020000424146:
6202108080757030008688282:
6202108080757050008683912:
6202108080757070009342981:
6202108080757080007422441:
6202108080757100008498021:
6202108080757130009232631:
6202108080757150008511515:
6202108080757190004921905:
6202108080757220008507829:
6202108080757230009354349:
6202108080757250008516772:
6202108080757270009348748:
6202108080757280004977027:
6202108080757300004936029:
6202108080757320003918790:
6202108080757340009322614:
6202108080757360008713928:
6202108080757370009280051:
6202108080757390009293228:
6202108080757410003137963:
6202108080757420006035813:
6202108080757440004967806:
6202108080757460008677829:
6202108080757470006017496:
6202108080757490006021994:
6202108080757500005006239:
6202108080757540009354825:
6202108080757550006014941:
6202108080757580006039506:
6202108080758000007417231:
6202108080758010006039541:
6202108080758030004966592:
6202108080758050006030482:
6202108080758070009343174:
6202108080758090004951477:
6202108080758100009342962:
6202108080758120009351964:
6202108080758140008710216:
6202108080758150008685403:
6202108080758170004966490:
6202108080758180009283164:
6202108080758200008508757:
6202108080758210004928604:
6202108080758230008714113:
6202108080758250009330829:
6202108080758260004045200:
6202108080758280008501482:
6202108080758310008498971:
6202108080758340008499149:
6202108080758360004930793:
6202108080758370008716625:
6202108080758390004923758:
6202108080758440004924923:
6202108080758470001077087:
6202108080758480009346033:
6202108080758500006015460:
6202108080758520008513365:
6202108080758550009322590:
6202108080758560008512397:
6202108080758580009230749:
6202108080759010009282114:
6202108080759030009230749:
6202108080759050008497935:
6202108080759070008515734:
6202108080759090009290271:
6202108080759100009230793:
6202108080759121513653821:
6202108080759160002851443:
6202108080759190008500889:
6202108080759270007409900:
6202108080759290009286996:
6202108080759320008509836:
6202108080759340007404952:
6202108080759370008500888:
6202108080759390009309829:
6202108080759410004158333:
6202108080759430009354582:
6202108080759460006026834:
6202108080800020007402196:
6202108080800040006018006:
6202108080800050008513733:
6202108080800130009340816:
6202108080800200004178213:
6202108080800250007395627:
6202108080800270008698315:
6202108080800290006036994:
6202108080800310004931897:
6202108080800350009346020:
6202108080800370009339834:
6202108080800430009288958:
6202108080800510009325511:
6202108080800520004976407:
6202108080800580006036876:
6202108080801020009339144:
6202108080801040008704914:
6202108080801070009233737:
6202108080801200004966904:
6202108080801240006033720:
6202108080801310008708560:
6202108080801410008688767:
6202108080802100007401166:
6202108080802170004923617:
6202108080802300006032030:
6202108080802330008692560:
6202108080802350008516213:
6202108080802380007421269:
6202108080802390008696238:
6202108080802440007402467:
6202108080802530009282645:
6202108080802570009287614:
6202108080803000004934927:
6202108080803070004938938:
6202108080804210009309504:
6202108080804350008494092:
6202108080804370008701103:
6202108080804390004930974:
6202108080805030004931414:
6202108080805190008496367:
6202108080805300009298223:
6202108080806520009234240:
6202108080807550006019315:
6202108080808430004929865:
6202108080834040005000296:
6202108080845140007407502:
6202108081656060009282645:
6202108081658110004928821:
6202108081700210008497699:
6202108081706110009310727:
6202108081844360009275624:
6202108081900060008692117:
6202108081900190004936688:
6202108081900220009284157:
6202108081900240004975787:
6202108081900340009340470:
6202108081900400008494201:
6202108081900430009327615:
6202108081900500009326609:
6202108081900520008699992:
6202108081900560004155886:
6202108081901000009325511:
6202108081901020008691341:
6202108081901060006023085:
6202108081901080008518703:
6202108081901310004932608:
6202108081901360006018008:
6202108081901390008445992:
6202108081901480006036994:
6202108081903050009324606:
6202108081904130009336990:
6202108081905500006028450:
6202108081911270008505663:
6202108081911360009309504:
6202108081924060004949474:
6202108081957140009292038:
6202108081957150008500401:
6202108081957240004965866:
6202108081958410008713719:
6202108081958460008710216:
6202108081959150009324629:
6202108081959190009343149:
6202108081959230009273013:
6202108081959250006028799:
6202108081959270009324637:
6202108081959290004937625:
6202108081959320004996481:
6202108081959370003132773:
6202108081959390008711445:
6202108081959430006041721:
6202108081959520008509407:
6202108081959540008499556:
6202108082000010004936557:
6202108082000050009324574:
6202108082000090009339195:
6202108082000140006028957:
6202108082000180009349985:
6202108082000210000424167:
6202108082000230009331842:
6202108082000260008680900:
6202108082000280008689944:
6202108082000300004927539:
6202108082000350008710875:
6202108082000390009283931:
6202108082000410008704360:
6202108082000430008697063:
6202108082000540004927750:
6202108082000571513653096:
6202108082000590009283164:
6202108082001000009322602:
6202108082001040007404782:
6202108082001060005011308:
6202108082001080009346173:
6202108082001130009340816:
6202108082001160003137754:
6202108082001180005011308:
6202108082001190008680280:
6202108082001210004971518:
6202108082001230005011308:
6202108082001250004931414:
6202108082001270003132772:
6202108082001290008497634:
6202108082001300009339834:
6202108082001320004936823:
6202108082001340009254908:
6202108082001350006026834:
6202108082001370008510316:
6202108082001390008704914:
6202108082001510001077087:
6202108082001550008492776:
6202108082001590009281193:
6202108082002020008716113:
6202108082002030004922560:
6202108082002050008492776:
6202108082002060005006239:
6202108082002080009226816:
6202108082002150007404952:
6202108082002200002851443:
6202108082002300004993812:
6202108082002390004921535:
6202108082002410009285701:
6202108082002460008503515:
6202108082002490008711197:
6202108082002540008516772:
6202108082002570004950247:
6202108082003040004968716:
6202108082003500001096293:
6202108082003560009302534:
6202108082004120009276489:
6202108082004410004977423:
6202108082004440009346033:
6202108082004490006017488:
6202108082004510009274443:
6202108082004540007422489:
6202108082006240006015163:
6202108082006530004927120:
6202108082007140009278862:
6202108082007270008516213:
6202108082007470009301802:
6202108082008240009324085:
6202108082008480004962411:
6202108082009010009322590:
6202108082014430004928175:
6202108082015290006017496:
6202108082015410008698315:
6202108082015560006035813:
6202108082016360004968100:
6202108082016440009293895:
6202108082018250004974633:
6202108082018310004922422:
6202108082019110009304051:
6202108082019130004922422:
6202108082021010006022420:
6202108082021040007407502:
6202108082023530006032903:
6202108082023550004948585:
6202108082026190004928581:
6202108082044530009305197:
6202108082050000009291036:
6202108082059500004962099:
6202108082100110008714113:
6202108082100450004969965:
6202108082104170004986256:
6202108082104200009292116:
6202108082108100008508441:
6202108082118050006028797:
6202108082125540004933960:
6202108082143540009349952:
6202108082148480009254002:
6202108082148510009286624:
6202108082150480009247509:
6202108082152560009346063:
6202108082153360009231452:
6202108082153430004929865:
6202108082157300008496367:
6202108082157320004969682:
6202108082157360008497774:
6202108082157410008708048:
6202108082157460008495365:
6202108082157480008499149:
6202108082157500009300413:
6202108082157520008695905:
6202108082157540004936556:
6202108082157560006028762:
6202108082157590008501942:
6202108082158020009274203:
6202108082158030001122577:
6202108082158050006037015:
6202108082158060007401166:
6202108082158070004969653:
6202108082158090009230793:
6202108082158120008494613:
6202108082158130008499805:
6202108082158170004953182:
6202108082158190008499805:
6202108082158200009226447:
6202108082158230009231410:
6202108082158250008492622:
6202108082158300006027609:
6202108082158310009288913:
6202108082158330006040360:
6202108082158350006039972:
6202108082158370009233704:
6202108082158390009288913:
6202108082158400008500109:
6202108082158420008712785:
6202108082158430007409900:
6202108082158450006039972:
6202108082158470008500109:
6202108082158520008518128:
6202108082158540007417231:
6202108082158550009298019:
6202108082158570008515734:
6202108082158590004934669:
6202108082159020007422441:
6202108082159080004977027:
6202108082159090008683421:
6202108082159110008508290:
6202108082159140008498971:
6202108082159160008686680:
6202108082159170004930974:
6202108082159190004951477:
6202108082159200004996134:
6202108082159220009354344:
6202108082159230004928389:
6202108082159270009305547:
6202108082159290009348543:
6202108082159300004921905:
6202108082159320009348543:
6202108082159340006030482:
6202108082159350008501833:
6202108082159370004933902:
6202108082159380009305547:
6202108082159400008509948:
6202108082159410008501833:
6202108082159430006018006:
6202108082159450004969357:
6202108082159460004966490:
6202108082159480008696238:
6202108082159500008692560:
6202108082159520008515734:
6202108082200000004922029:
6202108082200040008506434:
6202108082200050006028757:
6202108082200070004987731:
6202108082200090004178213:
6202108082200100009280051:
6202108082200120004966592:
6202108082200140008508757:
6202108082200160008443266:
6202108082200180004976407:
6202108082200190001087528:
6202108082200210006025807:
6202108082200230008494964:
6202108082200240004938938:
6202108082200260006033720:
6202108082200280009252946:
6202108082200290008508521:
6202108082200310004969598:
6202108082200320008506074:
6202108082200340008501795:
6202108082200350006037924:
6202108082200370006022158:
6202108082200380009226959:
6202108082200400006032030:
6202108082200420009282114:
6202108082200440009286387:
6202108082200460006022160:
6202108082200480006025806:
6202108082200490008715034:
6202108082200520009226817:
6202108082200530004930793:
6202108082200550001114611:
6202108082200560004927962:
6202108082200580008502735:
6202108082200590008501482:
6202108082201010002851460:
6202108082201020008492480:
6202108082201040004928604:
6202108082201060008512035:
6202108082201070006024122:
6202108082201090009232653:
6202108082201100004046800:
6202108082201120007411542:
6202108082201140009292077:
6202108082201150008507829:
6202108082201170009240533:
6202108082201180003892332:
6202108082201200009254207:
6202108082201210004967900:
6202108082201230007395627:
6202108082201250009335539:
6202108082201260008513365:
6202108082201280008511510:
6202108082201301513409863:
6202108082201330009233737:
6202108082201350005006025:
6202108082201370004968194:
6202108082201390008506766:
6202108082201400009339144:
6202108082201420008493676:
6202108082201440008494290:
6202108082201460006039510:
6202108082201470008497935:
6202108082201490004937089:
6202108082201520007412611:
6202108082201540006026835:
6202108082201550004934927:
6202108082201570007405149:
6202108082201590006039497:
6202108082202050007421269:
6202108082202120009247696:
6202108082202160009296138:
6202108082202190006036876:
6202108082202360009234108:
6202108082202390008708560:
6202108082202460006039337:
6202108082203050005000296:
6202108082204220006033902:
6202108082204270006014349:
6202108082204300006036321:
6202108082303290004179142:
8202108080734290004974322:
8202108080734310009231425:
8202108080743320007396382:
8202108080744120006037029:
8202108080745280001087543:
8202108080745570009273291:
8202108080746180006021988:
8202108080746250006016091:
8202108080746450009339225:
8202108080746510009298435:
8202108080748190008511681:
8202108080748240003137945:
8202108080748480008504234:
8202108080748500003137945:
8202108080749180009346055:
8202108080749200009338161:
8202108080749500008496149:
8202108080750160004935623:
8202108080751320008500626:
8202108080752080008716113:
8202108080752180008493895:
8202108080752260008502693:
8202108080752270005001511:
8202108080752301513631613:
8202108080752520008512783:
8202108080753240009348776:
8202108080753350009234249:
8202108080753400007407499:
8202108080754190004967900:
8202108080754240009346685:
8202108080754290004929419:
8202108080754410006028799:
8202108080754510008493340:
8202108080754530009325498:
8202108080754560009296645:
8202108080755010009305260:
8202108080755040009324572:
8202108080755150009341742:
8202108080755190008499867:
8202108080755210001083930:
8202108080755240009327620:
8202108080755290006013128:
8202108080755320009336959:
8202108080755350001088074:
8202108080755380008717694:
8202108080755410008499706:
8202108080755450004989551:
8202108080755550015629857:
8202108080756000009342984:
8202108080756030008710875:
8202108080756080008504736:
8202108080756100009341511:
8202108080756130004924511:
8202108080756310006036336:
8202108080756330008445656:
8202108080756350009226385:
8202108080756520008500083:
8202108080756540008679170:
8202108080756590009311280:
8202108080757110009342978:
8202108080757250000424007:
8202108080757330009226433:
8202108080757370006036997:
8202108080757420009352010:
8202108080757450008686117:
8202108080757490009272187:
8202108080757520008500142:
8202108080757560009272020:
8202108080758020009250787:
8202108080758080004926919:
8202108080758100009324606:
8202108080758220004962411:
8202108080758240003116965:
8202108080758310004978162:
8202108080759010009342035:
8202108080759110009231455:
8202108080759120006042240:
8202108080801240004922422:
8202108080803200004947698:
8202108080807030009346364:
8202108080812150008708992:
8202108081700020004924923:
8202108081859210009346364:
8202108081859290009342982:
8202108081859320009336959:
8202108081859570009348748:
8202108081900020009296645:
8202108081900030008503303:
8202108081900050009273291:
8202108081900080009342978:
8202108081900110009234458:
8202108081900140001077425:
8202108081900160009342035:
8202108081900220004932608:
8202108081900240009343593:
8202108081900280006041717:
8202108081900300009243147:
8202108081900370009311280:
8202108081900390008500493:
8202108081900410009298435:
8202108081900430009226797:
8202108081900450009246202:
8202108081900460004045200:
8202108081900490009354827:
8202108081900510009339821:
8202108081900530004935623:
8202108081900550004969304:
8202108081900560009287195:
8202108081900580009346685:
8202108081901010015629857:
8202108081901030009346181:
8202108081901040004989551:
8202108081901060006041875:
8202108081901080009342984:
8202108081901100008506212:
8202108081901120009252970:
8202108081901150009339817:
8202108081901180009348776:
8202108081901190006037029:
8202108081901230008499867:
8202108081901360006020192:
8202108081901490004931897:
8202108081901570008512783:
8202108081902030004929641:
8202108081902110006014941:
8202108081902580004936293:
8202108081903230009305260:
8202108081903300004926919:
8202108081906550006042240:
8202108081942110008503979:
8202108081959110009330829:
8202108081959270008690794:
8202108081959310009341511:
8202108081959441513626317:
8202108081959490008503339:
8202108082000130009272187:
8202108082000240009234249:
8202108082000320009247701:
8202108082000360002854367:
8202108082000370009337006:
8202108082000420006025823:
8202108082000490009327564:
8202108082000510007407499:
8202108082000530009343592:
8202108082000540007407459:
8202108082001080009234240:
8202108082001200004959868:
8202108082001230009342997:
8202108082001360008500888:
8202108082001490009327620:
8202108082001540008504234:
8202108082001570008511222:
8202108082002040009254000:
8202108082002070009274874:
8202108082002310009230812:
8202108082002540007402467:
8202108082003000009354391:
8202108082003050009321481:
8202108082003090004923758:
8202108082003520005001511:
8202108082004150009349972:
8202108082004170003117204:
8202108082004190009309524:
8202108082009480004947993:
8202108082100370009342143:
8202108082100400004998924:
8202108082101410004974322:
8202108082101430009231425:
8202108082105030008495972:
8202108082110140009226399:
8202108082157550008500378:
8202108082159140007395601:
8202108082159370004931010:
8202108082200000008500142:
8202108082200020008509836:
8202108082200020009277510:
8202108082200050008517323:
8202108082200060004952880:
8202108082200080000424007:
8202108082200100008504736:
8202108082200110008493895:
8202108082200130004988966:
8202108082200150009343567:
8202108082200160001088074:
8202108082200180008686117:
8202108082200190008495426:
8202108082200210008495556:
8202108082200220007396382:
8202108082200240006016091:
8202108082200250008496149:
8202108082200270003126360:
8202108082200300004179293:
8202108082200310008499706:
8202108082200330001087543:
8202108082200340008501835:
8202108082200360006027345:
8202108082200380008500626:
8202108082200400006036336:
8202108082200420001083930:
8202108082200430009339204:
8202108082200450004163548:
8202108082200480006013128:
8202108082200500006028960:
8202108082200520004929198:
8202108082200530006036504:
8202108082200550006015165:
8202108082200570008719239:
8202108082200590009341742:
8202108082201000009324572:
8202108082201020009290271:
8202108082201030008500083:
8202108082201050009226433:
8202108082201070008679170:
8202108082201080006036997:
8202108082201100009295454:
8202108082201110004947698:
8202108082201130008715839:
8202108082201160008511681:
8202108082201181513631613:
8202108082201270008499047:
8202108082201300004924511:
8202108082201440009226821:
8202108082201550006039974:
8202108082201580004923617:
8202108082202000009232613:
8202108082202050009254169:
8202108082202150008504091:
8202108082203090004975255:
8202108082203120009231455:
