2202108050721070006039998:
2202108050724350008706494:
2202108050726070004933649:
2202108050728540006032924:
2202108050730070006026835:
2202108050732560006039969:
2202108050738390007398914:
2202108050739360009300590:
2202108050740090006014349:
2202108050741270009296138:
2202108050742260008698044:
2202108050743340008494564:
2202108050744030007421743:
2202108050744090009283296:
2202108050744310008681883:
2202108050744380006022439:
2202108050745170009254926:
2202108050745210009311703:
2202108050745390009297569:
2202108050745420006036321:
2202108050745521513646659:
2202108050746170004966802:
2202108050746320006041088:
2202108050746370006025445:
2202108050746390004931010:
2202108050746560009307295:
2202108050747150009304051:
2202108050747250004180013:
2202108050747400009314286:
2202108050747420004986846:
2202108050747460008429638:
2202108050747490008519522:
2202108050747540008495972:
2202108050747580008694944:
2202108050748440008497657:
2202108050748470007402482:
2202108050749130009296798:
2202108050749250008491998:
2202108050749300009290365:
2202108050749360008503198:
2202108050749410004936954:
2202108050749430004930317:
2202108050749480004922287:
2202108050749560004947963:
2202108050750020009326618:
2202108050750100004935885:
2202108050750130006012153:
2202108050750200008716113:
2202108050750290006039541:
2202108050750340006021875:
2202108050750370004968394:
2202108050750390006030135:
2202108050750470004937625:
2202108050750530008504258:
2202108050750580007415195:
2202108050751030008503915:
2202108050751060007421690:
2202108050751170004924590:
2202108050751290008506907:
2202108050751440009342035:
2202108050751480008506912:
2202108050751540004921669:
2202108050752090005006768:
2202108050752120008494333:
2202108050752170009281193:
2202108050752210008514157:
2202108050752260007395592:
2202108050752290004950247:
2202108050752330008496191:
2202108050752350007395592:
2202108050752400008677773:
2202108050752460008512059:
2202108050752490009236810:
2202108050752520007402523:
2202108050752540008500956:
2202108050752560008508587:
2202108050752580004932123:
2202108050753000009281753:
2202108050753050006036993:
2202108050753220009287011:
2202108050753420009346038:
2202108050753450009276908:
2202108050753480008515081:
2202108050753560009233710:
2202108050754020004931193:
2202108050754030009340824:
2202108050754050008702320:
2202108050754070009321334:
2202108050754080008678354:
2202108050754101513628688:
2202108050754120008698795:
2202108050754130006014943:
2202108050754150006033001:
2202108050754180006016275:
2202108050754190008506797:
2202108050754210009351823:
2202108050754230009321319:
2202108050754250008505663:
2202108050754280004975875:
2202108050754300006751664:
2202108050754320009300596:
2202108050754330006017488:
2202108050754500004967312:
2202108050754530004976407:
2202108050754580008492705:
2202108050755000003915458:
2202108050755020009298207:
2202108050755050004939835:
2202108050755070009283164:
2202108050755100004987436:
2202108050755120009252984:
2202108050755150008497276:
2202108050755180009324107:
2202108050755200009313676:
2202108050755230009337945:
2202108050755250008709369:
2202108050755270006021994:
2202108050755400009286624:
2202108050755430008680789:
2202108050755450007422489:
2202108050755480009297664:
2202108050755510006018005:
2202108050755530008691017:
2202108050755550008688253:
2202108050756030009354625:
2202108050756060008424093:
2202108050756080008690794:
2202108050756130009254207:
2202108050756150009341030:
2202108050756180009314167:
2202108050756240008493286:
2202108050756270004930540:
2202108050756280004984899:
2202108050756310008686663:
2202108050756350008701527:
2202108050756380009248283:
2202108050756400004940674:
2202108050756430008701083:
2202108050756460006029990:
2202108050756470009232631:
2202108050756490009346063:
2202108050756540000431412:
2202108050756560004946782:
2202108050756591513643510:
2202108050757020009349952:
2202108050757040008439606:
2202108050757060009343567:
2202108050757080009336990:
2202108050757110009293911:
2202108050757130009339828:
2202108050757150009289101:
2202108050757170006039130:
2202108050757190008707832:
2202108050757210006018008:
2202108050757230006020195:
2202108050757260009336988:
2202108050757280008515447:
2202108050757290001079879:
2202108050757320009340483:
2202108050757330002851465:
2202108050757350009226826:
2202108050757390004921380:
2202108050757410009226412:
2202108050757430009275335:
2202108050757450009226412:
2202108050757470009339144:
2202108050757490004967806:
2202108050757560004927962:
2202108050758010006021991:
2202108050758170004967002:
2202108050758230004948851:
2202108050758250008495616:
2202108050758290008426247:
2202108050758310002851478:
2202108050758340008709061:
2202108050758370004996481:
2202108050758390008715034:
2202108050758420009243147:
2202108050758440008509836:
2202108050758450004921466:
2202108050758510006022003:
2202108050758530004985960:
2202108050758550009246193:
2202108050758570009330833:
2202108050759150008494964:
2202108050759190001089614:
2202108050759200006019430:
2202108050759220009346020:
2202108050759260004923617:
2202108050759290008708560:
2202108050759320004951746:
2202108050759340008500312:
2202108050759360009337903:
2202108050759370009292077:
2202108050759390009279481:
2202108050759410004927750:
2202108050759430009293895:
2202108050759440008500567:
2202108050759470007419049:
2202108050759500009340801:
2202108050759540004923253:
2202108050759550006042277:
2202108050759570008717926:
2202108050800010009294273:
2202108050800030009290264:
2202108050800100004940114:
2202108050800140009351758:
2202108050800160009339211:
2202108050800210002851479:
2202108050800270009277203:
2202108050800290008710957:
2202108050800310009292038:
2202108050800330004975565:
2202108050800350006039337:
2202108050800410009343364:
2202108050800430003137754:
2202108050800490008696238:
2202108050800530006031525:
2202108050801030004969598:
2202108050801050009344566:
2202108050801100004960160:
2202108050801460009322682:
2202108050801470007421210:
2202108050801550009232653:
2202108050801560008501833:
2202108050802090009289323:
2202108050802210008677300:
2202108050802230009307388:
2202108050802270009278862:
2202108050802510009309829:
2202108050803560006036505:
2202108050804030009291663:
2202108050804070009313530:
2202108050804120009226392:
2202108050804140004937356:
2202108050804540007410282:
2202108050806220006022855:
2202108050807050009279728:
2202108050807280006027540:
2202108050807570004967606:
2202108050808090009247509:
2202108050808130008676957:
2202108050808440008493028:
2202108050808460008502364:
2202108050809010009303525:
2202108050809030009339824:
2202108050809120004985430:
2202108050810050006031526:
2202108050815130009272184:
2202108050816360008506632:
2202108050823580008510378:
2202108050829370009282101:
2202108050830550009310727:
2202108050830570009298073:
2202108050907090009301551:
2202108050911290009290471:
2202108051711330008508587:
2202108051756360009310727:
2202108051801450004985430:
2202108051801500001083110:
2202108051801550008701083:
2202108051801570009324107:
2202108051802010008510716:
2202108051802080009253997:
2202108051802110006029988:
2202108051802130007407739:
2202108051802180009340824:
2202108051802200004927329:
2202108051802240008517932:
2202108051802280004940674:
2202108051802320004934727:
2202108051802340008500312:
2202108051802350008494564:
2202108051802380006030142:
2202108051802400008515081:
2202108051802420004923605:
2202108051802440008690941:
2202108051802460009279709:
2202108051802480004950845:
2202108051802500004975875:
2202108051802520002851479:
2202108051802530004994856:
2202108051802580009352009:
2202108051803030009339797:
2202108051803050008698279:
2202108051803070008692450:
2202108051803151513637915:
2202108051803180006030130:
2202108051803240009351998:
2202108051803250006040283:
2202108051803290009296798:
2202108051803320006040283:
2202108051803330006016275:
2202108051803350009296798:
2202108051803360004950546:
2202108051803380006016275:
2202108051803390009339795:
2202108051803400004951145:
2202108051803420006039969:
2202108051803440007402500:
2202108051803450009340820:
2202108051803470006039969:
2202108051803490004930090:
2202108051803530006012153:
2202108051803540008694659:
2202108051803560004930090:
2202108051803570009248283:
2202108051803590009232378:
2202108051804020009323985:
2202108051804050008493366:
2202108051804080009330833:
2202108051804130009234480:
2202108051804170009290365:
2202108051804210009321334:
2202108051804360009305457:
2202108051804390006012153:
2202108051804510006018005:
2202108051805060009347607:
2202108051805110004931193:
2202108051805220009346707:
2202108051805240008496310:
2202108051805270008702320:
2202108051805300008503915:
2202108051805400009300596:
2202108051805440008495037:
2202108051805460006751664:
2202108051805520008707832:
2202108051805580009339812:
2202108051806010008493286:
2202108051806300009339524:
2202108051806320008519522:
2202108051806520008710957:
2202108051807110009341030:
2202108051808170008694944:
2202108051809210009324604:
2202108051822590009252984:
2202108051825330008706494:
2202108051826070009321319:
2202108051845340008505663:
2202108051853000008493028:
2202108051855300008514157:
2202108051900240008494010:
2202108051900290004996481:
2202108051909280004937356:
2202108051909330009272184:
2202108051927110004948585:
2202108051937170009292038:
2202108051939161513646659:
2202108051948060009313530:
2202108051948220008439606:
2202108051948250004924590:
2202108051949590009311703:
2202108051950100009336988:
2202108051950340008500956:
2202108051951130008500113:
2202108051953100006027540:
2202108051954590004947963:
2202108051955170004948851:
2202108051959270008491998:
2202108051959300004976717:
2202108051959480004932123:
2202108051959510008491998:
2202108051959530008711445:
2202108052000010009297569:
2202108052000180002851478:
2202108052000230009283296:
2202108052000250006025445:
2202108052000280004922287:
2202108052000300009236810:
2202108052000330008497276:
2202108052000350009279481:
2202108052000450007415195:
2202108052000580008506907:
2202108052001010008701527:
2202108052001150007401654:
2202108052001290004935885:
2202108052001340007422489:
2202108052001550009275335:
2202108052001590007421690:
2202108052002090009322602:
2202108052002140008497276:
2202108052002220008689944:
2202108052003320009297664:
2202108052003580004960160:
2202108052004410008698044:
2202108052006040006022439:
2202108052009560003915458:
2202108052010430006029990:
2202108052011080009346038:
2202108052011330004946782:
2202108052011350009277203:
2202108052012090009307388:
2202108052012410004921669:
2202108052015590009276908:
2202108052016350006021875:
2202108052016520004923253:
2202108052023380009300590:
2202108052025550009349952:
2202108052028350009226392:
2202108052029140006042277:
2202108052033000004966802:
2202108052043090009289101:
2202108052134580004928581:
2202108052152310008426247:
2202108052159540004921466:
2202108052159570008709061:
2202108052159580004921466:
2202108052200000009314286:
2202108052200010009301551:
2202108052200030008681883:
2202108052200050006019430:
2202108052200070004930317:
2202108052200091513628688:
2202108052200110000431412:
2202108052200130008678354:
2202108052200140000431412:
2202108052200160004936954:
2202108052200180000431412:
2202108052200190006033001:
2202108052200211513628688:
2202108052200220008678354:
2202108052200240006033001:
2202108052200250000431412:
2202108052200270009314167:
2202108052200290004921380:
2202108052200300008429638:
2202108052200320004921380:
2202108052200330009307295:
2202108052200350004968394:
2202108052200380008709061:
2202108052200400004930540:
2202108052200420009307295:
2202108052200450009326618:
2202108052200470008709369:
2202108052200500009293911:
2202108052200520009281753:
2202108052200540009287011:
2202108052200570009339828:
2202108052200590001079879:
2202108052201020009340483:
2202108052201050009339828:
2202108052201080007395627:
2202108052201270009286624:
2202108052201310006030135:
2202108052201340008492705:
2202108052201400008686663:
2202108052204540006036321:
3202108050725510008501288:
3202108050734510001099428:
3202108050736510008692290:
3202108050736591513637255:
3202108050740260004936422:
3202108050741400009309524:
3202108050742390004975787:
3202108050743020007402205:
3202108050743160004948289:
3202108050744250007404978:
3202108050744280009234458:
3202108050744490006039016:
3202108050744520009354344:
3202108050745000009226816:
3202108050745430009339930:
3202108050745530006030484:
3202108050745580008503515:
3202108050746181513653821:
3202108050746430002851485:
3202108050747530006019317:
3202108050748110009339254:
3202108050748170009234108:
3202108050748390008503303:
3202108050748410008494010:
3202108050748490009281874:
3202108050749010008494290:
3202108050749090009340813:
3202108050749100008692032:
3202108050749140008680900:
3202108050749180008499509:
3202108050749210006041717:
3202108050749230009306129:
3202108050749250006028957:
3202108050749370009335560:
3202108050749510006016090:
3202108050749570009339818:
3202108050749590004937222:
3202108050750010008692117:
3202108050750040008500888:
3202108050750060009300618:
3202108050750120009306586:
3202108050750180009252962:
3202108050750210006030480:
3202108050750240004922422:
3202108050750270008501953:
3202108050750350009343384:
3202108050750420008497634:
3202108050750450005001262:
3202108050750470004932608:
3202108050750510008512375:
3202108050750580009343593:
3202108050751040009326650:
3202108050751110008681103:
3202108050751130000439530:
3202108050751160004927539:
3202108050751180000439530:
3202108050751210004946812:
3202108050751230006028450:
3202108050751250008514966:
3202108050751290009343149:
3202108050751310008498188:
3202108050751390008687514:
3202108050751440008501480:
3202108050751560008702698:
3202108050751590009301802:
3202108050752080009302534:
3202108050752100009247521:
3202108050752140006039541:
3202108050752170006023085:
3202108050752220008678678:
3202108050752260009346173:
3202108050752280008429607:
3202108050752310004155886:
3202108050752340006033902:
3202108050752420009323446:
3202108050752470009254169:
3202108050752490008499471:
3202108050753060006039497:
3202108050753080009295891:
3202108050753190009326626:
3202108050753280008711197:
3202108050753320009326609:
3202108050753400009321321:
3202108050753440009322602:
3202108050753470004940394:
3202108050753500009273013:
3202108050753530009255827:
3202108050754010008691341:
3202108050754040009339792:
3202108050754050004993812:
3202108050754090008689944:
3202108050754110007395592:
3202108050754130009342954:
3202108050754170009286996:
3202108050754190008514795:
3202108050754220006028953:
3202108050754240008518736:
3202108050754410008429633:
3202108050754470009293228:
3202108050754510006039974:
3202108050755250008698795:
3202108050755300008518703:
3202108050755350009225488:
3202108050755440008495468:
3202108050755480009226952:
3202108050755540006032999:
3202108050756030000424146:
3202108050756050008506766:
3202108050756070009275492:
3202108050756090008713719:
3202108050756110008711892:
3202108050756130009331842:
3202108050756150008507829:
3202108050756170008680280:
3202108050756180003137991:
3202108050756190004975477:
3202108050756220009233695:
3202108050756240008494201:
3202108050756250002851487:
3202108050756270006041721:
3202108050756290008697764:
3202108050756310008717268:
3202108050756390008693920:
3202108050756430008502189:
3202108050756470008699992:
3202108050756490009308083:
3202108050756510008517323:
3202108050756540009253742:
3202108050756590009339195:
3202108050757020009232350:
3202108050757040008688253:
3202108050757140008503489:
3202108050757170008696388:
3202108050757190008499556:
3202108050757340009327615:
3202108050757370009234248:
3202108050757420008713928:
3202108050757490009324574:
3202108050757510001077421:
3202108050757560006036994:
3202108050757590008698315:
3202108050758130008704360:
3202108050758430004936149:
3202108050758440006023662:
3202108050758470004934470:
3202108050758510006039506:
3202108050758550007402467:
3202108050759030009340470:
3202108050759070008703693:
3202108050759290004928581:
3202108050759380006015460:
3202108050759410008500378:
3202108050759510008688767:
3202108050800130009226385:
3202108050800370008699143:
3202108050807460008506597:
3202108051703490008513325:
3202108051759060009337945:
3202108051851550008698121:
3202108051857510009351768:
3202108051859220006036994:
3202108051900100009282645:
3202108051900120009226385:
3202108051900160008499471:
3202108051900230009351964:
3202108051900270009326609:
3202108051900290009226402:
3202108051900330009234458:
3202108051900350008693920:
3202108051900370009348748:
3202108051900390009340470:
3202108051900430004960471:
3202108051900450009306586:
3202108051900470008518736:
3202108051900480008503303:
3202108051900500000424146:
3202108051900520009326626:
3202108051900540009281874:
3202108051900560006018008:
3202108051900560006032999:
3202108051900590009325511:
3202108051901010008683912:
3202108051901020008514795:
3202108051901040008692117:
3202108051901060008709488:
3202108051901070009339254:
3202108051901090008687514:
3202108051901120009339254:
3202108051901150008687514:
3202108051901190000439530:
3202108051901210009339254:
3202108051901220006028953:
3202108051901240008445992:
3202108051901270009351830:
3202108051901280008688282:
3202108051901300008711892:
3202108051901320004969598:
3202108051901340008691341:
3202108051901350008711892:
3202108051901370006031524:
3202108051901390008492065:
3202108051901400008699992:
3202108051901420009327615:
3202108051901440009326650:
3202108051901460009233695:
3202108051901480008716625:
3202108051901500008713928:
3202108051901520009247521:
3202108051901540008494201:
3202108051901550006030484:
3202108051901570006023085:
3202108051901590009255827:
3202108051902000009284157:
3202108051902020009340817:
3202108051902040006028450:
3202108051902050008516420:
3202108051902070008681103:
3202108051902090001099428:
3202108051902100006024859:
3202108051902120008690203:
3202108051902130009324879:
3202108051902150008501288:
3202108051902170008693892:
3202108051902190009339818:
3202108051902230004975787:
3202108051902250006039016:
3202108051902270008502189:
3202108051902290009246199:
3202108051902300007402467:
3202108051902320009286387:
3202108051902330007402205:
3202108051902350009339144:
3202108051902390006039506:
3202108051902410008429633:
3202108051902430008498021:
3202108051902450003137991:
3202108051902530008680442:
3202108051903140008708003:
3202108051903390004946812:
3202108051903420004953650:
3202108051904120004936029:
3202108051905180009327564:
3202108051905310008506597:
3202108051907540006033902:
3202108051907570009351758:
3202108051907590004948289:
3202108051908030009339211:
3202108051924070009326438:
3202108051934010008503489:
3202108051958120009274874:
3202108051958390004961715:
3202108051958440009324637:
3202108051958470009278607:
3202108051958490006041721:
3202108051958500009339792:
3202108051958530004937625:
3202108051958550009309829:
3202108051958570009273013:
3202108051958580009293228:
3202108051959000009343149:
3202108051959030009226952:
3202108051959110009309829:
3202108051959120004975477:
3202108051959140008679943:
3202108051959161513637255:
3202108051959180008680900:
3202108051959330009225488:
3202108051959380008717268:
3202108051959400004947373:
3202108051959420003137963:
3202108051959430004947373:
3202108051959450009340813:
3202108051959470006039541:
3202108051959490007398172:
3202108051959510006026797:
3202108051959530009343384:
3202108051959560009342962:
3202108052000000006025403:
3202108052000020004970901:
3202108052000040008499556:
3202108052000070004937222:
3202108052000080000424167:
3202108052000100008680280:
3202108052000120006028799:
3202108052000130009290264:
3202108052000150009321321:
3202108052000160008714113:
3202108052000180009280051:
3202108052000190009322590:
3202108052000210004927539:
3202108052000220009324574:
3202108052000240004940394:
3202108052000250009330829:
3202108052000270004155886:
3202108052000290006023662:
3202108052000310009352016:
3202108052000330008711197:
3202108052000360008684967:
3202108052000380009335560:
3202108052000400009326658:
3202108052000430008501480:
3202108052000440008710216:
3202108052000470009230812:
3202108052000490008710216:
3202108052000500009306129:
3202108052000530008518703:
3202108052000560008698795:
3202108052000570009275492:
3202108052000590009324629:
3202108052001010008689944:
3202108052001030008494290:
3202108052001040008704360:
3202108052001060004947993:
3202108052001080009322602:
3202108052001100006016090:
3202108052001120005001068:
3202108052001160008697063:
3202108052001190003126147:
3202108052001230009354582:
3202108052001250009340801:
3202108052001260008503515:
3202108052001300008712381:
3202108052001310008503515:
3202108052001330009234248:
3202108052001410008492410:
3202108052001480008699143:
3202108052001530006030480:
3202108052001540008692290:
3202108052001560004936149:
3202108052001590008429607:
3202108052002050006020195:
3202108052002060008697764:
3202108052002090009346020:
3202108052002110009343174:
3202108052002120009346367:
3202108052002140004932608:
3202108052002160005001262:
3202108052002240008497634:
3202108052002290008688253:
3202108052002590004923617:
3202108052003020006015460:
3202108052003040008507829:
3202108052003060003137754:
3202108052003150008703693:
3202108052003170008677829:
3202108052003250004967606:
3202108052003270009354349:
3202108052003300008500889:
3202108052004270003117204:
3202108052004510009348542:
3202108052005200008678678:
3202108052005490008504091:
3202108052006040008701103:
3202108052006070009278862:
3202108052006090004939835:
3202108052007320004923758:
3202108052009230004974633:
3202108052021070009226399:
3202108052031550008676957:
3202108052040260008494092:
3202108052040280006041103:
3202108052052490008508441:
3202108052053080008677773:
3202108052058150008713719:
3202108052100460006042240:
3202108052104240006026835:
3202108052104250008677300:
3202108052104280009291036:
3202108052108230004975255:
3202108052150150007421210:
3202108052158330008690794:
3202108052158360009226816:
3202108052159180009323446:
3202108052159300003918790:
3202108052159420009274203:
3202108052159460004929419:
3202108052159510006023108:
3202108052200230008707911:
3202108052200250009253742:
3202108052200280009230749:
3202108052200320006028451:
3202108052200340009342940:
3202108052200360009232350:
3202108052200390006019317:
3202108052200410008500888:
3202108052200430008711249:
3202108052200450008500888:
3202108052200480008714702:
3202108052200490009342954:
3202108052200510009354825:
3202108052200520008498188:
3202108052200550008496191:
3202108052200560002851443:
3202108052200580007395592:
3202108052200590008495468:
3202108052201010009339802:
3202108052201030007395592:
3202108052201060004961093:
3202108052201090008692032:
3202108052201120009295891:
3202108052201130009300618:
3202108052201150008688767:
3202108052201170009301802:
3202108052201200007405149:
3202108052201210004993812:
3202108052201230008715839:
3202108052201250006036318:
3202108052201280008503824:
3202108052201300009236868:
3202108052201320009288958:
3202108052201330009354581:
3202108052201350009354344:
3202108052201370007421735:
3202108052201380009354391:
3202108052201400009322614:
3202108052201420009325535:
3202108052201440004997873:
3202108052201470006039497:
3202108052201490008698315:
3202108052201540004931010:
3202108052202060009286996:
3202108052202090008677903:
3202108052202110009339195:
3202108052202290006039998:
3202108052203340008696388:
3202108052203520002851487:
3202108052203540009230815:
3202108052203551513653821:
3202108052204270006017488:
3202108052204290004967900:
4202108050726210004974322:
4202108050729321513653075:
4202108050736140008494141:
4202108050742370006015165:
4202108050742590003137945:
4202108050744410008504234:
4202108050746200009298435:
4202108050746250009346340:
4202108050746330009285513:
4202108050746420009338161:
4202108050747150005001511:
4202108050747220009291036:
4202108050747580009234249:
4202108050748010009349972:
4202108050748150004926919:
4202108050748550009231425:
4202108050748590006041875:
4202108050749020008493092:
4202108050749190009324572:
4202108050749220004935623:
4202108050749270008719239:
4202108050749380008500142:
4202108050749450009339225:
4202108050749540008495972:
4202108050750220004179142:
4202108050750270007398203:
4202108050750330008495426:
4202108050750460009231455:
4202108050750490004934985:
4202108050750560009252970:
4202108050750580008496149:
4202108050751080008690224:
4202108050751090008681212:
4202108050751100000424545:
4202108050751120006020220:
4202108050751140007395601:
4202108050751170009272601:
4202108050751190008503089:
4202108050751270006027345:
4202108050751290006036997:
4202108050751310008512783:
4202108050751330008717694:
4202108050751350008519041:
4202108050751380004179293:
4202108050751410004967900:
4202108050751460009293535:
4202108050752030009232613:
4202108050752070004969304:
4202108050752180009342997:
4202108050752200009324606:
4202108050752220002854367:
4202108050752240009351814:
4202108050752260004952880:
4202108050752280004929419:
4202108050752350006028799:
4202108050752400009226433:
4202108050752430001087543:
4202108050752490008710875:
4202108050753070007407499:
4202108050753100009272187:
4202108050753160009341742:
4202108050753170008680442:
4202108050753200003116965:
4202108050753230009348776:
4202108050753240009326600:
4202108050753280009342035:
4202108050753340004929198:
4202108050753430008504736:
4202108050753460006016091:
4202108050754060009342984:
4202108050754110009325498:
4202108050754150009252994:
4202108050754170008499867:
4202108050754180008695597:
4202108050754200008493340:
4202108050754280009321481:
4202108050754320004933960:
4202108050754350009336959:
4202108050754400008499706:
4202108050754420008510188:
4202108050754430009283323:
4202108050754470009247701:
4202108050754490004978162:
4202108050754500008511222:
4202108050754520009342978:
4202108050754570009354827:
4202108050754590006013128:
4202108050755040009295454:
4202108050755060009327620:
4202108050755090008493895:
4202108050755130006027612:
4202108050755150015629857:
4202108050755180004936293:
4202108050755200009349985:
4202108050755210004936688:
4202108050755230007407459:
4202108050755300008501835:
4202108050755330006036336:
4202108050755350009352010:
4202108050755370006036336:
4202108050755380008716625:
4202108050755430009226797:
4202108050755450008494427:
4202108050755470006035802:
4202108050755500009339817:
4202108050755560008503339:
4202108050756090009277510:
4202108050756110009342143:
4202108050756120009324118:
4202108050756140009253995:
4202108050756160009281928:
4202108050756190008495556:
4202108050756200008679170:
4202108050756220008500083:
4202108050756240004953788:
4202108050756260008699709:
4202108050756270009346181:
4202108050756300000424007:
4202108050756320009343592:
4202108050756340009234457:
4202108050756360000431385:
4202108050756370008695667:
4202108050756390008500493:
4202108050756410009311280:
4202108050756420009324605:
4202108050756440004923338:
4202108050756460006042240:
4202108050756480009341511:
4202108050756490009287195:
4202108050756510009331044:
4202108050756520004929641:
4202108050756540009346055:
4202108050756560009324085:
4202108050756580004949474:
4202108050757000004947993:
4202108050757030009230749:
4202108050757070009337006:
4202108050757160009298206:
4202108050757180009226402:
4202108050757310008686117:
4202108050757350009272020:
4202108050757380003126360:
4202108050757420004948259:
4202108050757520008499047:
4202108050757540001083930:
4202108050757540004169060:
4202108050757570004163548:
4202108050758040007401131:
4202108050758060003132772:
4202108050758070006022158:
4202108050758090009351768:
4202108050758110009333812:
4202108050758130009305260:
4202108050758150009226399:
4202108050758160009343432:
4202108050758180001077425:
4202108050758200009225500:
4202108050758240009354391:
4202108050758320001088074:
4202108050758460009346035:
4202108050758530006039129:
4202108050759070008503979:
4202108050759110008445656:
4202108050759310008515910:
4202108050759340009274874:
4202108050759420009339821:
4202108050759580004924923:
4202108050759590009290271:
4202108050800330009226821:
4202108050800370008504091:
4202108050809010009303697:
4202108050809350004921785:
4202108051017340006022420:
4202108051603360009343432:
4202108051803300008506212:
4202108051859510009351814:
4202108051859560009325498:
4202108051900190008509836:
4202108051900220004936688:
4202108051900290000424545:
4202108051900310008695667:
4202108051900340008695597:
4202108051900350009287195:
4202108051900380009342978:
4202108051900400004935623:
4202108051900440009272020:
4202108051900530006022158:
4202108051900540009324118:
4202108051900560009252994:
4202108051900580009296645:
4202108051901000009252970:
4202108051901010009250787:
4202108051901060009295615:
4202108051901080009346340:
4202108051901120009339930:
4202108051901150004936422:
4202108051901240009324606:
4202108051901250009253995:
4202108051901310009273291:
4202108051901330009342035:
4202108051901350008699709:
4202108051901380006041717:
4202108051901400009311280:
4202108051901420000431385:
4202108051901430009252962:
4202108051901460008504736:
4202108051901470004953788:
4202108051901510009346035:
4202108051901530009331044:
4202108051901550004936293:
4202108051901560009352010:
4202108051901570009343593:
4202108051901590008515910:
4202108051902010009342984:
4202108051902040004989551:
4202108051902090009338161:
4202108051902100004929641:
4202108051902150009348603:
4202108051902220004926919:
4202108051902240008494427:
4202108051902260006035802:
4202108051902440009342997:
4202108051902470004975565:
4202108051902490009341511:
4202108051902520008512783:
4202108051903050009226797:
4202108051904010006041875:
4202108051904030009339821:
4202108051904170009354827:
4202108051904340009247701:
4202108051906350009253991:
4202108051906400004928389:
4202108051907170004971518:
4202108051921150008494141:
4202108051933200009293535:
4202108051933350008519041:
4202108052000010009305547:
4202108052000020009324085:
4202108052000050008717694:
4202108052000140009272187:
4202108052000450008445656:
4202108052000590003116965:
4202108052001040007407459:
4202108052001050007395601:
4202108052001110009337006:
4202108052001140008517323:
4202108052001150009234249:
4202108052001250008710875:
4202108052001290008500083:
4202108052001310004163548:
4202108052001340004974322:
4202108052001370000424007:
4202108052001390006013128:
4202108052001410009277510:
4202108052001430004923338:
4202108052001440009231425:
4202108052001460009295454:
4202108052001480006041088:
4202108052001590007396382:
4202108052002030008500493:
4202108052002080008493340:
4202108052002270008719239:
4202108052002290009324572:
4202108052002320009290271:
4202108052002480004988966:
4202108052002500003132772:
4202108052002520009324572:
4202108052002540008500142:
4202108052002560008719239:
4202108052002580009226433:
4202108052003000008495556:
4202108052003060007407499:
4202108052003190009305260:
4202108052005360008493895:
4202108052009030009303697:
4202108052009140009304051:
4202108052009510008696238:
4202108052013400004927962:
4202108052013490008716113:
4202108052013540004927962:
4202108052013560008716113:
4202108052014000004927962:
4202108052045200004948259:
4202108052159040007401131:
4202108052159110009342143:
4202108052159150009225500:
4202108052159410002854367:
4202108052200010006020220:
4202108052200050009298206:
4202108052200070004929198:
4202108052200091513653075:
4202108052200110008493092:
4202108052200120006027345:
4202108052200140004978162:
4202108052200170009272601:
4202108052200210009234108:
4202108052200310007398203:
4202108052200370009234108:
4202108052200400008499706:
4202108052200430008686117:
4202108052200460005001511:
4202108052200480004169060:
4202108052200490004924511:
4202108052200560007402498:
4202108052201040001083930:
4202108052201110004179293:
4202108052201150008679170:
4202108052201190001087543:
4202108052201230008501953:
4202108052201290008514966:
4202108052201310009327620:
4202108052201350008500567:
4202108052201470006036336:
4202108052202030008503089:
4202108052202090009226821:
4202108052202560009254169:
4202108052203140009232613:
5202108050703340004967512:
5202108050718050009300607:
5202108050734170009339273:
5202108050734410007402194:
5202108050735120004993674:
5202108050736040008497291:
5202108050736270009326612:
5202108050737210004972145:
5202108050738330004976717:
5202108050739310008495037:
5202108050740400009346707:
5202108050741000009305918:
5202108050741500009276680:
5202108050742140009305457:
5202108050742220008698279:
5202108050742310009324831:
5202108050743310009340820:
5202108050743350004922875:
5202108050743490001079288:
5202108050745270009234480:
5202108050745350008690529:
5202108050745410009339812:
5202108050745500008692450:
5202108050746050008499208:
5202108050746080008493750:
5202108050746140004932362:
5202108050746350004953485:
5202108050746410004960471:
5202108050747050009352009:
5202108050747081513645885:
5202108050747100008704200:
5202108050747180006025445:
5202108050747280008494656:
5202108050747350008517932:
5202108050747500009236809:
5202108050747520004923605:
5202108050747540006022160:
5202108050747560004927329:
5202108050747590006025806:
5202108050748010004966802:
5202108050748020004950546:
5202108050748100004923159:
5202108050748160006025812:
5202108050748180009354401:
5202108050748260008499509:
5202108050748360009346170:
5202108050748430008519522:
5202108050748570008690941:
5202108050749000009230781:
5202108050749050004930090:
5202108050749090004934727:
5202108050749190009321395:
5202108050749210004934727:
5202108050749230008500184:
5202108050749250006028292:
5202108050749270005000508:
5202108050749380008497657:
5202108050749460009296798:
5202108050749480001108277:
5202108050750030008491998:
5202108050750050009234467:
5202108050750140008676811:
5202108050750190006039671:
5202108050750280008513950:
5202108050750310004969965:
5202108050750410008511010:
5202108050750440009306271:
5202108050750470009323985:
5202108050750500008718216:
5202108050750550004951145:
5202108050750580004937357:
5202108050751000009280491:
5202108050751060008509901:
5202108050751130009346362:
5202108050751160006037287:
5202108050751260006012153:
5202108050751430007411321:
5202108050751440008503915:
5202108050751460008709393:
5202108050751500009282809:
5202108050752110008699606:
5202108050752140008706878:
5202108050752160007421212:
5202108050752180007412611:
5202108050752200009241934:
5202108050752220006039494:
5202108050752250004946517:
5202108050752310008500113:
5202108050752370009339795:
5202108050752410008508219:
5202108050752580008686064:
5202108050753000009351308:
5202108050753020006018006:
5202108050753040009252946:
5202108050753090009232651:
5202108050753150004973075:
5202108050753190009279709:
5202108050753270007402500:
5202108050753300000424165:
5202108050753320006022852:
5202108050753340008687593:
5202108050753370009254229:
5202108050753390009225507:
5202108050753440008501942:
5202108050753580004950845:
5202108050754000007414082:
5202108050754020008496310:
5202108050754040009326645:
5202108050754090004947107:
5202108050754120008697836:
5202108050754160009339839:
5202108050754190007407459:
5202108050754210009348762:
5202108050754370004951445:
5202108050754390009340824:
5202108050754410008702320:
5202108050754430009231410:
5202108050754460003892332:
5202108050754470009305197:
5202108050754510006016275:
5202108050754550008497463:
5202108050755050008682585:
5202108050755090008503171:
5202108050755130009339219:
5202108050755140007413810:
5202108050755160004960782:
5202108050755190004947668:
5202108050755220009306769:
5202108050755260009339797:
5202108050755280006033090:
5202108050755300003920040:
5202108050755340007401654:
5202108050755360003920040:
5202108050755370009226447:
5202108050755390006036875:
5202108050755400009351998:
5202108050755420008515021:
5202108050755440006042240:
5202108050755450008510090:
5202108050755470008694659:
5202108050755490009252984:
5202108050755510001083110:
5202108050755520009295615:
5202108050755540009324107:
5202108050755560008512216:
5202108050755580008516236:
5202108050755590008696894:
5202108050756010009347607:
5202108050756020008506376:
5202108050756041513637915:
5202108050756050009327416:
5202108050756080009234236:
5202108050756100009342959:
5202108050756130004923454:
5202108050756170000439539:
5202108050756200009253842:
5202108050756230008510716:
5202108050756260006040283:
5202108050756370009226440:
5202108050756430007407739:
5202108050756450009253997:
5202108050756490008501795:
5202108050756510008506074:
5202108050756520009341030:
5202108050757090004984899:
5202108050757130006030130:
5202108050757180009232378:
5202108050757230006030142:
5202108050757270008701083:
5202108050757290004969653:
5202108050757300009225481:
5202108050757320008709011:
5202108050757370005001068:
5202108050757400006029988:
5202108050757430006028797:
5202108050757450007402512:
5202108050757470008512859:
5202108050757540006018008:
5202108050757560004976805:
5202108050757570009346376:
5202108050758000009342183:
5202108050758010004921535:
5202108050758030009339524:
5202108050758060009354001:
5202108050758080006030118:
5202108050758120009310954:
5202108050758150007421269:
5202108050758170004937089:
5202108050758190008501482:
5202108050758240008493366:
5202108050758301513649006:
5202108050758470004934927:
5202108050759090008506212:
5202108050759150004944745:
5202108050759280007410385:
5202108050759300007413042:
5202108050759340003137987:
5202108050800070009300544:
5202108050800350009274443:
5202108050800390009290264:
5202108050800450006041715:
5202108050800470001077087:
5202108050800490002851479:
5202108050801240009287006:
5202108050803300003126145:
5202108050803490009297056:
5202108050803550009339803:
5202108050804030008498988:
5202108050805250009226392:
5202108050805450009225494:
5202108050806520006009777:
5202108050807150009281814:
5202108050808480006041103:
5202108050811020009324604:
5202108050814030009254000:
5202108050814180009286880:
5202108051701370008706878:
5202108051701390009233710:
5202108051701420008704200:
5202108051701510008513950:
5202108051712090009346170:
5202108051715330009300544:
5202108051801180009324107:
5202108051801220009326645:
5202108051801240008494656:
5202108051801260008717926:
5202108051801280009236809:
5202108051801300007411321:
5202108051801320006032924:
5202108051801330001108277:
5202108051801360008509901:
5202108051801370006039671:
5202108051801390009351823:
5202108051801410004180013:
5202108051801420004927329:
5202108051801451513645885:
5202108051801470009340824:
5202108051801480009226826:
5202108051801500008500184:
5202108051801530004922875:
5202108051801540008499208:
5202108051801560004934727:
5202108051802000008500312:
5202108051802020006030142:
5202108051802040008699606:
5202108051802060008517932:
5202108051802070009234236:
5202108051802090008515081:
5202108051802100004923605:
5202108051802120009234236:
5202108051802130004950845:
5202108051802150004944745:
5202108051802160008516236:
5202108051802180004944745:
5202108051802200009253842:
5202108051802240008692450:
5202108051802270006025812:
5202108051802290004923454:
5202108051802300006030118:
5202108051802320004993674:
5202108051802360004972145:
5202108051802370006030130:
5202108051802391513637915:
5202108051802410004967512:
5202108051802420008497291:
5202108051802440006030130:
5202108051802460009339795:
5202108051802500000424165:
5202108051802520009296798:
5202108051802540009339795:
5202108051802560000424165:
5202108051802570004950546:
5202108051802590009253842:
5202108051803000004947668:
5202108051803020004930090:
5202108051803040009340820:
5202108051803050004960782:
5202108051803070009346362:
5202108051803090009346376:
5202108051803110008694659:
5202108051803120009323985:
5202108051803170008515021:
5202108051803180009323985:
5202108051803200004960782:
5202108051803210004984899:
5202108051803240008682585:
5202108051803250008493366:
5202108051803270004967512:
5202108051803280009234467:
5202108051803300009248283:
5202108051803310009324831:
5202108051803330008512216:
5202108051803350008691017:
5202108051803370006041715:
5202108051803380004953485:
5202108051803400004973075:
5202108051803430009234480:
5202108051803450004961404:
5202108051803460004994596:
5202108051803490008718216:
5202108051803510004998401:
5202108051803550009306271:
5202108051803570004994335:
5202108051804000006033090:
5202108051804020004932362:
5202108051804050009305457:
5202108051804070009354001:
5202108051804090009226440:
5202108051804110009351308:
5202108051804130004998138:
5202108051804150009348762:
5202108051804170009282809:
5202108051804190004951445:
5202108051804210004997608:
5202108051804240009346707:
5202108051804350009347607:
5202108051804380008496310:
5202108051804390009346707:
5202108051804410008697836:
5202108051804440009339839:
5202108051804460008506376:
5202108051804470009342183:
5202108051804490008702320:
5202108051804510008503915:
5202108051804530007421212:
5202108051804550008506797:
5202108051804570004954090:
5202108051805000009354401:
5202108051805010008690529:
5202108051805050006028292:
5202108051805070006037287:
5202108051805080009354401:
5202108051805100008676811:
5202108051805120008493286:
5202108051805130008503171:
5202108051805150009230781:
5202108051805170008519522:
5202108051805190006022852:
5202108051805210009339812:
5202108051805240009342959:
5202108051805270008696894:
5202108051805280009254229:
5202108051805300000439539:
5202108051805321513649006:
5202108051805340009327416:
5202108051805360007413810:
5202108051805380008494333:
5202108051805400001079288:
5202108051805420008519522:
5202108051805450009339273:
5202108051805480009226412:
5202108051805500009225481:
5202108051805530009226412:
5202108051805540004947107:
5202108051805580004976805:
5202108051806000008687593:
5202108051806020003126145:
5202108051806040006037287:
5202108051806050004967002:
5202108051806070009281814:
5202108051806080007414082:
5202108051806110009297056:
5202108051806160003126145:
5202108051806190009280491:
5202108051806220009321395:
5202108051806240009225507:
5202108051806270009341030:
5202108051806320008709011:
5202108051806560009339219:
5202108051807460007402194:
5202108051807500008511010:
5202108051807530009241934:
5202108051807550009286880:
5202108051808000003920040:
5202108051808020006039494:
5202108051808040004995116:
5202108051808080007413042:
5202108051808450006022855:
5202108051809430006036993:
5202108051809470008709393:
5202108051809500008495616:
5202108051809510009298207:
5202108051809550009294273:
5202108051810000008510090:
5202108051814070006009777:
5202108051815140008512059:
5202108051815160007402523:
5202108051815180008497463:
5202108051815400008508219:
5202108051815460003137987:
5202108051816150004933649:
5202108051816460004937357:
5202108051816510005000508:
5202108051818200009300607:
5202108051818270009303525:
5202108051821360008686064:
5202108051822180006031525:
5202108051822200009225494:
5202108051822220009339803:
5202108051822250009252984:
5202108051824110008686064:
5202108051824150009326612:
5202108051824420008706494:
5202108051824450007410385:
5202108051824550009321319:
5202108051825580009322682:
5202108051830440004949474:
5202108051850160007410282:
5202108051900430008506632:
5202108051900550009325498:
5202108051901520009295615:
5202108051902190004995665:
5202108051903310009305918:
5202108051905400004994074:
5202108051959170008499509:
5202108051959200004928175:
5202108051959240009274443:
5202108051959270008493750:
5202108051959300007422441:
5202108051959320004961715:
5202108051959330009324637:
5202108051959350009346033:
5202108051959380008680789:
5202108051959410006025445:
5202108051959440009324637:
5202108051959470009305197:
5202108052000020004975477:
5202108052000040006036875:
5202108052000100006032030:
5202108052000130008508757:
5202108052000190009253846:
5202108052000330004933902:
5202108052000350009276680:
5202108052000370007401654:
5202108052000390009331842:
5202108052000410004946517:
5202108052000440006018006:
5202108052000460004970901:
5202108052000480008714113:
5202108052001040008717694:
5202108052001530005001068:
5202108052002060009302534:
5202108052002240004969965:
5202108052002260008510316:
5202108052005020007412611:
5202108052005460008678678:
5202108052006420008502364:
5202108052008570009285513:
5202108052016120004934927:
5202108052025160007402482:
5202108052109100009306769:
5202108052118540009287006:
5202108052147410009232651:
5202108052158450009335539:
5202108052159010008692560:
5202108052159050008501942:
5202108052159310008497657:
5202108052159360004987436:
5202108052159380006027609:
5202108052159410004923159:
5202108052159420009254908:
5202108052159440008509407:
5202108052159490006022160:
5202108052159510006025806:
5202108052159530009231410:
5202108052159550007421209:
5202108052159560004921905:
5202108052159580007421209:
5202108052200000004927120:
5202108052200030008431645:
5202108052200060004969357:
5202108052200090006039130:
5202108052200190004967312:
5202108052200230004976407:
5202108052200370008497935:
5202108052200380006016276:
5202108052200440009230754:
5202108052200530009346063:
5202108052200560003892332:
5202108052200570009240533:
5202108052201010009287006:
5202108052201030008508352:
5202108052201340008513365:
6202108050725110008501288:
6202108050726230007405149:
6202108050731480004986256:
6202108050734330004946487:
6202108050736040004927120:
6202108050736080004953182:
6202108050736200008495365:
6202108050740240007411542:
6202108050740580008509407:
6202108050741390008508441:
6202108050742090006015163:
6202108050742330008707911:
6202108050743180004974633:
6202108050743220008712785:
6202108050743520009292116:
6202108050744230008708003:
6202108050744330008493676:
6202108050744380006025823:
6202108050744410009305547:
6202108050744430009226816:
6202108050745070008500401:
6202108050745150008503515:
6202108050745190004975255:
6202108050745240008503824:
6202108050745450009226812:
6202108050745480009274203:
6202108050746030009325535:
6202108050746070009236868:
6202108050746150007402498:
6202108050746170004977423:
6202108050746210009354349:
6202108050746250006031524:
6202108050746350008500109:
6202108050746380007395627:
6202108050746410004923758:
6202108050746470000431430:
6202108050747090006040360:
6202108050747150004987731:
6202108050747230008708048:
6202108050747270006037015:
6202108050747290007404782:
6202108050747320009339254:
6202108050747440009234108:
6202108050747490008517056:
6202108050748030004968194:
6202108050748100009226959:
6202108050748150008518128:
6202108050748170009298019:
6202108050748190009288870:
6202108050748210008693892:
6202108050748230009281874:
6202108050748260009287614:
6202108050748280009283931:
6202108050748320008494290:
6202108050748340004046800:
6202108050748370004972764:
6202108050748390009340813:
6202108050748410009286387:
6202108050748470004986846:
6202108050748530008715839:
6202108050749120007398172:
6202108050749210008509948:
6202108050749290008500888:
6202108050749320006028762:
6202108050749340008492622:
6202108050749370006028762:
6202108050749460008684967:
6202108050749480009254002:
6202108050749500006036876:
6202108050749510006030480:
6202108050749530004930576:
6202108050749560006039510:
6202108050749580008510316:
6202108050750000004969357:
6202108050750020009230790:
6202108050750040004922422:
6202108050750110008516772:
6202108050750150009241075:
6202108050750180009343593:
6202108050750220004934669:
6202108050750250008495365:
6202108050750280008497774:
6202108050750310009340817:
6202108050750340004928821:
6202108050750370008695905:
6202108050750410006037924:
6202108050750420004970901:
6202108050750440007417231:
6202108050750470009253739:
6202108050750490004927539:
6202108050750510004969965:
6202108050751010004971518:
6202108050751040009346367:
6202108050751071513409863:
6202108050751080008497699:
6202108050751120009278607:
6202108050751140006031532:
6202108050751170009284157:
6202108050751190008513325:
6202108050751220008697063:
6202108050751240006032030:
6202108050751270004931414:
6202108050751310008499805:
6202108050751330009335539:
6202108050751350006027609:
6202108050751370004931414:
6202108050751410004928604:
6202108050751470008677903:
6202108050751530004933902:
6202108050751550009324637:
6202108050751570004929865:
6202108050752010000424167:
6202108050752040006039972:
6202108050752070007422441:
6202108050752100009254169:
6202108050752120008711445:
6202108050752160009327564:
6202108050752181513653096:
6202108050752210001122577:
6202108050752220008506434:
6202108050752250009326438:
6202108050752260008492776:
6202108050752270004936029:
6202108050752290004922029:
6202108050752360003137963:
6202108050752380007412611:
6202108050752400004936557:
6202108050752420009233704:
6202108050752510006026797:
6202108050752520009326609:
6202108050752540009324879:
6202108050752570009280051:
6202108050753000008492410:
6202108050753020008443266:
6202108050753040009281193:
6202108050753060009233697:
6202108050753080008494613:
6202108050753130009322602:
6202108050753210008698121:
6202108050753250006018006:
6202108050753290009253846:
6202108050753300009252946:
6202108050753360008689944:
6202108050753450006032903:
6202108050753460009324068:
6202108050753480008492480:
6202108050753510004164864:
6202108050753530008518736:
6202108050753590006028757:
6202108050754030008501942:
6202108050754100009324629:
6202108050754120009278808:
6202108050754150004968716:
6202108050754210006025807:
6202108050754230009254908:
6202108050754250008431645:
6202108050754280004977027:
6202108050754300008508290:
6202108050754320004947373:
6202108050754340008502735:
6202108050754350009230815:
6202108050754440007401166:
6202108050754470007421735:
6202108050754500009351830:
6202108050754510009330829:
6202108050754530009342962:
6202108050754550003916932:
6202108050754570003126147:
6202108050754590003117204:
6202108050755000008516213:
6202108050755030009351964:
6202108050755050009225488:
6202108050755070009231410:
6202108050755080009288913:
6202108050755100003892332:
6202108050755140006014943:
6202108050755180008508521:
6202108050755200004045200:
6202108050755210009325511:
6202108050755230008513365:
6202108050755260004930793:
6202108050755300008679943:
6202108050755320008711892:
6202108050755330009233737:
6202108050755350009253991:
6202108050755380004928389:
6202108050755390008680280:
6202108050755410004921905:
6202108050755420004969682:
6202108050755440008507829:
6202108050755450004949474:
6202108050755470009300413:
6202108050755490002851460:
6202108050755510008512035:
6202108050755530006024122:
6202108050755540004922560:
6202108050755560006025403:
6202108050755570009276489:
6202108050755590009354581:
6202108050756000009230812:
6202108050756030001087528:
6202108050756050008445992:
6202108050756060009226447:
6202108050756080009354825:
6202108050756090004977423:
6202108050756110008511510:
6202108050756140006021994:
6202108050756160008492065:
6202108050756180008699992:
6202108050756190009348603:
6202108050756210004936556:
6202108050756230009231473:
6202108050756250008710216:
6202108050756260008709488:
6202108050756280008508757:
6202108050756290004158333:
6202108050756310009232350:
6202108050756320004936823:
6202108050756340008714702:
6202108050756360004948585:
6202108050756380008686117:
6202108050756400008711249:
6202108050756410001114611:
6202108050756440006024859:
6202108050756460008499556:
6202108050756470008683912:
6202108050756490008714113:
6202108050756510009342940:
6202108050756530009339802:
6202108050756550009254212:
6202108050756570006035813:
6202108050756580009282114:
6202108050757000009354582:
6202108050757020009352016:
6202108050757040009279594:
6202108050757060009326658:
6202108050757080009324574:
6202108050757100004966592:
6202108050757110004938938:
6202108050757130009346033:
6202108050757150009287411:
6202108050757170004934156:
6202108050757190009343174:
6202108050757210006017496:
6202108050757220006042274:
6202108050757240006036994:
6202108050757260006026834:
6202108050757280008698315:
6202108050757300004928175:
6202108050757320009348748:
6202108050757360009232631:
6202108050757380008712381:
6202108050757400008685403:
6202108050757420009322614:
6202108050757440006028451:
6202108050757460007421209:
6202108050757470008516420:
6202108050757490009311591:
6202108050757510003918790:
6202108050757530008704914:
6202108050757540008498021:
6202108050757560008688282:
6202108050757580009342981:
6202108050758020007404952:
6202108050758100006016276:
6202108050758110004968100:
6202108050758130008497935:
6202108050758160006023662:
6202108050758200009226817:
6202108050758220006039506:
6202108050758230008497935:
6202108050758250009280630:
6202108050758280004966904:
6202108050758300009230754:
6202108050758320009280630:
6202108050758330009240533:
6202108050758350007421269:
6202108050758370009285701:
6202108050758390008501482:
6202108050758400009340470:
6202108050758420009339144:
6202108050758430008498971:
6202108050758450008677829:
6202108050758470004178213:
6202108050759020008513733:
6202108050759050004937088:
6202108050759080009290271:
6202108050759110009246199:
6202108050759150008701103:
6202108050759160006015460:
6202108050759180009348542:
6202108050759200008690203:
6202108050759230008688767:
6202108050759240008500889:
6202108050759340009322590:
6202108050759370009348543:
6202108050759380008683421:
6202108050759400002851443:
6202108050759420008509836:
6202108050759440009226390:
6202108050759460008499149:
6202108050759480006030482:
6202108050759500007409900:
6202108050759520008493217:
6202108050759540009226385:
6202108050759550008493833:
6202108050759580009286616:
6202108050800020006033720:
6202108050800050008699143:
6202108050800090004923617:
6202108050800120009346020:
6202108050800150008708560:
6202108050800210009288958:
6202108050800230006036318:
6202108050800260009337903:
6202108050800390008500567:
6202108050800490008692560:
6202108050801060001077087:
6202108050801100009298223:
6202108050801320009339834:
6202108050801360008696238:
6202108050802120008496367:
6202108050802170008508352:
6202108050802590006019315:
6202108050803320009282645:
6202108050804340006023108:
6202108050805060008515578:
6202108050806000009234240:
6202108050806490008686680:
6202108050807080008494092:
6202108050808190008504041:
6202108050819040005000296:
6202108050849370007407502:
6202108051702151513643510:
6202108051804060004953953:
6202108051830140004949474:
6202108051842370009226390:
6202108051858490009351768:
6202108051859400006036994:
6202108051900310009226385:
6202108051900520009326609:
6202108051901000009232631:
6202108051901020009340470:
6202108051901050008500109:
6202108051901060008493676:
6202108051901100008498971:
6202108051901110004934156:
6202108051901130004936823:
6202108051901180006018008:
6202108051901200006032999:
6202108051901220009325511:
6202108051901250008708048:
6202108051901330008715034:
6202108051901380001077087:
6202108051901490004969598:
6202108051901510008499805:
6202108051901530008506766:
6202108051901570004934470:
6202108051902000008711892:
6202108051902020009226447:
6202108051902070007409900:
6202108051902090008508521:
6202108051902110004951746:
6202108051902130008494201:
6202108051902160006023085:
6202108051902220008516420:
6202108051902250006039972:
6202108051902280006039510:
6202108051902300004931414:
6202108051902350009231473:
6202108051902490008502189:
6202108051902510007402467:
6202108051902550004921535:
6202108051902580004922560:
6202108051903010009339144:
6202108051903210001122577:
6202108051903410006030482:
6202108051903430004934669:
6202108051903520009344566:
6202108051904010004936556:
6202108051904330004953650:
6202108051905320004927750:
6202108051905460007417231:
6202108051905490004927750:
6202108051905540008506597:
6202108051905590004927750:
6202108051908000008518128:
6202108051908020006042274:
6202108051908150006033902:
6202108051908380008712785:
6202108051909200008501833:
6202108051909230004936557:
6202108051910270004158333:
6202108051912240006039337:
6202108051925080006022420:
6202108051927040007407502:
6202108051956350008495365:
6202108051957270008501795:
6202108051957310008495365:
6202108051958090009346033:
6202108051958110009274443:
6202108051958160009254212:
6202108051958250007404952:
6202108051958280004986256:
6202108051958300006026834:
6202108051958450009343567:
6202108051958470008509948:
6202108051958490009336990:
6202108051958510002851460:
6202108051958550008492622:
6202108051958590004966904:
6202108051959010008492622:
6202108051959020007422441:
6202108051959040004928604:
6202108051959060008508290:
6202108051959080009230790:
6202108051959100009233697:
6202108051959130009286616:
6202108051959140008506074:
6202108051959160008506434:
6202108051959180009292116:
6202108051959200009273013:
6202108051959210009226812:
6202108051959230001114611:
6202108051959240009343149:
6202108051959260008695905:
6202108051959270004968194:
6202108051959310009293228:
6202108051959330009226952:
6202108051959350009233704:
6202108051959370004968194:
6202108051959390004046800:
6202108051959410001089614:
6202108051959450008680900:
6202108051959470006032030:
6202108051959520009225488:
6202108051959540008508757:
6202108051959560001077421:
6202108051959580006039541:
6202108052000000008513733:
6202108052000030004933902:
6202108052000040004922029:
6202108052000060009253846:
6202108052000070004987731:
6202108052000090009232653:
6202108052000100006028757:
6202108052000120009340813:
6202108052000130008492776:
6202108052000150006018006:
6202108052000170009331842:
6202108052000190009283931:
6202108052000200006037015:
6202108052000230008516213:
6202108052000250009283931:
6202108052000260008492776:
6202108052000280009311591:
6202108052000300008499556:
6202108052000320008680280:
6202108052000340006028799:
6202108052000360004986846:
6202108052000370009290264:
6202108052000390004937088:
6202108052000400004927539:
6202108052000420009293895:
6202108052000430009321321:
6202108052000460004968100:
6202108052000490006023662:
6202108052000500009287614:
6202108052000540009233697:
6202108052001010006028762:
6202108052001030009276489:
6202108052001050004950247:
6202108052001080009348543:
6202108052001120009300413:
6202108052001140009281193:
6202108052001160009349985:
6202108052001180009300413:
6202108052001190008518703:
6202108052001220004928821:
6202108052001240004046800:
6202108052001260008689944:
6202108052001280008494290:
6202108052001300004947993:
6202108052001310004972764:
6202108052001330008704360:
6202108052001350007421743:
6202108052001500004969965:
6202108052002070008510316:
6202108052002090004969965:
6202108052002110006022003:
6202108052002121513653096:
6202108052002140008699143:
6202108052002300008697764:
6202108052002360004932608:
6202108052002390005001262:
6202108052002500008497634:
6202108052002540009288870:
6202108052002560004937089:
6202108052003010004969682:
6202108052003040008494964:
6202108052003070006014943:
6202108052003120009339834:
6202108052003140009288913:
6202108052003160008688253:
6202108052003170009339834:
6202108052003200004923617:
6202108052003220003137754:
6202108052003240008507829:
6202108052003260006025823:
6202108052003270006015460:
6202108052003290006039129:
6202108052003330006024122:
6202108052003370008492480:
6202108052003510004953182:
6202108052004430007412611:
6202108052004570006021991:
6202108052005100008443266:
6202108052005190008497699:
6202108052005230004946487:
6202108052005260009278808:
6202108052006070008504091:
6202108052007520008515578:
6202108052012260008510378:
6202108052022070008500378:
6202108052022460009247509:
6202108052023310005000296:
6202108052028280006028797:
6202108052032350006017496:
6202108052032390008500401:
6202108052034260008498988:
6202108052041420009241075:
6202108052041440004179142:
6202108052051260009354625:
6202108052059350009298223:
6202108052101250006042240:
6202108052101300009254002:
6202108052109160004975255:
6202108052149150009296138:
6202108052156490006036876:
6202108052157460008502735:
6202108052158030004968716:
6202108052158070006021994:
6202108052158120004977027:
6202108052158150008499149:
6202108052158170009252946:
6202108052158210004951477:
6202108052158230004969653:
6202108052158260004930793:
6202108052158290008692560:
6202108052158310008501942:
6202108052158360009283164:
6202108052158460008497774:
6202108052158560009226816:
6202108052159000009324068:
6202108052159050009254207:
6202108052159080008512035:
6202108052159140006035813:
6202108052159180008512035:
6202108052159190009254908:
6202108052159210004921905:
6202108052159230008509407:
6202108052159240004927120:
6202108052159260006040360:
6202108052159270007404782:
6202108052159280009231410:
6202108052159300007421209:
6202108052159310008431645:
6202108052159330008496367:
6202108052159370004969357:
6202108052159410008686680:
6202108052159450006032903:
6202108052159470006025807:
6202108052159490007402512:
6202108052159520008512859:
6202108052159530009226817:
6202108052159560008511510:
6202108052159580007395627:
6202108052200010009285701:
6202108052200030007411542:
6202108052200050008517056:
6202108052200060008494613:
6202108052200090006016276:
6202108052200110007401166:
6202108052200130006037924:
6202108052200150009298019:
6202108052200160008497935:
6202108052200180009298019:
6202108052200190004967806:
6202108052200210009230754:
6202108052200230006015163:
6202108052200240009282114:
6202108052200260008704914:
6202108052200270001087528:
6202108052200290008501482:
6202108052200300004929865:
6202108052200320009240533:
6202108052200340003892332:
6202108052200370004989259:
6202108052200390004933960:
6202108052200450008508352:
6202108052200480009292077:
6202108052200500006033720:
6202108052200520007419049:
6202108052200540007421269:
6202108052200570009230749:
6202108052200590004966592:
6202108052201010004178213:
6202108052201030008495972:
6202108052201040008493833:
6202108052201070004977423:
6202108052201090008513365:
6202108052201110009310954:
6202108052201130009233737:
6202108052201151513409863:
6202108052201210002851443:
6202108052201270004938938:
6202108052201350009226959:
6202108052201520009343364:
6202108052201540009346173:
6202108052202000009288958:
6202108052202080009354391:
6202108052202150008698315:
6202108052202170003916932:
6202108052202220008516772:
6202108052202520008506912:
6202108052203240002851459:
6202108052203270004922422:
6202108052203300004924676:
6202108052203340004922422:
6202108052203380004924676:
6202108052203440006014349:
6202108052203470004924676:
6202108052203540008696388:
6202108052204530004967900:
6202108052206030009231455:
8202108050730170004974322:
8202108050735500007396382:
8202108050743250003137945:
8202108050744330009273291:
8202108050744550006028960:
8202108050746060008511681:
8202108050746530009298435:
8202108050747410005001511:
8202108050747470009346364:
8202108050748230009234249:
8202108050748440004926919:
8202108050749111513631613:
8202108050749240008493092:
8202108050749280009231425:
8202108050749360009324572:
8202108050749400004926919:
8202108050749540008719239:
8202108050749590008500142:
8202108050750080009339225:
8202108050751120009231455:
8202108050751150004934985:
8202108050751180008496149:
8202108050751230009252970:
8202108050751320000424545:
8202108050751360008500626:
8202108050751430007395601:
8202108050751450008512783:
8202108050751530006036997:
8202108050751580004179293:
8202108050752000009250787:
8202108050752230008716113:
8202108050752450009324606:
8202108050752500004929419:
8202108050752590006028799:
8202108050753060001087543:
8202108050753080009226433:
8202108050753100008710875:
8202108050753270007407499:
8202108050753350009272187:
8202108050753420003116965:
8202108050753460009348776:
8202108050753490009296645:
8202108050753590009342035:
8202108050754310009342984:
8202108050754340009325498:
8202108050754400009252994:
8202108050754420008493340:
8202108050755000009336959:
8202108050755030008499706:
8202108050755040008510188:
8202108050755170009342978:
8202108050755270006013128:
8202108050755290009327620:
8202108050755320008493895:
8202108050755340006027612:
8202108050755380015629857:
8202108050756070009226797:
8202108050756450008500083:
8202108050756470009346181:
8202108050756520000424007:
8202108050756580000431385:
8202108050757010008500493:
8202108050757030004947698:
8202108050757070009311280:
8202108050757090004923338:
8202108050757120009341511:
8202108050758010003126360:
8202108050758170001083930:
8202108050758270004163548:
8202108050758300006022158:
8202108050758410009305260:
8202108050758560001088074:
8202108050759290008445656:
8202108050759550008515910:
8202108050801260008708560:
8202108050802380008504091:
8202108050815260009254000:
8202108051700020004924923:
8202108051803010008506212:
8202108051900010008509836:
8202108051900030008702698:
8202108051900050004936688:
8202108051900090009287195:
8202108051900120001077425:
8202108051900140009342981:
8202108051900170009342978:
8202108051900180004935623:
8202108051900220009272020:
8202108051900250009252994:
8202108051900270006022158:
8202108051900290009296645:
8202108051900320009346181:
8202108051900330009243147:
8202108051900350009250787:
8202108051900370009337903:
8202108051900500009339817:
8202108051900550008681212:
8202108051900570009324606:
8202108051901020009311280:
8202108051901040009273291:
8202108051901050009342035:
8202108051901070004952880:
8202108051901090009333812:
8202108051901110009321481:
8202108051901120000431385:
8202108051901160008504736:
8202108051901180009326600:
8202108051901190004969304:
8202108051901210004989551:
8202108051901220004045200:
8202108051901240015629857:
8202108051901250009343593:
8202108051901270009346055:
8202108051901290008499867:
8202108051901310009342984:
8202108051901350009348776:
8202108051901400008511222:
8202108051901440009234457:
8202108051901460004929641:
8202108051901500009234240:
8202108051901530009253739:
8202108051901550009348603:
8202108051901560004926919:
8202108051902000008493217:
8202108051902020008494427:
8202108051902050009341511:
8202108051902070008512783:
8202108051902430009226797:
8202108051902560006028957:
8202108051903010009298435:
8202108051903120006041875:
8202108051903140009339821:
8202108051903170004164864:
8202108051904130009247701:
8202108051904400007404978:
8202108051906190009281928:
8202108051907000004971518:
8202108051909140008708560:
8202108051916410009349972:
8202108051916460009309524:
8202108051937190008503979:
8202108051952160009254000:
8202108052000140008445656:
8202108052000160004947698:
8202108052000300008517323:
8202108052000310009343592:
8202108052000350009339225:
8202108052000370007407459:
8202108052000390007395601:
8202108052000410008501835:
8202108052000420009234249:
8202108052000470008685403:
8202108052000490006041088:
8202108052000510008690224:
8202108052000540009341742:
8202108052000560008503339:
8202108052001000009308083:
8202108052001020008710875:
8202108052001040004163548:
8202108052001050004974322:
8202108052001070008500083:
8202108052001090009346364:
8202108052001110000424007:
8202108052001130006013128:
8202108052001150004923338:
8202108052001170009231425:
8202108052001190009277510:
8202108052001210008500626:
8202108052001230009295454:
8202108052001240009336959:
8202108052001290009324605:
8202108052001350007396382:
8202108052001380008500493:
8202108052001410006015165:
8202108052001430006036997:
8202108052001490008493340:
8202108052001580008719239:
8202108052002010009290271:
8202108052002030009324572:
8202108052002040008510188:
8202108052002070004988966:
8202108052002090006039974:
8202108052002100003132772:
8202108052002300008500142:
8202108052002330008495556:
8202108052002430007407499:
8202108052002450009305260:
8202108052003170006027612:
8202108052004430002851485:
8202108052004440008512375:
8202108052005190008493895:
8202108052009440004985960:
8202108052200010004924511:
8202108052200090008686117:
8202108052200140008499706:
8202108052200170005001511:
8202108052200220006016091:
8202108052200250004169060:
8202108052200290001083930:
8202108052200350001088074:
8202108052200380006028960:
8202108052200400004179293:
8202108052200460008679170:
8202108052200480001088074:
8202108052200540001087543:
8202108052200560008495426:
8202108052200570003126360:
8202108052200590008501953:
8202108052201020009283323:
8202108052201030008514966:
8202108052201050009327620:
8202108052201090008496149:
8202108052201110008499047:
8202108052201130008500567:
8202108052201150008504234:
8202108052201260006036336:
8202108052201310009226821:
8202108052201400008511681:
8202108052201480004934985:
8202108052201521513631613:
8202108052202160009254169:
8202108052202590009232613:
