2202108190058460004947963:
2202108190724250008494564:
2202108190724430009307295:
2202108190731080009283296:
2202108190731140006039998:
2202108190731510006039969:
2202108190732060007402194:
2202108190735200008706494:
2202108190735430007398914:
2202108190736080007401654:
2202108190739470006026835:
2202108190739550009351758:
2202108190741440004927516:
2202108190742440009246193:
2202108190743480008698044:
2202108190744170008497657:
2202108190744420007421743:
2202108190744520004950247:
2202108190744590004966802:
2202108190745120003915458:
2202108190745210006036321:
2202108190745250004986846:
2202108190746270004970618:
2202108190746390008506907:
2202108190746570004922831:
2202108190747000009326618:
2202108190747040004972767:
2202108190747210004933649:
2202108190747270009339812:
2202108190747310009236809:
2202108190747340004924346:
2202108190747370002851443:
2202108190747420009296798:
2202108190747580004922287:
2202108190748020006751664:
2202108190748040009300596:
2202108190748250004936954:
2202108190748430001079879:
2202108190748470009297569:
2202108190748500004989073:
2202108190749040004954665:
2202108190749190006019430:
2202108190749240004989948:
2202108190749340004965442:
2202108190749380009339795:
2202108190750220009304051:
2202108190750380004968004:
2202108190750450006016275:
2202108190750490009300607:
2202108190750540008493286:
2202108190751030008680789:
2202108190751060006030135:
2202108190751090004961787:
2202108190751200004931010:
2202108190751450006040952:
2202108190752090008694944:
2202108190752110004933902:
2202108190752140006021875:
2202108190752160009287011:
2202108190752170004924676:
2202108190752280008716113:
2202108190752310007421690:
2202108190752360009324107:
2202108190752380004987436:
2202108190752480006014349:
2202108190752510007402500:
2202108190753090009349952:
2202108190753110009281753:
2202108190753190006016090:
2202108190753210009276908:
2202108190753310007402512:
2202108190753340008512859:
2202108190753360004989259:
2202108190753410009279709:
2202108190753560009252984:
2202108190754000009232187:
2202108190754010009341030:
2202108190754040008678354:
2202108190754070006033001:
2202108190754090007422489:
2202108190754120009236810:
2202108190754180007402482:
2202108190754210008497276:
2202108190754230008707911:
2202108190754280008424093:
2202108190754330008503915:
2202108190754440009342183:
2202108190754530009351823:
2202108190754560004958379:
2202108190755000004986057:
2202108190755020004930090:
2202108190755050004937357:
2202108190755060005000508:
2202108190755080009253991:
2202108190755120004937490:
2202108190755250004968394:
2202108190755320009313676:
2202108190755380008681883:
2202108190755410008709061:
2202108190755430009254183:
2202108190755461513628688:
2202108190755481513643510:
2202108190755520007401166:
2202108190755560008701083:
2202108190756000006018005:
2202108190756040006036318:
2202108190756090004924260:
2202108190756150002851478:
2202108190756170004939835:
2202108190756180008492705:
2202108190756200009283164:
2202108190756220008505663:
2202108190756270006041088:
2202108190756300006036993:
2202108190756320009298207:
2202108190756340009275335:
2202108190756360004937625:
2202108190756380006039541:
2202108190756390009254207:
2202108190756420008709369:
2202108190756440004921380:
2202108190756460008506766:
2202108190756470008515447:
2202108190756490006025445:
2202108190756500004921380:
2202108190756510008496191:
2202108190756530008494333:
2202108190756540008713719:
2202108190756560008495972:
2202108190756580009297664:
2202108190757010004969090:
2202108190757030009253997:
2202108190757050004989551:
2202108190757070009321334:
2202108190757090004931897:
2202108190757100009232631:
2202108190757160006029990:
2202108190757250004960160:
2202108190757310009288913:
2202108190757330009232378:
2202108190757360009326645:
2202108190757380009293911:
2202108190757400004985960:
2202108190757420009340483:
2202108190757430004975875:
2202108190757450009339828:
2202108190757460009290365:
2202108190757480004969653:
2202108190757500004921669:
2202108190757520006030145:
2202108190757540006039497:
2202108190757550004921669:
2202108190757570004946782:
2202108190757590009289101:
2202108190758000009277203:
2202108190758020009286624:
2202108190758040004970306:
2202108190758060008688253:
2202108190758070008697836:
2202108190758090008711445:
2202108190758120009330833:
2202108190758130004931193:
2202108190758150008696388:
2202108190758170009226826:
2202108190758180008690794:
2202108190758200004967002:
2202108190758220006022439:
2202108190758230005006768:
2202108190758250004951477:
2202108190758270008506212:
2202108190758300009339225:
2202108190758320008701527:
2202108190758350004966490:
2202108190758390004973700:
2202108190758410004922029:
2202108190758490009346038:
2202108190758510009232653:
2202108190758590009309829:
2202108190759020004940114:
2202108190759030004948585:
2202108190759050009337903:
2202108190759070009290271:
2202108190759090006015460:
2202108190759110008707832:
2202108190759120004995861:
2202108190759140009344566:
2202108190759150004928366:
2202108190759180004967806:
2202108190759210007419049:
2202108190759230004158333:
2202108190759240006020195:
2202108190759270009281928:
2202108190759280009340824:
2202108190759300009292077:
2202108190759320009281928:
2202108190759350004951746:
2202108190759370006021994:
2202108190759400009322682:
2202108190759420009279728:
2202108190759440006017488:
2202108190759500009343567:
2202108190759520009346020:
2202108190759540008500312:
2202108190759560008498971:
2202108190759570009339144:
2202108190759590008702320:
2202108190800000004929016:
2202108190800020009336990:
2202108190800080008502735:
2202108190800110004976805:
2202108190800130008506797:
2202108190800150008516213:
2202108190800170008500889:
2202108190800220008499149:
2202108190800240009346063:
2202108190800270008719239:
2202108190800290009300590:
2202108190800340008695905:
2202108190800400008708560:
2202108190800420004164864:
2202108190800450008495616:
2202108190800480007415195:
2202108190800490004947107:
2202108190800520004991554:
2202108190801000004966178:
2202108190801030004975565:
2202108190801050008429638:
2202108190801070008492480:
2202108190801080008698795:
2202108190801100009274443:
2202108190801140009233697:
2202108190801160009354625:
2202108190801180006027540:
2202108190801200009243147:
2202108190801230009339524:
2202108190801300009343364:
2202108190801350009234089:
2202108190801370008508587:
2202108190801460004958690:
2202108190801490007421210:
2202108190801570004954955:
2202108190802090004948851:
2202108190802120009226412:
2202108190802160008686663:
2202108190802180009279481:
2202108190802200004954955:
2202108190802210003137754:
2202108190802230009301551:
2202108190802250006039494:
2202108190802280009294273:
2202108190802300006019428:
2202108190802330009290264:
2202108190802350009326612:
2202108190802380008493833:
2202108190802400008494964:
2202108190802410006021991:
2202108190802450009313530:
2202108190802480009246199:
2202108190802520008513733:
2202108190803000006028451:
2202108190803210009293535:
2202108190803250008426247:
2202108190803340006039337:
2202108190803380009340801:
2202108190803400000431412:
2202108190803460008497463:
2202108190803540002851465:
2202108190803570004968502:
2202108190804020004924923:
2202108190804090007402196:
2202108190804110008500567:
2202108190804400004996481:
2202108190805100006022003:
2202108190805120008515734:
2202108190805240009226392:
2202108190805560006022855:
2202108190806190004921466:
2202108190806210009307388:
2202108190806250004921466:
2202108190806520008515910:
2202108190807240008493028:
2202108190807580004967312:
2202108190808080006031525:
2202108190808220006042277:
2202108190808350009298223:
2202108190809110008515578:
2202108190809190004985430:
2202108190809300008693150:
2202108190809390008710957:
2202108190810580004967606:
2202108190813010008502364:
2202108190813040008494092:
2202108190813220006019315:
2202108190814190008506632:
2202108190814260009303525:
2202108190814290008426248:
2202108190816180008677300:
2202108190818070004937356:
2202108190824400007407502:
2202108190825050009291663:
2202108190825360006036505:
2202108190825560004947963:
2202108190827580009310727:
2202108190832370008677773:
2202108190833000009298073:
2202108190843280006009777:
2202108190849440008439606:
2202108190903501513646659:
2202108190908350009290471:
2202108190914220009311703:
2202108190914240008502693:
2202108191702050004936954:
2202108191702540004985430:
2202108191703250009339795:
2202108191703360008510716:
2202108191703420002851479:
2202108191703530006016275:
2202108191703560004951145:
2202108191703590004996677:
2202108191716430009310727:
2202108191716450009298073:
2202108191738280004968004:
2202108191802070004998138:
2202108191804490008706494:
2202108191804530004989073:
2202108191855410008493028:
2202108191856531513646659:
2202108191900160008704200:
2202108191908350007422489:
2202108191919540009283164:
2202108191923410004947963:
2202108191924200009293535:
2202108191925250004953953:
2202108191926310008426248:
2202108191940480008424093:
2202108191942000009326435:
2202108191955200008439606:
2202108191955220009313530:
2202108191955400009311703:
2202108191958330008506907:
2202108191958360004924346:
2202108191958410008429638:
2202108191958440006019428:
2202108191958460006019430:
2202108191958480002851478:
2202108191958501513628688:
2202108191959500008429638:
2202108192000001513628688:
2202108192000020002851478:
2202108192000030008494656:
2202108192000060000431412:
2202108192000070009287011:
2202108192000090000431412:
2202108192000110006021875:
2202108192000130009287011:
2202108192000150004958690:
2202108192000170004921669:
2202108192000190004954665:
2202108192000210008508587:
2202108192000240008686663:
2202108192000260004960160:
2202108192000280009324604:
2202108192000290009283296:
2202108192000320006029990:
2202108192000330009307388:
2202108192000350004922287:
2202108192000370004972767:
2202108192000390009276908:
2202108192000410004930090:
2202108192000440009281753:
2202108192000460008701083:
2202108192000480007415195:
2202108192000510009248283:
2202108192000550004991554:
2202108192000570004986057:
2202108192000580004967914:
2202108192001030004944745:
2202108192001040004921380:
2202108192001060009233710:
2202108192001080009326645:
2202108192001090009236809:
2202108192001110004921380:
2202108192001120007413810:
2202108192001140006036875:
2202108192001150009340820:
2202108192001170009301551:
2202108192001190004922831:
2202108192001210009297569:
2202108192001250006030142:
2202108192001430004950845:
2202108192001510008497657:
2202108192002140007402482:
2202108192002260004931193:
2202108192002280004991554:
2202108192002300009346038:
2202108192002340009340483:
2202108192002380001079879:
2202108192002450009339828:
2202108192002590004968394:
2202108192003010004934727:
2202108192003150009236810:
2202108192003230009307295:
2202108192003260009298207:
2202108192003290002851487:
2202108192003400009293911:
2202108192003480009339219:
2202108192003580009275335:
2202108192003590009326618:
2202108192004010006030135:
2202108192004050009297664:
2202108192004070004970618:
2202108192004150004966802:
2202108192004350004946517:
2202108192004440008704360:
2202108192004550008497276:
2202108192006260009289101:
2202108192006560009286624:
2202108192007450009246193:
2202108192007470008426247:
2202108192007520008517932:
2202108192007560004975875:
2202108192008110008503915:
2202108192008150009296798:
2202108192008170008515021:
2202108192008200007402500:
2202108192008220008515021:
2202108192008250009232378:
2202108192008280008692450:
2202108192008340004973700:
2202108192008360004967416:
2202108192008400008697836:
2202108192008420004961787:
2202108192008440008494564:
2202108192008540009330833:
2202108192008570006037287:
2202108192009000009339812:
2202108192009100004949177:
2202108192009140004937490:
2202108192009400008710957:
2202108192010080004932362:
2202108192010350009232651:
2202108192010390008500312:
2202108192010410008698044:
2202108192011040009305457:
2202108192011110006039969:
2202108192011310007414082:
2202108192011370009252984:
2202108192014230006036321:
2202108192014360009300596:
2202108192014380008495037:
2202108192014400006751664:
2202108192014520007398914:
2202108192014590008707832:
2202108192016200008694944:
2202108192017210003915458:
2202108192034310008506632:
2202108192046420006009777:
2202108192102271513643510:
2202108192138060008494092:
2202108192157470009351768:
2202108192158110008711445:
2202108192159300004923159:
2202108192159550008701527:
2202108192200000004970306:
2202108192200020004921466:
2202108192200040008681883:
2202108192200050008492705:
2202108192200070008678354:
2202108192200090004921466:
2202108192200110006033001:
2202108192200130008709369:
2202108192200150008709061:
2202108192200170008492705:
2202108192200180006026834:
2202108192200370008494964:
2202108192200420004976407:
2202108192200450006026834:
2202108192200490006030145:
2202108192200570004953182:
2202108192200590006042240:
2202108192201040008501942:
2202108192201260003916932:
2202108192201350004997544:
2202108192201410004986846:
2202108192202260004996481:
2202108192202430006018008:
2202108192203130007401166:
2202108192203150004967806:
2202108192203220002851459:
2202108192204460009300590:
2202108192359040009277203:
2202108192359060004937625:
2202108192359310009279481:
2202108192359330009253846:
2202108192359390006031526:
2202108192359440009253846:
2202108192359550008496191:
3202108190726470008501288:
3202108190736420001099428:
3202108190738060009226816:
3202108190739050009339211:
3202108190739430004974633:
3202108190739560004968592:
3202108190741190008692290:
3202108190741340006028957:
3202108190741490004937222:
3202108190741590004957759:
3202108190742400009234458:
3202108190743180004928640:
3202108190743300004927516:
3202108190743381513637255:
3202108190743470007404978:
3202108190743570003117204:
3202108190744120008504091:
3202108190744180004959868:
3202108190744430005011308:
3202108190745450004975787:
3202108190745490004974322:
3202108190746060005004742:
3202108190746100004935446:
3202108190746210009247521:
3202108190746240004969304:
3202108190746570006023085:
3202108190747040004972456:
3202108190747260008715839:
3202108190747330009234108:
3202108190747380006039016:
3202108190747540009236868:
3202108190748010008711197:
3202108190748040004969994:
3202108190748070008513325:
3202108190748100005001068:
3202108190748200008714702:
3202108190748230004998663:
3202108190748260005001068:
3202108190748430002851443:
3202108190748490002851485:
3202108190748510004974544:
3202108190748540008501953:
3202108190748590008494010:
3202108190749060006030484:
3202108190749090004973922:
3202108190749140006028953:
3202108190749160004999443:
3202108190749510000424545:
3202108190749560008692117:
3202108190749590004936422:
3202108190750020009339254:
3202108190750050005001262:
3202108190750070004932608:
3202108190750090009252962:
3202108190750150009232350:
3202108190750310008503303:
3202108190750390008504736:
3202108190750420009253846:
3202108190750440009274203:
3202108190750460009326650:
3202108190750480009323446:
3202108190750590008698121:
3202108190751030008497634:
3202108190751130004155886:
3202108190751250009335560:
3202108190751280009336959:
3202108190751320009281874:
3202108190752020004958669:
3202108190752080009295891:
3202108190752140006018008:
3202108190752170009339792:
3202108190752190004987237:
3202108190752250008716625:
3202108190752290004929419:
3202108190752310009342954:
3202108190752330009322602:
3202108190752360004946812:
3202108190752420004928152:
3202108190752580009340813:
3202108190753030009324606:
3202108190753050004998924:
3202108190753070009306586:
3202108190753120004975477:
3202108190753160009254169:
3202108190753170004970930:
3202108190753200008492065:
3202108190753270009325535:
3202108190753360009343149:
3202108190753410008692032:
3202108190753440008689944:
3202108190753460008716113:
3202108190753490004926955:
3202108190753510008680280:
3202108190753540003137991:
3202108190753550008502984:
3202108190754030006042240:
3202108190754090008502984:
3202108190754120009306129:
3202108190754140008518703:
3202108190754160006030480:
3202108190754190008494290:
3202108190754210006025823:
3202108190754240009284157:
3202108190754270008697764:
3202108190754360004970901:
3202108190754430009300618:
3202108190754470004942841:
3202108190754530009233695:
3202108190754550009324068:
3202108190755010009339818:
3202108190755070006027612:
3202108190755100009326626:
3202108190755120009252970:
3202108190755150008512375:
3202108190755350004942039:
3202108190755400008498188:
3202108190755420004967710:
3202108190755440004927539:
3202108190755450008499556:
3202108190755480004989657:
3202108190755500004948289:
3202108190755520004961532:
3202108190755560008714702:
3202108190756000009321321:
3202108190756030008710216:
3202108190756050008514795:
3202108190756070005004322:
3202108190756090004993812:
3202108190756120008707911:
3202108190756170008676957:
3202108190756210009342940:
3202108190756250008711892:
3202108190756270008678678:
3202108190756300008514966:
3202108190756330004957621:
3202108190756360006041721:
3202108190756380009326609:
3202108190756420003137967:
3202108190756470004932638:
3202108190756570009286996:
3202108190756590004936149:
3202108190757010006031526:
3202108190757040009339930:
3202108190757060008681103:
3202108190757090004927786:
3202108190757120003126147:
3202108190757140004922422:
3202108190757160008507829:
3202108190757190008704360:
3202108190757220002851487:
3202108190757260009286387:
3202108190757290004956808:
3202108190757330004923617:
3202108190757360008679943:
3202108190757440009327615:
3202108190757500000424007:
3202108190757530009348542:
3202108190757580009230749:
3202108190758010004940394:
3202108190758180008429633:
3202108190758250008677829:
3202108190758270004989551:
3202108190758410009348603:
3202108190758440004936029:
3202108190758460004973078:
3202108190758500004927156:
3202108190758550004996406:
3202108190758590008516420:
3202108190759020004957118:
3202108190759050008701274:
3202108190759080004998337:
3202108190759120009255827:
3202108190759150009293228:
3202108190759200008677903:
3202108190759270009273013:
3202108190759280008495468:
3202108190759300009226952:
3202108190759330009308083:
3202108190759390004929235:
3202108190759420008503515:
3202108190759580008518736:
3202108190800030009253742:
3202108190800050004965754:
3202108190800180003132773:
3202108190800240004934470:
3202108190800290009339195:
3202108190800380009340470:
3202108190801250004999262:
3202108190801300004966378:
3202108190801370004953650:
3202108190801510008708560:
3202108190803260008688767:
3202108190805460008503489:
3202108190808010009275624:
3202108190808100008515910:
3202108190814110008506597:
3202108191701470009342978:
3202108191701510004928798:
3202108191705180004998924:
3202108191900020009306129:
3202108191900110008503515:
3202108191900280006024859:
3202108191900340008503515:
3202108191900410004989657:
3202108191900490009326609:
3202108191900540009305547:
3202108191901120004928152:
3202108191901260008692117:
3202108191902020000439530:
3202108191902070008711892:
3202108191902120004953650:
3202108191902130004164864:
3202108191902150008711892:
3202108191902170009354349:
3202108191902190008691341:
3202108191902220009324606:
3202108191902250009327615:
3202108191902260008507829:
3202108191902290004958669:
3202108191902310009336959:
3202108191903430009346173:
3202108191907020009324068:
3202108191952360008698121:
3202108191953100009274203:
3202108191956470008503489:
3202108192000000006015460:
3202108192000030006027612:
3202108192000070004932608:
3202108192000300000424167:
3202108192000320009290264:
3202108192000380009346020:
3202108192000430008690794:
3202108192000530006028953:
3202108192001100008514795:
3202108192001180001077421:
3202108192001200008690203:
3202108192002210002851487:
3202108192002340004155886:
3202108192002440008499047:
3202108192003020003126147:
3202108192003040009324879:
3202108192003180004940394:
3202108192003220008714113:
3202108192003360008704360:
3202108192009290008699992:
3202108192016520008518703:
3202108192017250009252970:
3202108192035520004967710:
3202108192038590004974633:
3202108192040180004928581:
3202108192101110009308083:
3202108192135000006039998:
3202108192135320008676957:
3202108192137540006019315:
3202108192145300008503979:
3202108192159070008429633:
3202108192159100006039506:
3202108192159130005001262:
3202108192159150004927516:
3202108192159170004969994:
3202108192159210006028450:
3202108192159230004969994:
3202108192159270008692290:
3202108192159280008688767:
3202108192159300009254169:
3202108192159321513653821:
3202108192159340005004322:
3202108192159370002851443:
3202108192159390009346367:
3202108192159400005004322:
3202108192159430008518736:
3202108192159450009306586:
3202108192159460004999262:
3202108192159490008697063:
3202108192159530008516420:
3202108192159550009246199:
3202108192159590008698795:
3202108192200020004967606:
3202108192200030009232350:
3202108192200050008502984:
3202108192200060004946812:
3202108192200080008503303:
3202108192200100009247521:
3202108192200120004946812:
3202108192200140009348748:
3202108192200150005011308:
3202108192200180009351964:
3202108192200210006023085:
3202108192200280009339792:
3202108192200400009343567:
3202108192200430009336990:
3202108192200450009348603:
3202108192200460009346685:
3202108192201230006028957:
3202108192201250009301802:
3202108192201270009295891:
3202108192201300004989551:
3202108192201320009274443:
3202108192201340004962411:
3202108192201360008494010:
3202108192201380008445992:
3202108192201410008681103:
3202108192201450006018008:
3202108192201460009322602:
3202108192201540008506597:
3202108192202120009232613:
3202108192202140004974544:
3202108192202180009339144:
3202108192202210008708560:
3202108192202250004974544:
3202108192202310003137991:
3202108192202480004923617:
3202108192203330009325511:
3202108192204560008500567:
3202108192206320003918790:
3202108192206530004922422:
3202108192207020008716113:
3202108192207240008677829:
3202108192208320009354582:
3202108192209010009286996:
3202108192209090009326658:
3202108192209100004961532:
3202108192249140009348542:
3202108192259060009243147:
3202108192259080009234458:
3202108192259310009342940:
3202108192259330008711197:
3202108192259400006030484:
3202108192259470008713928:
3202108192259590008684967:
3202108192300020004957118:
3202108192300040008517323:
3202108192300060008503339:
3202108192300130009283931:
3202108192300150008503339:
3202108192300160009283931:
3202108192301190009326438:
3202108192301210008712381:
3202108192301230004936149:
3202108192301250006031524:
3202108192301270009281874:
3202108192301280009335560:
3202108192301440006030480:
3202108192302230009322590:
3202108192303110006014941:
3202108192303180009326626:
3202108192303200004927539:
3202108192303560004970930:
3202108192304020004936029:
3202108192304310008501288:
3202108192305490009337006:
3202108192305510009324629:
3202108192305560008681212:
3202108192306270004045200:
3202108192306290008502189:
3202108192306330009351830:
3202108192306360008494201:
3202108192306480009230815:
3202108192306500008494427:
3202108192306520006028451:
3202108192306530004942841:
3202108192306580006020195:
3202108192307100005001068:
3202108192307130003137754:
3202108192307150004990690:
3202108192307320004972456:
3202108192307340006039016:
3202108192307370008492065:
3202108192307380009234248:
3202108192307400009284157:
3202108192307420004966378:
3202108192307440008680280:
3202108192307450008707911:
3202108192307460009325535:
3202108192307480008715839:
3202108192307520004929235:
3202108192307550009234457:
3202108192307580007421690:
3202108192308000008699709:
3202108192308090004975787:
3202108192308130009253742:
3202108192308160004965754:
3202108192308210008677903:
3202108192308290009275492:
3202108192308310008492410:
3202108192308400004998663:
3202108192309440008701103:
3202108192309470008693150:
3202108192309560008677300:
3202108192310150006017488:
3202108192310180004948289:
3202108192310270004929641:
3202108192310470008696388:
3202108192317110006016090:
3202108192317140006026835:
3202108192317220008506766:
3202108192317240006026835:
3202108192317260008688253:
3202108192356180008515578:
3202108192356250008713719:
3202108192356390006025823:
3202108192357320008709488:
3202108192357340008498188:
3202108192357370001099428:
3202108192357410004935446:
3202108192357420008693920:
3202108192357440001099428:
3202108192357470009323446:
3202108192357500009342962:
3202108192357521513637255:
3202108192357540009343149:
3202108192357560009340813:
3202108192357570003132773:
3202108192357590006019317:
3202108192358030004927786:
3202108192358040009324637:
3202108192358060006022003:
3202108192358080008678678:
3202108192358090004970901:
3202108192358120003137967:
3202108192358130009300618:
3202108192358150008679943:
3202108192358170004932638:
3202108192358210004956808:
3202108192358260006041721:
3202108192358280004956808:
3202108192358300004932638:
3202108192358330008710216:
3202108192358340009273013:
3202108192358360008714702:
3202108192358370006025823:
3202108192358390009302534:
3202108192358410008683912:
3202108192358430009236820:
3202108192358450008697764:
3202108192358470009252962:
3202108192358490004973078:
3202108192358520009233697:
3202108192358540009339802:
3202108192358570004934470:
3202108192359100004937222:
3202108192359150009354825:
3202108192359170006039497:
3202108192359300009293228:
3202108192359320006039497:
3202108192359340008499556:
3202108192359350009288958:
3202108192359360004999443:
3202108192359380004928640:
3202108192359400004926757:
3202108192359420008689944:
3202108192359430004947373:
3202108192359450008513325:
3202108192359470008698315:
3202108192359490009226952:
3202108192359510008495468:
3202108192359530004926955:
3202108192359550009309829:
3202108192359560006039541:
3202108192359580008494290:
4202108190730100009231425:
4202108190737520009272601:
4202108190742171513653075:
4202108190744370004936688:
4202108190744430004936293:
4202108190745520006015165:
4202108190746000008494141:
4202108190746360004978162:
4202108190746370008717694:
4202108190747020008499509:
4202108190747060009305547:
4202108190747130009346340:
4202108190747160008712381:
4202108190747180009234248:
4202108190747310006027345:
4202108190748120004928211:
4202108190748240008690224:
4202108190748290004928211:
4202108190748310001087543:
4202108190748530009285513:
4202108190749570004926757:
4202108190750130009236820:
4202108190750150008498021:
4202108190750220009348776:
4202108190750430004924511:
4202108190751060007395601:
4202108190751420009305260:
4202108190751450007407499:
4202108190751480009338161:
4202108190752040008496149:
4202108190752110009234249:
4202108190752580005001511:
4202108190753060004974233:
4202108190753120008504234:
4202108190753140009226433:
4202108190753160008501835:
4202108190753260008499706:
4202108190753280009331044:
4202108190753310004929198:
4202108190753330009252994:
4202108190753360009232613:
4202108190753380004975255:
4202108190753460008495426:
4202108190753500009342997:
4202108190753520009226817:
4202108190753540006028799:
4202108190753560006041875:
4202108190754070009330829:
4202108190754090008710875:
4202108190754110004928425:
4202108190754130009283323:
4202108190754190003126360:
4202108190754220004926919:
4202108190754240009253739:
4202108190754260009247701:
4202108190754320006036336:
4202108190754410008493340:
4202108190754430008695597:
4202108190754490007398203:
4202108190754540006016091:
4202108190754570008499867:
4202108190755010004962411:
4202108190755030009311280:
4202108190755070009327620:
4202108190755090009272187:
4202108190755210009324118:
4202108190755240009253995:
4202108190755290009324572:
4202108190755320009342035:
4202108190755341513626317:
4202108190755360008684967:
4202108190755390009326600:
4202108190755400009287195:
4202108190755460008510188:
4202108190755500004952880:
4202108190756000004929641:
4202108190756080004163548:
4202108190756100009226821:
4202108190756240004179293:
4202108190756270004928798:
4202108190756420008708992:
4202108190756460009342978:
4202108190756470007421735:
4202108190756531513631101:
4202108190757060006035802:
4202108190757150004957311:
4202108190757180008494427:
4202108190757190009346055:
4202108190757210009280051:
4202108190757220009341742:
4202108190757250009298206:
4202108190757260009341511:
4202108190757280009342984:
4202108190757300008499471:
4202108190757310009352010:
4202108190757330009343592:
4202108190757340009234457:
4202108190757360008512783:
4202108190757380006022158:
4202108190757400009354827:
4202108190757420009326658:
4202108190757440009351814:
4202108190757460004967114:
4202108190757470008493895:
4202108190757490009342981:
4202108190757510001088074:
4202108190757530009324085:
4202108190757550009325498:
4202108190758000004967900:
4202108190758040001083930:
4202108190758050009354391:
4202108190758090005008693:
4202108190758110008445656:
4202108190758130009346685:
4202108190758150006021988:
4202108190758170008499047:
4202108190758180006036997:
4202108190758200006039129:
4202108190758210008695667:
4202108190758230009342962:
4202108190758250008699709:
4202108190758270008679170:
4202108190758280015629857:
4202108190758300008500083:
4202108190758320009339821:
4202108190758340009324605:
4202108190758350004953788:
4202108190758370008686117:
4202108190758400004169060:
4202108190758430007401131:
4202108190758450006016252:
4202108190758550009339817:
4202108190758580004948259:
4202108190759000009333812:
4202108190759020000431385:
4202108190759040008503979:
4202108190759060008503089:
4202108190759140009346035:
4202108190759170004985960:
4202108190759240006020220:
4202108190759330004927962:
4202108190759350004949474:
4202108190759380004988966:
4202108190759430009226385:
4202108190759450009295454:
4202108190759460006039974:
4202108190759520009339225:
4202108190800040002854367:
4202108190800060009327564:
4202108190800360009321481:
4202108190801030004936413:
4202108190801080003116965:
4202108190801090008500493:
4202108190801340009246202:
4202108190801570008719239:
4202108190801590004947698:
4202108190802180009226402:
4202108190802410009231455:
4202108190802430008500142:
4202108190802450004933960:
4202108190804360009343432:
4202108190804500009226399:
4202108190806030008509836:
4202108190806460008498988:
4202108190837110009303697:
4202108190840190004921785:
4202108190934270009254000:
4202108191828430009343432:
4202108191859510009351814:
4202108191900020004936688:
4202108191900040008515910:
4202108191900090009337903:
4202108191900120009298206:
4202108191900130004978162:
4202108191900150008717694:
4202108191900180004936413:
4202108191900320004929419:
4202108191900510009342035:
4202108191900540009272187:
4202108191901000009346055:
4202108191901100009339821:
4202108191901120009252994:
4202108191901310015629857:
4202108191901320009311280:
4202108191901340001083930:
4202108191901351513631101:
4202108191901370009246202:
4202108191901390009296645:
4202108191901400009250787:
4202108191901420004926919:
4202108191901510009342143:
4202108191901560005001511:
4202108191901580009342984:
4202108191902000009253739:
4202108191902010006041875:
4202108191902030009325498:
4202108191902050004967114:
4202108191902130004974233:
4202108191902190009234249:
4202108191902350009230812:
4202108191902480008499867:
4202108191903110009226816:
4202108191904290008500888:
4202108191904480009341511:
4202108191904570009226433:
4202108191905090009346340:
4202108191905300006036994:
4202108191905590008512783:
4202108191906020004957311:
4202108191906380004927962:
4202108191906410007401131:
4202108191907220004975565:
4202108191908160008510188:
4202108191959540008708992:
4202108191959580004952880:
4202108192000030006016091:
4202108192000050006020220:
4202108192000200008719239:
4202108192000260008680789:
4202108192000320001088074:
4202108192000330004179293:
4202108192000390004969653:
4202108192001070009324118:
4202108192001110001087543:
4202108192001330006022158:
4202108192001340008514966:
4202108192001460005008693:
4202108192001570008500142:
4202108192003170008502693:
4202108192003200009272601:
4202108192003230008686117:
4202108192004421513653075:
4202108192004470008499706:
4202108192005570004929198:
4202108192012220009231455:
4202108192027550009349952:
4202108192127260008494141:
4202108192159190004975255:
4202108192200010009348776:
4202108192200030009324605:
4202108192200060009226402:
4202108192200110001089614:
4202108192200190004169060:
4202108192200210009354581:
4202108192200230009343174:
4202108192200240009352010:
4202108192200260009341742:
4202108192200270004163548:
4202108192200290004969304:
4202108192200300008499471:
4202108192200320009324572:
4202108192200330008445656:
4202108192200350004989259:
4202108192200370004953788:
4202108192200390006036336:
4202108192200410009342981:
4202108192200440007396382:
4202108192200460009339818:
4202108192200480003126360:
4202108192200510007395601:
4202108192200570009230749:
4202108192200590006036997:
4202108192201120009324085:
4202108192201140009352016:
4202108192201160006016252:
4202108192201190008493895:
4202108192201210008504091:
4202108192201240009327620:
4202108192201290009354391:
4202108192201310008679170:
4202108192201340008500083:
4202108192201360004947698:
4202108192201370009290271:
4202108192201400000424007:
4202108192201440007407499:
4202108192201460004923699:
4202108192201530009226821:
4202108192203080004974322:
4202108192206530004971518:
4202108192207470004933960:
4202108192300250009231425:
4202108192305200009305260:
4202108192306010008710875:
4202108192306060008695597:
4202108192306110008695667:
4202108192306170008493340:
4202108192306190009339254:
4202108192306230003116965:
4202108192306410006028799:
4202108192306430009330829:
4202108192306470009287195:
4202108192308200009226797:
4202108192308220008500493:
4202108192357160006035802:
4202108192357280009338161:
5202108190729210004995938:
5202108190735350008698279:
5202108190736230007398914:
5202108190736360004994596:
5202108190736430006032924:
5202108190736570008495037:
5202108190737370004993674:
5202108190742220006022160:
5202108190743360004957428:
5202108190743450004927306:
5202108190745200009281193:
5202108190745220007404782:
5202108190745300009305457:
5202108190745320004924019:
5202108190745390009305457:
5202108190745430004961093:
5202108190745440007412611:
5202108190745480004966802:
5202108190746330008499208:
5202108190746530009346707:
5202108190746560006025812:
5202108190747260001079288:
5202108190747520007401654:
5202108190747580004985169:
5202108190748170004957738:
5202108190748200009296798:
5202108190748340001108277:
5202108190748381513645885:
5202108190748440004953485:
5202108190748470004960471:
5202108190749030004966066:
5202108190749040008508290:
5202108190749060004996134:
5202108190749120009339273:
5202108190749150004976717:
5202108190749200004923605:
5202108190749230008517932:
5202108190749290004989073:
5202108190749310004973075:
5202108190749570004961715:
5202108190750000004996677:
5202108190750080004989948:
5202108190750100009346170:
5202108190750120009339795:
5202108190750170004923159:
5202108190750200009226447:
5202108190750210008493676:
5202108190750230004936556:
5202108190750250009234480:
5202108190750270008699606:
5202108190750380008510518:
5202108190750400008491998:
5202108190750490004934727:
5202108190750550004951145:
5202108190751140004968004:
5202108190751200004967914:
5202108190751240006016275:
5202108190751270004967914:
5202108190751300006018008:
5202108190751450008690529:
5202108190751470008513950:
5202108190751490009346362:
5202108190751510006028797:
5202108190751560004967512:
5202108190752090008494656:
5202108190752130006036875:
5202108190752160004967416:
5202108190752170009276680:
5202108190752200009339839:
5202108190752250004960782:
5202108190752280008691017:
5202108190752350008500184:
5202108190752370008694659:
5202108190752400007413810:
5202108190752440007411321:
5202108190752480004972420:
5202108190752510009233710:
5202108190753050009347607:
5202108190753070004994074:
5202108190753100004974855:
5202108190753120009324107:
5202108190753140008492776:
5202108190753160008516236:
5202108190753170006028292:
5202108190753190006030130:
5202108190753200008512216:
5202108190753240004959001:
5202108190753260007402500:
5202108190753280004997873:
5202108190753310009352009:
5202108190753330004998401:
5202108190753390004995116:
5202108190753410008512059:
5202108190753430003126145:
5202108190753470009282809:
5202108190753490008512059:
5202108190753510009305197:
5202108190753540007402523:
5202108190753580008500113:
5202108190754020004946517:
5202108190754050004972764:
5202108190754070008496310:
5202108190754140001083110:
5202108190754170008503171:
5202108190754190009279709:
5202108190754210009254229:
5202108190754240004954090:
5202108190754260008704200:
5202108190754270004998138:
5202108190754290009351308:
5202108190754300006022852:
5202108190754330004935186:
5202108190754350009252984:
5202108190754390008515021:
5202108190754410009341030:
5202108190754440004975166:
5202108190754500003892332:
5202108190754510004977027:
5202108190754570003920040:
5202108190754590009327416:
5202108190755020009321395:
5202108190755030009346376:
5202108190755050006030142:
5202108190755070008718216:
5202108190755090004947668:
5202108190755100008503915:
5202108190755120006030118:
5202108190755200008501942:
5202108190755220009354001:
5202108190755240009234236:
5202108190755270008711892:
5202108190755290009287006:
5202108190755320008493750:
5202108190755340008431645:
5202108190755360004990979:
5202108190755400009280491:
5202108190755420008676811:
5202108190755450008706878:
5202108190755510004951445:
5202108190756000006037287:
5202108190756020008692450:
5202108190756040004950546:
5202108190756060008687593:
5202108190756080004969384:
5202108190756080009340820:
5202108190756110009323985:
5202108190756140004923454:
5202108190756160004950845:
5202108190756180004927998:
5202108190756200008493366:
5202108190756220008494613:
5202108190756260004971518:
5202108190756320008690941:
5202108190756350006018006:
5202108190756380008501795:
5202108190756440009348762:
5202108190756480008682585:
5202108190756500008701083:
5202108190756580004984899:
5202108190757000007407739:
5202108190757020008512035:
5202108190757030004995665:
5202108190757050006024122:
5202108190757070004995665:
5202108190757080008510716:
5202108190757100000439539:
5202108190757120008506912:
5202108190757130008680442:
5202108190757150009226959:
5202108190757160004961404:
5202108190757190008509901:
5202108190757200006033090:
5202108190757240006025445:
5202108190757260009230781:
5202108190757330007414082:
5202108190757360008495972:
5202108190757361513637915:
5202108190757390009248283:
5202108190757410004932362:
5202108190757430006029988:
5202108190757450009240533:
5202108190757470009232631:
5202108190757490008510090:
5202108190757510008709011:
5202108190757540004927329:
5202108190758000004997608:
5202108190758020004921536:
5202108190758040009231410:
5202108190758060009225507:
5202108190758121513409863:
5202108190758130009326645:
5202108190758290008497935:
5202108190758310004937089:
5202108190758350002851479:
5202108190758380009354401:
5202108190758450009342959:
5202108190758470004951177:
5202108190758590008506074:
5202108190759020009226440:
5202108190759040004951177:
5202108190759080004989365:
5202108190759340009339219:
5202108190759450009297056:
5202108190759460004995861:
5202108190759510008717926:
5202108190759560004928366:
5202108190759590009340824:
5202108190800090004937088:
5202108190800140009241934:
5202108190800210004966378:
5202108190800300008513365:
5202108190801410009310954:
5202108190801450009286616:
5202108190801480008692560:
5202108190801500008502189:
5202108190801540008508219:
5202108190802090004928581:
5202108190802130006030482:
5202108190802470004938938:
5202108190803290004944745:
5202108190803370007410282:
5202108190803440009278862:
5202108190804110008697063:
5202108190805470004930974:
5202108190805590009232651:
5202108190806110009281814:
5202108190806190004927750:
5202108190807060009225494:
5202108190807110009226392:
5202108190807210006041103:
5202108190807370009339803:
5202108190808110007413042:
5202108190808130007410385:
5202108190809220009324604:
5202108190810580009286880:
5202108191008240004966690:
5202108191701200009346362:
5202108191701250004924019:
5202108191701260004973075:
5202108191701280009347607:
5202108191701450009290365:
5202108191702090004993674:
5202108191702120004927329:
5202108191702140008699606:
5202108191702200004922969:
5202108191702310006018005:
5202108191702330008493750:
5202108191702350009342978:
5202108191702360008493750:
5202108191702390004928798:
5202108191702420007401654:
5202108191702450007407739:
5202108191702480009253997:
5202108191702500006029988:
5202108191702520009339795:
5202108191702540002851479:
5202108191702570004976717:
5202108191702580008510716:
5202108191703040001083110:
5202108191703050007411321:
5202108191703080008500184:
5202108191703100001083110:
5202108191703120004950546:
5202108191703140004951145:
5202108191703160006016275:
5202108191703170004180013:
5202108191703230004996677:
5202108191703430009321334:
5202108191704010009324107:
5202108191705350004951445:
5202108191708130006023662:
5202108191708330009346376:
5202108191717330007413042:
5202108191738010004968004:
5202108191801300009339273:
5202108191801320004998138:
5202108191801330008717926:
5202108191801351513645885:
5202108191801360009226826:
5202108191804110008706494:
5202108191804170004989073:
5202108191823140009226392:
5202108191825410009226392:
5202108191856070006022855:
5202108191856460007410282:
5202108191859250008704200:
5202108191901100009352009:
5202108191902140004951746:
5202108191902590009325498:
5202108191904390004958379:
5202108191909290009281193:
5202108191911250008492776:
5202108191911300006021994:
5202108191911320008505663:
5202108191911360009226447:
5202108191912210004937088:
5202108191914080004933902:
5202108191952330009303525:
5202108191957040004924511:
5202108191959050009254183:
5202108191959080009340824:
5202108191959100008497657:
5202108191959120004995665:
5202108191959160008706878:
5202108191959210008513950:
5202108191959230006032924:
5202108191959260008494656:
5202108191959270004994596:
5202108191959331513637915:
5202108191959350004998401:
5202108191959360004923605:
5202108191959430004957428:
5202108191959480009281814:
5202108192000000004997608:
5202108192000020004930090:
5202108192000090009248283:
5202108192000110009346170:
5202108192000190008509901:
5202108192000210004986057:
5202108192000240004967914:
5202108192000260009233710:
5202108192000280009326645:
5202108192000300004923454:
5202108192000320009279709:
5202108192000340009236809:
5202108192000360009226440:
5202108192000370004989365:
5202108192000390004985169:
5202108192000410006036875:
5202108192000430001108277:
5202108192000450009351823:
5202108192000460004961404:
5202108192000490006030142:
5202108192000500009282809:
5202108192000540008687593:
5202108192000550003126145:
5202108192000570008497657:
5202108192000590009282114:
5202108192001020009234480:
5202108192001040006028292:
5202108192001060004950845:
5202108192001070009230781:
5202108192001100009297056:
5202108192001130009232187:
5202108192001150009351308:
5202108192001170004927306:
5202108192001180009342959:
5202108192001200009276680:
5202108192001220008702320:
5202108192001240008676811:
5202108192001260004995861:
5202108192001320008680789:
5202108192001360001079288:
5202108192001380008690529:
5202108192001400004928366:
5202108192001440008493286:
5202108192001450004928366:
5202108192001470004989948:
5202108192001490004969090:
5202108192001520008690941:
5202108192001540009254229:
5202108192002020009226412:
5202108192002070009339828:
5202108192002090009226412:
5202108192002110009293911:
5202108192002130008515447:
5202108192002150006022852:
5202108192002170004935186:
5202108192002190008510090:
5202108192002210004969090:
5202108192002220008506797:
5202108192002250000439539:
5202108192002270004957428:
5202108192002300004934727:
5202108192002320004972420:
5202108192002340008499208:
5202108192002510006036993:
5202108192002530009342183:
5202108192002570004969384:
5202108192003030009339219:
5202108192003240006025445:
5202108192003270004954090:
5202108192003590004946517:
5202108192004030004967002:
5202108192004060008495616:
5202108192004100009294273:
5202108192005530004930974:
5202108192007300008510518:
5202108192007320008698279:
5202108192007340004994074:
5202108192007360008517932:
5202108192007390008512216:
5202108192007400008491998:
5202108192007420008503915:
5202108192007430004974855:
5202108192007460009285513:
5202108192007470009296798:
5202108192007490008515021:
5202108192007510007402500:
5202108192007520008692450:
5202108192007540009232378:
5202108192007550006030118:
5202108192007570004973700:
5202108192008000004951177:
5202108192008020008494564:
5202108192008040004967416:
5202108192008060004957738:
5202108192008080004961787:
5202108192008090004927998:
5202108192008120009354001:
5202108192008140004995938:
5202108192008150009339524:
5202108192008180009339839:
5202108192008200006037287:
5202108192008220009327416:
5202108192008230004975166:
5202108192008270004960782:
5202108192008290006040952:
5202108192008310004975166:
5202108192008330004949177:
5202108192008360004937490:
5202108192008380008500113:
5202108192009040006039494:
5202108192009080009241934:
5202108192009100009286880:
5202108192009230004937357:
5202108192009250005000508:
5202108192009260009326612:
5202108192009280004932362:
5202108192009320004984899:
5202108192009350006025812:
5202108192009370004921536:
5202108192009440008516236:
5202108192009460004933649:
5202108192009480006033090:
5202108192009500004969965:
5202108192009510009225507:
5202108192009530004987731:
5202108192009540008694659:
5202108192009560008503171:
5202108192009570008496310:
5202108192009590008493366:
5202108192010010009321395:
5202108192010030004966690:
5202108192010040008691017:
5202108192010060008500312:
5202108192010080009234236:
5202108192010100007402194:
5202108192010120003920040:
5202108192010140009341030:
5202108192010180009280491:
5202108192010210004947668:
5202108192010270009354401:
5202108192010290009305457:
5202108192010310004947668:
5202108192010340009280491:
5202108192010350004959001:
5202108192010440009346707:
5202108192010480006031525:
5202108192010500009225494:
5202108192010510004959001:
5202108192010530009341030:
5202108192010570008709011:
5202108192010590009252984:
5202108192011010009280491:
5202108192011030007414082:
5202108192011060006030130:
5202108192011220004947107:
5202108192011240008502364:
5202108192013040009339803:
5202108192014300009322682:
5202108192015000008694944:
5202108192015020008512059:
5202108192015050004995116:
5202108192015110008508219:
5202108192015130008497463:
5202108192015170008494333:
5202108192015200007402523:
5202108192102010004937356:
5202108192140500009287006:
5202108192140530009226390:
5202108192158150009254207:
5202108192158170008508757:
5202108192159050008708048:
5202108192159070009286616:
5202108192159440004936557:
5202108192159460008696238:
5202108192159480006018006:
5202108192159500006026834:
5202108192159520004927516:
5202108192159530006026834:
5202108192159560006028762:
5202108192159580004929016:
5202108192200010004950247:
5202108192200030007419049:
5202108192200090002851443:
5202108192200110008688767:
5202108192200151513653821:
5202108192200160009254169:
5202108192200180004967312:
5202108192200190008692560:
5202108192200210008692290:
5202108192200240006042240:
5202108192200260004924676:
5202108192200270006025806:
5202108192200290008496367:
5202108192200300006022160:
5202108192200370008501942:
5202108192200390004958069:
5202108192200430006022160:
5202108192200440004972764:
5202108192200460009254908:
5202108192200480004968716:
5202108192200500006028757:
5202108192200510009278808:
5202108192200530004940881:
5202108192200550004977027:
5202108192200560003916932:
5202108192200580004997544:
5202108192201000004986846:
5202108192201020008494613:
5202108192201040004968502:
5202108192201060008431645:
5202108192201070004922029:
5202108192201090008431645:
5202108192201100004968502:
5202108192201110004922029:
5202108192201130008515734:
5202108192201140008511510:
5202108192201170006033720:
5202108192201220007412611:
5202108192201240008512035:
5202108192201260006024122:
5202108192201300008508290:
5202108192201310004996134:
5202108192201330008704914:
5202108192201350006021991:
5202108192201370004927750:
5202108192201390009230790:
5202108192201410006039130:
5202108192201450009231410:
5202108192201480008506074:
5202108192201490008513365:
5202108192201520008501795:
5202108192201550009252946:
5202108192201580003892332:
5202108192202000009240533:
5202108192202020008497935:
5202108192202040009276489:
5202108192202060004937089:
5202108192202120009232631:
5202108192202160006018008:
5202108192202370009232613:
5202108192202540009226959:
5202108192202570001087528:
5202108192205470009343364:
5202108192259540008499509:
5202108192358070006036318:
5202108192358090008713719:
5202108192358110009344566:
5202108192358190009326650:
5202108192358200006019064:
5202108192358260000424545:
5202108192358280009342954:
5202108192358300008692032:
5202108192358320004975477:
5202108192358400009342962:
5202108192358430008678678:
5202108192358460009343149:
5202108192358470007421210:
5202108192358490003132773:
5202108192358511513637255:
5202108192358520009324637:
5202108192358540006019317:
5202108192358570009291036:
5202108192358590009253846:
5202108192359010004927786:
5202108192359040009253846:
5202108192359050009300618:
5202108192359070004932638:
5202108192359090004954955:
5202108192359150009273013:
5202108192359180005004742:
5202108192359260009339195:
5202108192359300004973922:
5202108192359450009339802:
5202108192359470008710216:
6202108190731360002851459:
6202108190734180009326438:
6202108190734230008501833:
6202108190735020006031524:
6202108190735310004946487:
6202108190736000009241075:
6202108190736040005006025:
6202108190737370009226816:
6202108190742030007411542:
6202108190742210006040360:
6202108190742280004973389:
6202108190742370004977423:
6202108190742460006025806:
6202108190742520004927516:
6202108190745320007421743:
6202108190746050007412611:
6202108190746100008509407:
6202108190746120008492622:
6202108190746310008517056:
6202108190746480008500378:
6202108190746570004965866:
6202108190747100009234108:
6202108190747160009354344:
6202108190747230008681212:
6202108190747310004969994:
6202108190747350005001068:
6202108190747570004986647:
6202108190748240003916932:
6202108190748280004987731:
6202108190748360008708048:
6202108190748410004962099:
6202108190749220004966066:
6202108190749240008508290:
6202108190749270004996134:
6202108190749290009339254:
6202108190749400004953182:
6202108190749430004927120:
6202108190749470004932608:
6202108190749530004934669:
6202108190750030009291036:
6202108190750070008504736:
6202108190750180009253846:
6202108190750310009278607:
6202108190750400006039510:
6202108190750421513653096:
6202108190750450009278607:
6202108190750460008493676:
6202108190750480009281874:
6202108190751020007402498:
6202108190751190009230790:
6202108190751250009292116:
6202108190751270006023662:
6202108190751300009283931:
6202108190751340009254002:
6202108190751410004968194:
6202108190751450000431430:
6202108190751490008716625:
6202108190751510008693892:
6202108190751530008499805:
6202108190751560006027609:
6202108190751590009275492:
6202108190752230009340813:
6202108190752320006037924:
6202108190752370009252946:
6202108190752390008506434:
6202108190752430009254169:
6202108190752450008511510:
6202108190752480001114611:
6202108190752570009325535:
6202108190753010004976407:
6202108190753030000424167:
6202108190753060009324637:
6202108190753110004936557:
6202108190753130008689944:
6202108190753160001122577:
6202108190753200008508521:
6202108190753220009302534:
6202108190753250008691341:
6202108190753270009278808:
6202108190753300008492776:
6202108190753320004940881:
6202108190753370006020192:
6202108190753390006042240:
6202108190753410004987436:
6202108190753440009346367:
6202108190753460008494290:
6202108190753510004969965:
6202108190753540004932392:
6202108190753560004969965:
6202108190753580004046800:
6202108190754000006036876:
6202108190754030009354349:
6202108190754050004970901:
6202108190754100009335539:
6202108190754150004921905:
6202108190754190008500109:
6202108190754220004979341:
6202108190754240009324068:
6202108190754260009276489:
6202108190754300004930576:
6202108190754330008683421:
6202108190754380008712785:
6202108190754410008492410:
6202108190754440009293895:
6202108190754480008704914:
6202108190754500008683912:
6202108190754510006025807:
6202108190754530008709488:
6202108190754540008693920:
6202108190754580004968716:
6202108190755000009324629:
6202108190755020008517323:
6202108190755050004997544:
6202108190755070008503339:
6202108190755090003892332:
6202108190755110004977027:
6202108190755130008499556:
6202108190755190004927539:
6202108190755200004961532:
6202108190755230006028757:
6202108190755240009321321:
6202108190755280008710216:
6202108190755340009233704:
6202108190755350009348748:
6202108190755370008501942:
6202108190755400005004322:
6202108190755430009342940:
6202108190755490001077421:
6202108190755520004987532:
6202108190755550008431645:
6202108190755580000439530:
6202108190756000009326609:
6202108190756020004990979:
6202108190756040004927727:
6202108190756090009324879:
6202108190756150008495365:
6202108190756200009254908:
6202108190756240004928175:
6202108190756250009354581:
6202108190756290009351830:
6202108190756360009288958:
6202108190756380004968100:
6202108190756390008494613:
6202108190756430009230812:
6202108190756450004922422:
6202108190756460004928604:
6202108190756480006017496:
6202108190756490001077425:
6202108190756510008507829:
6202108190756520001087528:
6202108190756540009286387:
6202108190756550008497699:
6202108190756570004923617:
6202108190756590004922560:
6202108190757000006018006:
6202108190757030009230815:
6202108190757070008508441:
6202108190757100008699992:
6202108190757130009351964:
6202108190757150009327615:
6202108190757180000424007:
6202108190757200008445992:
6202108190757230009230749:
6202108190757260006014941:
6202108190757270008702698:
6202108190757290006039541:
6202108190757300003918790:
6202108190757320008713928:
6202108190757330009339802:
6202108190757350009354582:
6202108190757360009226797:
6202108190757380004971518:
6202108190757400009352016:
6202108190757410006019317:
6202108190757430008506766:
6202108190757450009226959:
6202108190757470004045200:
6202108190757490008677829:
6202108190757510004963091:
6202108190757530006039972:
6202108190757550009285701:
6202108190757580004989551:
6202108190758000004928389:
6202108190758020009343174:
6202108190758030006039130:
6202108190758060009301802:
6202108190758080009240533:
6202108190758130009232631:
6202108190758160009348603:
6202108190758180009288913:
6202108190758190008500888:
6202108190758210004178213:
6202108190758220009231410:
6202108190758240004996406:
6202108190758260007395627:
6202108190758280004957118:
6202108190758290008516772:
6202108190758310009337006:
6202108190758360009354825:
6202108190758380009293228:
6202108190758400004930793:
6202108190758410008494201:
6202108190758430006039497:
6202108190758440009288870:
6202108190758460008685403:
6202108190758480004949474:
6202108190758490004927962:
6202108190758510008677903:
6202108190758520004947373:
6202108190758540009351768:
6202108190759060008500401:
6202108190759100009308083:
6202108190759130008698315:
6202108190759150007409900:
6202108190759180006026834:
6202108190759210009339834:
6202108190759230008503515:
6202108190759250006039506:
6202108190759290008518736:
6202108190759310004958069:
6202108190759350002851460:
6202108190759380005006239:
6202108190759420007421269:
6202108190759430009348543:
6202108190759450003132773:
6202108190759460007421269:
6202108190759480008508757:
6202108190759500006033720:
6202108190759540009346173:
6202108190759560009309829:
6202108190759580006028762:
6202108190759590009322590:
6202108190800020008501482:
6202108190800040009282114:
6202108190800070009340470:
6202108190800090006015460:
6202108190800100009325511:
6202108190800120004158333:
6202108190800150006024859:
6202108190800171513653821:
6202108190800190008690203:
6202108190800210009287614:
6202108190800230006036994:
6202108190800270004937088:
6202108190800420008498971:
6202108190800450008513365:
6202108190800480004929016:
6202108190800500009346020:
6202108190800540009339144:
6202108190800590004999262:
6202108190801060008516213:
6202108190801220008695905:
6202108190801260006028450:
6202108190801270004164864:
6202108190801290008708560:
6202108190801320004968886:
6202108190801350004947993:
6202108190801470008714113:
6202108190802030008696238:
6202108190802090008692560:
6202108190802530009231473:
6202108190803070004938938:
6202108190803400006032999:
6202108190806010004930974:
6202108190807020009226390:
6202108190807190008496367:
6202108190810100008701103:
6202108190819490009282101:
6202108190827450006022420:
6202108190831470005000296:
6202108190838380008504041:
6202108190900310009279594:
6202108191604150004987532:
6202108191606350009342978:
6202108191610240008498971:
6202108191612220006023662:
6202108191805290008503515:
6202108191805410009326609:
6202108191806200004951746:
6202108191806510004158333:
6202108191806540004968592:
6202108191807120008711892:
6202108191807140008507829:
6202108191807180009327615:
6202108191807210009336959:
6202108191807470009275624:
6202108191808150006030482:
6202108191808170009253991:
6202108191811270006037924:
6202108191811480004927962:
6202108191811510007401131:
6202108191812060002851460:
6202108191812170008499149:
6202108191813470008499805:
6202108191814240001122577:
6202108191814270004928175:
6202108191815050004948585:
6202108191815190008495365:
6202108191815290008492776:
6202108191815330006021994:
6202108191815440009226447:
6202108191816130004937088:
6202108191816280005006239:
6202108191817160004987436:
6202108191817230008502735:
6202108191817240009231473:
6202108191817411513653096:
6202108191818030004968100:
6202108191818160004933902:
6202108191818550009293895:
6202108191819280004977423:
6202108191823180009254000:
6202108191842540008500378:
6202108191854530006042277:
6202108191903220007409900:
6202108191903500008500109:
6202108191904010009233704:
6202108191904510006015460:
6202108191904550009282114:
6202108191904560004932608:
6202108191905180009290264:
6202108191905190001114611:
6202108191906270008497699:
6202108191906290004928604:
6202108191906390004928389:
6202108191906420004921905:
6202108191906490008517056:
6202108191906540008508521:
6202108191907180004968886:
6202108191907200004155886:
6202108191907260008499047:
6202108191907460008701274:
6202108191907510004968194:
6202108191908130006039972:
6202108191908350004938938:
6202108191908360009285701:
6202108191909410008712785:
6202108191909570004930974:
6202108191911350004966066:
6202108191911440004949474:
6202108191912200008516772:
6202108191913120004987731:
6202108191913230004969965:
6202108191914180008699992:
6202108191921410008518703:
6202108191924390004946487:
6202108191936140009305197:
6202108191937440008500401:
6202108191951410005006025:
6202108192005250004985960:
6202108192005330006017496:
6202108192005550009308083:
6202108192008520004947993:
6202108192029110009254002:
6202108192038230006041103:
6202108192038260006022420:
6202108192041220008494092:
6202108192042040009346063:
6202108192042230007407502:
6202108192047120009226399:
6202108192057230006028797:
6202108192057420009298223:
6202108192059020006036876:
6202108192101520006032999:
6202108192101530008702698:
6202108192101580008508757:
6202108192103060008708048:
6202108192103190004930576:
6202108192103230004936557:
6202108192103370004986647:
6202108192103570008696238:
6202108192103590002854367:
6202108192104010004927516:
6202108192104020004929016:
6202108192104040006028762:
6202108192104070004927120:
6202108192104090008494964:
6202108192104130004932392:
6202108192104140004986647:
6202108192104150006027609:
6202108192104170004953182:
6202108192104200004976407:
6202108192104220008692560:
6202108192104230004967312:
6202108192104240004969994:
6202108192104260004934669:
6202108192104270004958069:
6202108192104310004934669:
6202108192104350004958069:
6202108192104370009254908:
6202108192104390008496367:
6202108192104410009278808:
6202108192104420008501942:
6202108192104440008698795:
6202108192104450006028757:
6202108192104500004968716:
6202108192104510005004322:
6202108192104530004977027:
6202108192104540004951477:
6202108192104560004178213:
6202108192104570007404782:
6202108192104590008494613:
6202108192105000008683421:
6202108192105020004963091:
6202108192105030004922560:
6202108192105050008515734:
6202108192105070008511510:
6202108192105080006033720:
6202108192105100008492622:
6202108192105110008695905:
6202108192105130006025807:
6202108192105140008509407:
6202108192105160008492480:
6202108192105180004930793:
6202108192105190006023085:
6202108192105210008509407:
6202108192105220007411542:
6202108192105240009288870:
6202108192105250008516213:
6202108192105270007412611:
6202108192105290004927727:
6202108192105310006021991:
6202108192105330004936556:
6202108192105340008704914:
6202108192105360008508290:
6202108192105380009287614:
6202108192105390006040360:
6202108192105410004996134:
6202108192105420008704914:
6202108192105440006039130:
6202108192105450009232653:
6202108192105470009231410:
6202108192105490009252946:
6202108192105500008506434:
6202108192105520008497935:
6202108192105540008513365:
6202108192105560009240533:
6202108192105580003892332:
6202108192106000009288913:
6202108192106010007395627:
6202108192106030004990979:
6202108192106050009276489:
6202108192106060009292116:
6202108192106080004962099:
6202108192106100004966490:
6202108192106120006039510:
6202108192106140008493676:
6202108192106160009232631:
6202108192106170009348543:
6202108192106190004989551:
6202108192106200008501482:
6202108192106220008513733:
6202108192106240009348543:
6202108192106260009335539:
6202108192106280008501833:
6202108192106300008445992:
6202108192106320008501833:
6202108192106340004967806:
6202108192106360007401166:
6202108192106380000431430:
6202108192106400007421269:
6202108192106431513409863:
6202108192106440009310954:
6202108192106460006039337:
6202108192106480009232613:
6202108192106490002851459:
6202108192106530007402512:
6202108192106550009226959:
6202108192106590008512859:
6202108192107010004965866:
6202108192107040001087528:
6202108192107120006039129:
6202108192107160009339144:
6202108192107180009340801:
6202108192107200008708560:
6202108192107240004974544:
6202108192107260004046800:
6202108192107320004923617:
6202108192107510004979341:
6202108192107550009322602:
6202108192108080009325511:
6202108192109380009321321:
6202108192109410008500567:
6202108192109560009343364:
6202108192110430009339211:
6202108192111430004922422:
6202108192111440008716113:
6202108192114000004961532:
6202108192135270004957118:
6202108192135270008517323:
6202108192135270008684967:
6202108192135270009339930:
6202108192135280004927539:
6202108192135280006030480:
6202108192135280008503339:
6202108192135280009281874:
6202108192135280009283931:
6202108192135280009335560:
6202108192137470009339834:
6202108192137540009324629:
6202108192138350008502189:
6202108192138380008494201:
6202108192138520004959868:
6202108192139190003137754:
6202108192139220005001068:
6202108192139250004990690:
6202108192139420009284157:
6202108192139450008680280:
6202108192139470009325535:
6202108192139490004966178:
6202108192139510004966378:
6202108192139530008707911:
6202108192139560004966378:
6202108192140090004975787:
6202108192140280008677903:
6202108192142490004929641:
6202108192149290008688253:
6202108192149330008506766:
6202108192228590008713719:
6202108192229060006025823:
6202108192229250006036318:
6202108192229540009342962:
6202108192230170009291036:
6202108192230280008498021:
6202108192230300009339195:
6202108192230350004973922:
6202108192230370004996406:
6202108192230390008710216:
6202108192230400004927156:
6202108192230420004973922:
6202108192230470009331044:
6202108192230490008685403:
6202108192230510008683912:
6202108192230540008697764:
6202108192230590009346035:
6202108192231000009339802:
6202108192231300006039497:
6202108192231320004937222:
6202108192231350008499556:
6202108192231410009354344:
6202108192231450009288958:
6202108192231470008689944:
6202108192231570008698315:
6202108192231590008495468:
6202108192232010009309829:
6202108192232040008494290:
6202108192232070008497634:
6202108192232150004948881:
6202108192232550009234108:
6202108192232570007398203:
6202108192233080009304051:
8202108190730370009231425:
8202108190733180009231425:
8202108190740500007396382:
8202108190746580008511681:
8202108190747000008717694:
8202108190747341513631613:
8202108190749050001087543:
8202108190750260009273291:
8202108190750380009236820:
8202108190750590004924511:
8202108190751230004965442:
8202108190751290007395601:
8202108190752030007407499:
8202108190752160009305260:
8202108190752200004991542:
8202108190752260008496149:
8202108190752320009234249:
8202108190752360009348776:
8202108190753310005001511:
8202108190753330004974233:
8202108190753350008504234:
8202108190753370009226433:
8202108190753430008499706:
8202108190753530004929198:
8202108190753590004975255:
8202108190754020009252994:
8202108190754060009309524:
8202108190754110009296645:
8202108190754150008500626:
8202108190754200006028799:
8202108190754310008710875:
8202108190754320009330829:
8202108190754410004926919:
8202108190754430006041875:
8202108190754540006036336:
8202108190754560008493340:
8202108190755150006016091:
8202108190755250004962411:
8202108190755300009311280:
8202108190755320009327620:
8202108190755390009324572:
8202108190755400009272187:
8202108190756060009342035:
8202108190756080008510188:
8202108190756130004952880:
8202108190756310009226821:
8202108190756440004996923:
8202108190756470004179293:
8202108190757110009342978:
8202108190757130007421735:
8202108190757150006028960:
8202108190757170006036504:
8202108190757270009250787:
8202108190757290009342143:
8202108190757310009346055:
8202108190757350004957311:
8202108190757500009341511:
8202108190757520009342984:
8202108190757540008499471:
8202108190757570009352010:
8202108190758030004967114:
8202108190758060008512783:
8202108190758090008493895:
8202108190758250001083930:
8202108190758310009354391:
8202108190758330005008693:
8202108190758380008445656:
8202108190758400006021988:
8202108190758420009346685:
8202108190758470008679170:
8202108190758510015629857:
8202108190758530008500083:
8202108190758580009339821:
8202108190759010008686117:
8202108190759030004169060:
8202108190759480009346364:
8202108190759580009226385:
8202108190800180006039974:
8202108190801110004936413:
8202108190802550009231455:
8202108190803040008500142:
8202108190806090009274874:
8202108190806180008509836:
8202108191606180009326600:
8202108191634200009247701:
8202108191900030004936413:
8202108191900150009253995:
8202108191900210009342035:
8202108191900230009272187:
8202108191900280009354827:
8202108191900300009309524:
8202108191900330006021988:
8202108191900350009339821:
8202108191900370009252994:
8202108191900460004936422:
8202108191900570009343592:
8202108191901000001083930:
8202108191901010009311280:
8202108191901040015629857:
8202108191901050009246202:
8202108191901080008504736:
8202108191901100009296645:
8202108191901120009250787:
8202108191901140004926919:
8202108191901160004968592:
8202108191901230007404978:
8202108191901250009342997:
8202108191901270009321481:
8202108191901310006041875:
8202108191901320005001511:
8202108191901340008506212:
8202108191901360009342984:
8202108191901370001077425:
8202108191901390004967114:
8202108191901410009253739:
8202108191901430007421735:
8202108191901440000431385:
8202108191901460004974233:
8202108191901480009234249:
8202108191901500006039974:
8202108191902020007402196:
8202108191902060009230812:
8202108191902160008499867:
8202108191902190006027345:
8202108191902340004936293:
8202108191902460004991542:
8202108191902500009226816:
8202108191902520009286387:
8202108191903150009236868:
8202108191903170004931897:
8202108191903240009342035:
8202108191903390004928211:
8202108191903570009333812:
8202108191904010004928211:
8202108191904040008500888:
8202108191904070006041088:
8202108191904130009341511:
8202108191904250008512783:
8202108191904320004957311:
8202108191904330009226433:
8202108191904390004928425:
8202108191904460006041088:
8202108191904480009346340:
8202108191905080006036994:
8202108191905480006020192:
8202108191907270004939835:
8202108191908000008510188:
8202108191925000008503089:
8202108191957350009274874:
8202108192000000008719239:
8202108192000030001088074:
8202108192000050004179293:
8202108192000380001087543:
8202108192000450009339817:
8202108192000470001087543:
8202108192001020006022158:
8202108192001050008514966:
8202108192001060006028960:
8202108192001110006036504:
8202108192001120009295454:
8202108192001170005008693:
8202108192001320008500142:
8202108192001340009281928:
8202108192001500009278862:
8202108192001540004965442:
8202108192002290009327564:
8202108192002570008686117:
8202108192003060008504234:
8202108192003091513631613:
8202108192004220009283323:
8202108192004310008499706:
8202108192005360004929198:
8202108192006310006015165:
8202108192011480009231455:
8202108192040440004179142:
8202108192101500004947993:
8202108192157000004975255:
8202108192158140004931010:
8202108192159590004169060:
8202108192200030008445656:
8202108192200040004163548:
8202108192200060008499471:
8202108192200080004969304:
8202108192200090009324572:
8202108192200110009339818:
8202108192200130006036336:
8202108192200160007396382:
8202108192200220003126360:
8202108192200250006025823:
8202108192200270008501835:
8202108192200290007395601:
8202108192200300004988966:
8202108192200320009339225:
8202108192200340006036997:
8202108192200360004993812:
8202108192200370009226817:
8202108192200450008496149:
8202108192200470008495426:
8202108192200490009324085:
8202108192200520009226391:
8202108192200540006016252:
8202108192200560008493895:
8202108192200590008504091:
8202108192201010009327620:
8202108192201030009354391:
8202108192201060008679170:
8202108192201070008500083:
8202108192201090004947698:
8202108192201110009290271:
8202108192201120000424007:
8202108192201140008506912:
8202108192201160008511681:
8202108192201180004923699:
8202108192201210007407499:
8202108192201300009226821:
8202108192201340004996923:
8202108192202490004974322:
8202108192203590002851485:
8202108192204010008512375:
8202108192205310003117204:
8202108192300040009231425:
8202108192303230008500626:
8202108192304490009305260:
8202108192305420004959868:
8202108192305440008710875:
8202108192305480008695667:
8202108192305500003116965:
8202108192305590008493340:
8202108192306021513626317:
8202108192306090008716625:
8202108192306110009273291:
8202108192306130006028799:
8202108192306150009233695:
8202108192306160009273291:
8202108192306180009233695:
8202108192306200006028799:
8202108192306220009330829:
8202108192306260008690224:
8202108192306280009287195:
8202108192306340009280051:
8202108192306350008495972:
8202108192307520008500493:
8202108192307530009226797:
8202108192311000004987237:
8202108192356510000424545:
8202108192356530006035802:
8202108192356550009346364:
