2202108160715560006039998:
2202108160720130009307295:
2202108160725440009254926:
2202108160728180006039969:
2202108160728310007402194:
2202108160731260008706494:
2202108160732520006026835:
2202108160735370009300607:
2202108160736270004933649:
2202108160738561513646659:
2202108160739210009300590:
2202108160740160006036321:
2202108160741040004924346:
2202108160741080009304051:
2202108160741100008698044:
2202108160741180004922287:
2202108160741220004974633:
2202108160741260008500956:
2202108160743190004936954:
2202108160743210008506907:
2202108160743230008681883:
2202108160743380001079879:
2202108160743480004932123:
2202108160743510007421743:
2202108160743570006014349:
2202108160744050009278607:
2202108160744110004968394:
2202108160744150006022439:
2202108160744170009297569:
2202108160744220009326618:
2202108160744230009283296:
2202108160744540006031526:
2202108160746340008508290:
2202108160746390003915458:
2202108160746580005006768:
2202108160747060008494564:
2202108160747470009351758:
2202108160747510007402500:
2202108160747540004922831:
2202108160748130008424093:
2202108160748200009283164:
2202108160748550004947963:
2202108160749050009296798:
2202108160749090004986846:
2202108160749520008497657:
2202108160750050006021875:
2202108160750120009254229:
2202108160750240007421690:
2202108160750290004924676:
2202108160750340008494656:
2202108160750370004970618:
2202108160750400007402523:
2202108160750420009253991:
2202108160750450008517056:
2202108160750470009324107:
2202108160750490004958379:
2202108160750510009351823:
2202108160750520004950845:
2202108160750540004180013:
2202108160750560009252984:
2202108160750570004972764:
2202108160750590004996677:
2202108160751010008694944:
2202108160751030008509901:
2202108160751060004921669:
2202108160751090006036993:
2202108160751140006025806:
2202108160751170009252946:
2202108160751180004968004:
2202108160751230006022160:
2202108160751260004989073:
2202108160751280008511510:
2202108160751300004989948:
2202108160751330008506434:
2202108160751360008694944:
2202108160751390006036318:
2202108160751440008496310:
2202108160751470006041088:
2202108160751490008429638:
2202108160751520008709369:
2202108160751540009339225:
2202108160752070006016275:
2202108160752180009276908:
2202108160752210004931010:
2202108160752240008679943:
2202108160752280009281753:
2202108160752320008445992:
2202108160752420006039337:
2202108160752440009233704:
2202108160752470009293911:
2202108160752540009339828:
2202108160752580003920040:
2202108160753000004954665:
2202108160753030009346707:
2202108160753080008680442:
2202108160753100007395592:
2202108160753120009233710:
2202108160753140007395592:
2202108160753160004966802:
2202108160753180005000508:
2202108160753190004947107:
2202108160753210009339795:
2202108160753230008510316:
2202108160753240008709061:
2202108160753260004937490:
2202108160753270004937357:
2202108160753290009246193:
2202108160753300008506766:
2202108160753320009348542:
2202108160753330004975875:
2202108160753350006030135:
2202108160753370007422489:
2202108160753380008515447:
2202108160753390008495972:
2202108160753410006036875:
2202108160753450008680789:
2202108160753460009275335:
2202108160753481513643510:
2202108160753500002851465:
2202108160753510008707832:
2202108160753530008503915:
2202108160753540006018005:
2202108160754010004948585:
2202108160754030009287011:
2202108160754100007401166:
2202108160754130009287011:
2202108160754160008678354:
2202108160754190006033001:
2202108160754220006033720:
2202108160754230004960160:
2202108160754250008506212:
2202108160754271513628688:
2202108160754290009276489:
2202108160754300009340824:
2202108160754320002851487:
2202108160754340008707911:
2202108160754420002851479:
2202108160754460009340483:
2202108160754491513628688:
2202108160754510004960160:
2202108160754550008709061:
2202108160754580009230815:
2202108160755000008491998:
2202108160755020008492705:
2202108160755060008493217:
2202108160755170009297664:
2202108160755220009281928:
2202108160755240009232631:
2202108160755260009231410:
2202108160755300004946517:
2202108160755330007402482:
2202108160755350008512059:
2202108160755370009294273:
2202108160755390004976805:
2202108160755430006039130:
2202108160755460009342183:
2202108160755480006033090:
2202108160755500008682585:
2202108160755530004921380:
2202108160755550009314286:
2202108160755580004937088:
2202108160756000004921380:
2202108160756020009253997:
2202108160756040008505663:
2202108160756060004937625:
2202108160756120004933902:
2202108160756150006025445:
2202108160756180009347607:
2202108160756200004931897:
2202108160756270008697836:
2202108160756300004969653:
2202108160756340009226826:
2202108160756360009232613:
2202108160756390006030145:
2202108160756440008701083:
2202108160756460009354625:
2202108160756490004987436:
2202108160756520006029990:
2202108160757000004948259:
2202108160757030009298207:
2202108160757060008508587:
2202108160757110004939835:
2202108160757130009225507:
2202108160757150004984899:
2202108160757190006024859:
2202108160757250009236810:
2202108160757330008715034:
2202108160757420006751664:
2202108160757480008690794:
2202108160757520008701527:
2202108160757570002851478:
2202108160757590006033902:
2202108160758030009286624:
2202108160758040004931193:
2202108160758060009321334:
2202108160758120004969598:
2202108160758160008502693:
2202108160758190009291663:
2202108160758260008711892:
2202108160758280009232653:
2202108160758300006036505:
2202108160758310009289101:
2202108160758330007421210:
2202108160758340008686663:
2202108160758360004946782:
2202108160758370007415195:
2202108160758400009349952:
2202108160758410008702320:
2202108160758430004991554:
2202108160758440008709393:
2202108160758470009311703:
2202108160758490009344566:
2202108160758510000431412:
2202108160758530008719239:
2202108160758570004995861:
2202108160758580008713719:
2202108160759030009343567:
2202108160759050007419049:
2202108160759080004967002:
2202108160759110009336990:
2202108160759150009346038:
2202108160759170009330833:
2202108160759210004954955:
2202108160759230008497935:
2202108160759250007402512:
2202108160759270003137754:
2202108160759290008496191:
2202108160759310009310954:
2202108160759330008512859:
2202108160759350006020195:
2202108160759370004989259:
2202108160759391513626317:
2202108160759420004924923:
2202108160759470009354827:
2202108160759480009243147:
2202108160759500004938938:
2202108160759520004927962:
2202108160759530004970306:
2202108160759550008500567:
2202108160759560004927962:
2202108160759580004996481:
2202108160800000006022003:
2202108160800020006039497:
2202108160800040009308083:
2202108160800060009277203:
2202108160800140002851460:
2202108160800180009346020:
2202108160800260008494333:
2202108160800280009300596:
2202108160800300009279728:
2202108160800330009234089:
2202108160800390008688253:
2202108160800410004966490:
2202108160800460004923617:
2202108160800580004951746:
2202108160801050009279481:
2202108160801080008513365:
2202108160801120008493833:
2202108160801140006027540:
2202108160801200008499149:
2202108160801220009254207:
2202108160801250006017488:
2202108160801280008513733:
2202108160801320007404952:
2202108160801360009346063:
2202108160801380009246199:
2202108160801530008495616:
2202108160801560009343364:
2202108160802000009309829:
2202108160802030007409900:
2202108160802060009322682:
2202108160802080008500312:
2202108160802250006041715:
2202108160802300009337903:
2202108160802340009274443:
2202108160802360008692560:
2202108160802390008696238:
2202108160802420009307388:
2202108160802450004968502:
2202108160802490001089614:
2202108160802530008494964:
2202108160802560004921466:
2202108160802590009339144:
2202108160803000008498971:
2202108160803030004921466:
2202108160803060008439606:
2202108160803130009340801:
2202108160803200006028451:
2202108160803270004975565:
2202108160803340009298223:
2202108160803370004953953:
2202108160803390008426247:
2202108160803420009313676:
2202108160803490004948851:
2202108160804070004924260:
2202108160804140009226392:
2202108160804190002851443:
2202108160804210008710957:
2202108160805260006019315:
2202108160805290008497463:
2202108160805310009313530:
2202108160805330006031525:
2202108160806120008516213:
2202108160806150007410282:
2202108160806320009292077:
2202108160806360006019428:
2202108160806470007421212:
2202108160806540006042277:
2202108160806570008693150:
2202108160807080004930974:
2202108160807160009254002:
2202108160807310004940114:
2202108160808080008502364:
2202108160808210008493028:
2202108160808250008677300:
2202108160809220004985430:
2202108160809260004958690:
2202108160810090008497276:
2202108160810410009282101:
2202108160812050008426248:
2202108160812110009292038:
2202108160814070009286880:
2202108160814440009254000:
2202108160814560004937356:
2202108160815460009293535:
2202108160816450009275624:
2202108160817590004967312:
2202108160819150009301551:
2202108160823260008677773:
2202108160824010008506632:
2202108160825560006022855:
2202108160837400009303525:
2202108160852470009298073:
2202108160852540009339824:
2202108160855180009290471:
2202108160901320009310727:
2202108160929370009346170:
2202108161826430009246193:
2202108161852320009275624:
2202108161900220008493028:
2202108161900520006029990:
2202108161902170004985430:
2202108161903130007401654:
2202108161903330008694944:
2202108161903380009277203:
2202108161903450008497463:
2202108161907130006022855:
2202108161909050004953485:
2202108161909100004961093:
2202108161910310009248283:
2202108161910390008701083:
2202108161910520009293535:
2202108161914370009313530:
2202108161923220008506632:
2202108161930440009311703:
2202108161931041513646659:
2202108161936000006019315:
2202108161937120004932362:
2202108161937190009305457:
2202108161952230004947963:
2202108161952250004948851:
2202108161952300008439606:
2202108162000550008517932:
2202108162001020006016275:
2202108162001061513628688:
2202108162001090008681883:
2202108162001140008709369:
2202108162001160004936954:
2202108162001170006019428:
2202108162001230008678354:
2202108162001250006033001:
2202108162001270007422489:
2202108162001310008701527:
2202108162001340004970306:
2202108162001360002851443:
2202108162001370004954665:
2202108162001390008494564:
2202108162001400009339795:
2202108162001420004967416:
2202108162001440008499208:
2202108162001450004967416:
2202108162001470008692450:
2202108162001490006040952:
2202108162001500008506907:
2202108162001510008494564:
2202108162001530004931193:
2202108162001540004993674:
2202108162001560008499208:
2202108162001570004958379:
2202108162001590009276680:
2202108162002010007402194:
2202108162002030004927329:
2202108162002050004960782:
2202108162002070008510716:
2202108162002100004960160:
2202108162002120009287011:
2202108162002150003920040:
2202108162002160008698279:
2202108162002180004975875:
2202108162002210009314286:
2202108162002220000431412:
2202108162002240008702320:
2202108162002250000431412:
2202108162002270004968394:
2202108162002280009301551:
2202108162002300004921380:
2202108162002310009300596:
2202108162002330004924676:
2202108162002340009301551:
2202108162002360004921380:
2202108162002380006751664:
2202108162002390004995861:
2202108162002410009323985:
2202108162002420008697836:
2202108162002440009348762:
2202108162002460008690941:
2202108162002480009324604:
2202108162002500008494333:
2202108162002520007421690:
2202108162002540004973075:
2202108162002570004986057:
2202108162002580009330833:
2202108162003000008707832:
2202108162003020009236809:
2202108162003040006036875:
2202108162003050008710957:
2202108162003070008500312:
2202108162003090004986057:
2202108162003100009296798:
2202108162003120004989365:
2202108162003130006037287:
2202108162003160009293911:
2202108162003180009234236:
2202108162003200004927998:
2202108162003220004961787:
2202108162003230008515447:
2202108162003250002851478:
2202108162003260008711445:
2202108162003280009321334:
2202108162003290009340483:
2202108162003310007421212:
2202108162003320008718216:
2202108162003340009290365:
2202108162003350004928366:
2202108162003370004986846:
2202108162003380009293911:
2202108162003400008495037:
2202108162003410006021875:
2202108162003430006030142:
2202108162003440007402523:
2202108162003460004922831:
2202108162003470008503915:
2202108162003490004922287:
2202108162003500007398914:
2202108162003520004972767:
2202108162003540008497276:
2202108162003550009339828:
2202108162003570004924346:
2202108162003580008429638:
2202108162004000007413810:
2202108162004020008493286:
2202108162004060006036993:
2202108162004070004930090:
2202108162004090004989073:
2202108162004100001079288:
2202108162004120004989073:
2202108162004140004932123:
2202108162004160004930090:
2202108162004180008515021:
2202108162004190007415195:
2202108162004210007402500:
2202108162004240009297569:
2202108162004270009307295:
2202108162004280009226412:
2202108162004300004954955:
2202108162004320009281753:
2202108162004340004934727:
2202108162004350004954955:
2202108162004380004991554:
2202108162004410001079879:
2202108162004430004950845:
2202108162004450007415195:
2202108162004470004995938:
2202108162004490008686663:
2202108162004520004991554:
2202108162004540009307388:
2202108162005000009236810:
2202108162005050009339812:
2202108162005190007410385:
2202108162005270008512059:
2202108162005290009252984:
2202108162005320008709011:
2202108162006040009283296:
2202108162006070009276908:
2202108162006120009346038:
2202108162006200006022439:
2202108162006240004946782:
2202108162006430004921669:
2202108162006480009326618:
2202108162007150008706494:
2202108162007230008496191:
2202108162007300004958690:
2202108162007390009289101:
2202108162008400006030135:
2202108162008510007402482:
2202108162008540008426247:
2202108162008560009275335:
2202108162009000008492705:
2202108162009030004970618:
2202108162009200009286624:
2202108162009260008426248:
2202108162009280007402482:
2202108162009310009297664:
2202108162009330003915458:
2202108162009370004966802:
2202108162009490009226392:
2202108162012580008698044:
2202108162026160008677773:
2202108162108041513643510:
2202108162200560009311591:
2202108162201000004921466:
2202108162201030008709061:
2202108162201040004921466:
2202108162202020007421743:
2202108162202360004937088:
2202108162202370007421743:
3202108160730360008501288:
3202108160732590001099428:
3202108160737360004968592:
3202108160737590008494010:
3202108160740580006028953:
3202108160741030008692290:
3202108160741090004928640:
3202108160742570004974633:
3202108160743070009234108:
3202108160743320004975787:
3202108160743381513637255:
3202108160743400004937222:
3202108160744330006023085:
3202108160744420008715839:
3202108160744490007402205:
3202108160744540004998663:
3202108160744570006030480:
3202108160745000005001068:
3202108160745480004959868:
3202108160746050004969304:
3202108160746370009343384:
3202108160746510008677903:
3202108160746580008499509:
3202108160747040004974322:
3202108160747090009339818:
3202108160747210008497634:
3202108160747240008711197:
3202108160747280002851485:
3202108160747370008501953:
3202108160747410008697764:
3202108160747560009335560:
3202108160748060009306586:
3202108160748180008680900:
3202108160748270006031524:
3202108160748330009305547:
3202108160748560009340813:
3202108160749000008513325:
3202108160749050006039016:
3202108160749240009300618:
3202108160749270009234248:
3202108160749340009295891:
3202108160749430006025823:
3202108160749540009284157:
3202108160749570009233695:
3202108160750070008698121:
3202108160750150003137991:
3202108160750220006019317:
3202108160750250008681103:
3202108160750310008503824:
3202108160750340006023662:
3202108160750510008503303:
3202108160750550004993812:
3202108160751080009339930:
3202108160751100009343149:
3202108160751130008498188:
3202108160751150004986942:
3202108160751170009342954:
3202108160751200000424545:
3202108160751230009326650:
3202108160751250004936149:
3202108160751270009253846:
3202108160751290009324637:
3202108160751310004929419:
3202108160751330004927539:
3202108160751350004946812:
3202108160751370009234458:
3202108160751400009336959:
3202108160751410004932608:
3202108160751430005001262:
3202108160751450009321321:
3202108160751480004927786:
3202108160751490009247521:
3202108160751530009302534:
3202108160751550009252970:
3202108160751580004999443:
3202108160752010004987237:
3202108160752030003117204:
3202108160752050009236868:
3202108160752120009323446:
3202108160752260009306129:
3202108160752300006041717:
3202108160752340009273013:
3202108160752380004927156:
3202108160752420009252962:
3202108160752440004155886:
3202108160752490008689944:
3202108160752510009326626:
3202108160752530004996406:
3202108160752550009325535:
3202108160752580006018008:
3202108160753030004932638:
3202108160753060009326609:
3202108160753090004998924:
3202108160753110009324606:
3202108160753140000424167:
3202108160753170008690203:
3202108160753210008680280:
3202108160753240009324879:
3202108160753280003126147:
3202108160753310008691341:
3202108160753330009253742:
3202108160753350004936422:
3202108160753370006039974:
3202108160753420009346367:
3202108160753440008679943:
3202108160753460008445992:
3202108160753500004970901:
3202108160753530008678678:
3202108160754060001077421:
3202108160754070004926955:
3202108160754100004942841:
3202108160754130006041721:
3202108160754150008693920:
3202108160754230008699992:
3202108160754250008429633:
3202108160754270008709488:
3202108160754280008710216:
3202108160754300009354349:
3202108160754340008714702:
3202108160754360009322602:
3202108160754370009281874:
3202108160754410003137967:
3202108160754510000424007:
3202108160754590007395592:
3202108160755020009272020:
3202108160755050009233697:
3202108160755070009254169:
3202108160755190009339802:
3202108160755310004989657:
3202108160755340008514795:
3202108160755380009327615:
3202108160755410009226952:
3202108160755430009254169:
3202108160755450008692117:
3202108160755490008503339:
3202108160755530004934470:
3202108160755560002851487:
3202108160756020008676957:
3202108160756060008499556:
3202108160756100008698795:
3202108160756150008518736:
3202108160756190004164864:
3202108160756210009255827:
3202108160756230008502984:
3202108160756250009326658:
3202108160756270008707911:
3202108160756310008517323:
3202108160756390008514966:
3202108160756420006016090:
3202108160756450009232350:
3202108160756470005011308:
3202108160756500004957621:
3202108160756540008504736:
3202108160757040009230812:
3202108160757130004953650:
3202108160757210008504091:
3202108160757250008503515:
3202108160757290003918790:
3202108160757380008507829:
3202108160757490009226797:
3202108160757540008708560:
3202108160758020006028450:
3202108160758090004948289:
3202108160758110004936029:
3202108160758220008500888:
3202108160758310009286996:
3202108160758460009348603:
3202108160758520008698315:
3202108160759010006036994:
3202108160759150008696388:
3202108160759170006024859:
3202108160759220007402467:
3202108160759260004158333:
3202108160759280009342940:
3202108160759311513653821:
3202108160759380009354582:
3202108160759440006028957:
3202108160759470008494290:
3202108160759510008713928:
3202108160759570008685403:
3202108160800060008704360:
3202108160800350006015460:
3202108160800400009286387:
3202108160800510008502189:
3202108160801150004940394:
3202108160801440009339211:
3202108160801480009348748:
3202108160801560003132773:
3202108160803060008688767:
3202108160803190009322590:
3202108160805170009325511:
3202108160805260002851443:
3202108160808280004967606:
3202108160811030008515578:
3202108160811280006042240:
3202108160815060008506597:
3202108160818070009275624:
3202108160827530004975477:
3202108160829090008503489:
3202108161852520009309504:
3202108161859010004989551:
3202108161859330009351768:
3202108161859350003918790:
3202108161859380009326609:
3202108161859410009339792:
3202108161859440004928152:
3202108161859460008679943:
3202108161859480008709488:
3202108161859500009324637:
3202108161859520008714113:
3202108161859540009323446:
3202108161859551513637255:
3202108161859570009343384:
3202108161859580009275492:
3202108161900010006018008:
3202108161900020006019317:
3202108161900050009326650:
3202108161900070008680900:
3202108161900090004155886:
3202108161900100008494010:
3202108161900120008693920:
3202108161900130006028799:
3202108161900150008698795:
3202108161900160003137967:
3202108161900190000424146:
3202108161900200008699992:
3202108161900230009326626:
3202108161900240006025403:
3202108161900270009343593:
3202108161900290009348748:
3202108161900300008514795:
3202108161900320009252962:
3202108161900340004927539:
3202108161900350008689944:
3202108161900370004158333:
3202108161900380009309829:
3202108161900390008689944:
3202108161900410009354825:
3202108161900430008494290:
3202108161900440009306586:
3202108161900460008692290:
3202108161900480000439530:
3202108161900490008691341:
3202108161900510008683912:
3202108161900530008711892:
3202108161900540004947373:
3202108161900560008711892:
3202108161900570009343149:
3202108161900590008681212:
3202108161901000008503339:
3202108161901020009327615:
3202108161901040008506766:
3202108161901050009326600:
3202108161901070008501288:
3202108161901080008704360:
3202108161901100004935446:
3202108161901140008692117:
3202108161901160000424167:
3202108161901180009336959:
3202108161901200009321321:
3202108161901210008690203:
3202108161901230009281874:
3202108161901240009324879:
3202108161901260009352016:
3202108161901280008681103:
3202108161901300008710216:
3202108161901320009290264:
3202108161901330008715839:
3202108161901350009233695:
3202108161901370008714702:
3202108161901390004940394:
3202108161901400009293228:
3202108161901420009233695:
3202108161901440006023085:
3202108161901460009326658:
3202108161901480002851487:
3202108161901500009252970:
3202108161901530004929235:
3202108161901550009324606:
3202108161901571513653821:
3202108161901590008678678:
3202108161902010006028450:
3202108161902020008445992:
3202108161902040009234458:
3202108161902060008693892:
3202108161902080008685403:
3202108161902100009226797:
3202108161902110004972456:
3202108161902150004927156:
3202108161902190004936029:
3202108161902210004970930:
3202108161902220004996406:
3202108161902240009324068:
3202108161902260008516420:
3202108161902280008680280:
3202108161902310008502189:
3202108161902320006020195:
3202108161902340004942841:
3202108161902360008696388:
3202108161902380004975787:
3202108161902390009230815:
3202108161902420009342940:
3202108161903010009236868:
3202108161903040009226402:
3202108161903110006028451:
3202108161903130005001068:
3202108161903170008503303:
3202108161903390004989657:
3202108161903440009233697:
3202108161903460003126147:
3202108161903540008506597:
3202108161903550005004742:
3202108161904020008506597:
3202108161904190008697764:
3202108161904230006028953:
3202108161904320008513325:
3202108161904340005011308:
3202108161904360004970901:
3202108161905170004965754:
3202108161906120004967606:
3202108161909180004973078:
3202108161910340008698121:
3202108161910360009274203:
3202108161930500008494092:
3202108161959020005001262:
3202108161959040008429633:
3202108161959070005004322:
3202108161959080004932608:
3202108161959100005004322:
3202108161959120008713719:
3202108161959150004932638:
3202108161959180003132773:
3202108161959190007395592:
3202108161959210009340813:
3202108161959230009273013:
3202108161959250009246199:
3202108161959260007395592:
3202108161959280001077421:
3202108161959300006023662:
3202108161959370008499556:
3202108161959390006023662:
3202108161959450009301802:
3202108161959470006041721:
3202108161959500008499556:
3202108162000000009295891:
3202108162000020009346685:
3202108162000050004999443:
3202108162000070006015460:
3202108162000090009346367:
3202108162000110004928640:
3202108162000120009254212:
3202108162000160004946812:
3202108162000170008498188:
3202108162000190004986942:
3202108162000210004923617:
3202108162000220009234248:
3202108162000240004937222:
3202108162000250006025823:
3202108162000270009305547:
3202108162000280009274443:
3202108162000300008677829:
3202108162000320008497634:
3202108162000330009351964:
3202108162000350008502984:
3202108162000360009351964:
3202108162000380009230749:
3202108162000400004926955:
3202108162000420008712381:
3202108162000440004927786:
3202108162000460009354582:
3202108162000480009325535:
3202108162000500009330829:
3202108162000520009354344:
3202108162000550001099428:
3202108162000560004998663:
3202108162000580009340801:
3202108162000590009346020:
3202108162001010006022003:
3202108162001030003137991:
3202108162001040009300618:
3202108162001060009255827:
3202108162001090006035802:
3202108162001110009354349:
3202108162001130004998924:
3202108162001150009308083:
3202108162001170009288958:
3202108162001180009283931:
3202108162001210008688282:
3202108162001230009335560:
3202108162001270008518736:
3202108162001320006030484:
3202108162001330009247521:
3202108162001350009322602:
3202108162001370009232350:
3202108162001390006042240:
3202108162001400009243147:
3202108162001460009342954:
3202108162001480009339802:
3202108162001510009322590:
3202108162001550004959868:
3202108162002160008684967:
3202108162002170008711197:
3202108162002200008503824:
3202108162002250009226952:
3202108162002280009279481:
3202108162002300008495468:
3202108162002370007402467:
3202108162002380009326438:
3202108162002400007402205:
3202108162002430009348542:
3202108162002460004996481:
3202108162002490008676957:
3202108162002530006039016:
3202108162002550009284157:
3202108162003000003117204:
3202108162003040008698315:
3202108162003070009354581:
3202108162003120009286996:
3202108162003140008677903:
3202108162003170004961532:
3202108162003230008500889:
3202108162003250004961532:
3202108162003290006030480:
3202108162003310004936149:
3202108162003350008503489:
3202108162004520008688253:
3202108162004560006016090:
3202108162004580008499047:
3202108162005130003137754:
3202108162005150008493217:
3202108162005330008496191:
3202108162005380006039497:
3202108162006360006033902:
3202108162006560009351758:
3202108162007150009344566:
3202108162008120009354625:
3202108162010260006026835:
3202108162010280004923857:
3202108162011260008677300:
3202108162011540004957621:
3202108162011590009272020:
3202108162013340006039998:
3202108162013360004974633:
3202108162013390006039998:
3202108162013440008693150:
3202108162013480008701103:
3202108162016110004987237:
3202108162017010008508441:
3202108162024360008677773:
3202108162026040009339211:
3202108162101060009351830:
3202108162104500004985960:
3202108162122010006036318:
3202108162136020004931010:
3202108162143510004975255:
3202108162159320008688767:
3202108162200020004948289:
3202108162200160006039506:
3202108162200200008500567:
3202108162200270004164864:
3202108162200330004953650:
3202108162200360009348603:
3202108162200380008507829:
3202108162200500009286387:
3202108162200540009343567:
3202108162200570009336990:
3202108162201320009234108:
3202108162201400009339144:
3202108162201420008500888:
3202108162201500004969598:
3202108162201550008504091:
3202108162201590004969598:
3202108162202030008494964:
3202108162202040008708560:
3202108162202060009300590:
3202108162203240008500378:
3202108162203280008512375:
3202108162203310002851485:
4202108160737370008494141:
4202108160742050006015165:
4202108160744030009234249:
4202108160744280009272601:
4202108160745030008496149:
4202108160745140009285513:
4202108160745590009346340:
4202108160746090004933960:
4202108160746270007411542:
4202108160747000000431430:
4202108160747260004935623:
4202108160747560005008693:
4202108160748220009298206:
4202108160748240008493092:
4202108160748380008501835:
4202108160749030007407499:
4202108160749180009341511:
4202108160750080008445656:
4202108160750110009250787:
4202108160750150004962411:
4202108160750170009305260:
4202108160750250004975255:
4202108160750480004929198:
4202108160750520009338161:
4202108160750530005001511:
4202108160751160008510188:
4202108160751230007402498:
4202108160751300004928211:
4202108160751340008710875:
4202108160751370006027345:
4202108160751430004936688:
4202108160751480009327564:
4202108160751540004936293:
4202108160752060009253739:
4202108160752070004926919:
4202108160752090009283323:
4202108160752110006028799:
4202108160752190009252994:
4202108160752210006039129:
4202108160752350009324118:
4202108160752370009253995:
4202108160752400004985960:
4202108160752410007421735:
4202108160752440009247701:
4202108160752460009236820:
4202108160752480006036336:
4202108160752500008493340:
4202108160752510008495426:
4202108160752560008717694:
4202108160752580004967114:
4202108160753000006020192:
4202108160753030009351814:
4202108160753070004952880:
4202108160753190008504234:
4202108160753230001087543:
4202108160753250009231455:
4202108160753290009325498:
4202108160753320009295454:
4202108160753360009272187:
4202108160753390009339225:
4202108160753450009311280:
4202108160753460009346685:
4202108160753530006035802:
4202108160753560008494427:
4202108160754000004928425:
4202108160754060004163548:
4202108160754080008512375:
4202108160754090009324085:
4202108160754110008684967:
4202108160754130008708992:
4202108160754150009327620:
4202108160754170004977027:
4202108160754210009342984:
4202108160754220009287195:
4202108160754240008695597:
4202108160754250009342978:
4202108160754350008699709:
4202108160754460009324605:
4202108160754480009348776:
4202108160754530009226821:
4202108160755030007395601:
4202108160755140009326600:
4202108160755180009331044:
4202108160755240004953788:
4202108160755410006022158:
4202108160755430015629857:
4202108160755450004989551:
4202108160755470009346055:
4202108160755490008679170:
4202108160755500008500083:
4202108160755520009354391:
4202108160755540004179293:
4202108160755580009339821:
4202108160756000003126356:
4202108160756030003116965:
4202108160756080009333812:
4202108160756140004169060:
4202108160756220008506212:
4202108160756240009342997:
4202108160756310009341742:
4202108160756390001077425:
4202108160756570009330829:
4202108160757020008499047:
4202108160757040009324572:
4202108160757100004179142:
4202108160757120004922422:
4202108160757250008686117:
4202108160757300009342981:
4202108160757320004923699:
4202108160757340009342143:
4202108160757360009339817:
4202108160757380008500493:
4202108160757450009246202:
4202108160757480008511222:
4202108160757520008499706:
4202108160757560006020220:
4202108160758040008495556:
4202108160758100008499867:
4202108160758130000431385:
4202108160758150004924511:
4202108160758160004929641:
4202108160758180008695667:
4202108160758430009234457:
4202108160758540001088074:
4202108160758570001083930:
4202108160759000009274874:
4202108160759200009280051:
4202108160759230006041875:
4202108160759240007401131:
4202108160759271513631101:
4202108160759310009346035:
4202108160759350008498988:
4202108160759380004948259:
4202108160759460004988966:
4202108160759530004949474:
4202108160759550004936413:
4202108160759570008503089:
4202108160800010008502693:
4202108160800230008719239:
4202108160800360006016252:
4202108160800400004957311:
4202108160800420008512783:
4202108160800470009226433:
4202108160801230009354827:
4202108160801490008503979:
4202108160802240008509836:
4202108160802570008500142:
4202108160803120009226385:
4202108160804450007402196:
4202108160808490004930974:
4202108160811230008519041:
4202108160811500004928581:
4202108160812280009273026:
4202108160823140009226399:
4202108160823170009343432:
4202108160838510008504041:
4202108160839210009303697:
4202108160900270004921785:
4202108160911190002854367:
4202108161702560004939835:
4202108161721120009272187:
4202108161752440008503089:
4202108161800150006021988:
4202108161900030008708992:
4202108161900050006041088:
4202108161900070004163548:
4202108161900190004936413:
4202108161900280006016091:
4202108161900320008710875:
4202108161900340003116965:
4202108161900350009324118:
4202108161900370008494201:
4202108161900380009342984:
4202108161900400008506212:
4202108161900420009325498:
4202108161900450009226816:
4202108161900490007421735:
4202108161900510004975565:
4202108161900520000431385:
4202108161900540009342978:
4202108161900560009346055:
4202108161900580004975565:
4202108161900590008695597:
4202108161901010005008693:
4202108161901030009343592:
4202108161901040006041875:
4202108161901060004928425:
4202108161901070009246202:
4202108161901090004935623:
4202108161901100008504736:
4202108161901170009324085:
4202108161901190009305260:
4202108161901210007395601:
4202108161901220008717694:
4202108161901240007407499:
4202108161901290008498021:
4202108161901390006039974:
4202108161901420006028957:
4202108161901450008493340:
4202108161901470004928211:
4202108161901500009252994:
4202108161901520009339821:
4202108161901540008445656:
4202108161901550008680442:
4202108161901570009253739:
4202108161901590009296645:
4202108161902070009230812:
4202108161902090009346035:
4202108161902120009311280:
4202108161902130015629857:
4202108161902150009348776:
4202108161902170009226433:
4202108161902180004926919:
4202108161902200006036994:
4202108161902220002854367:
4202108161902310009327564:
4202108161902400008499867:
4202108161903170009341511:
4202108161903190007396382:
4202108161903250000424007:
4202108161903360004957311:
4202108161903390008512783:
4202108161904140009254169:
4202108161904270008500083:
4202108161904310009341742:
4202108161904350008500142:
4202108161905260009346340:
4202108161905340006036504:
4202108161905410009232613:
4202108161906180008501953:
4202108161906210009309524:
4202108161906270009234240:
4202108161906310009309524:
4202108161906340009354391:
4202108161926170009247701:
4202108161959130007401131:
4202108161959230008499509:
4202108161959250004974322:
4202108161959270004929419:
4202108161959560008495972:
4202108162000030004988966:
4202108162000060008495972:
4202108162000080009253742:
4202108162000120002851443:
4202108162000150008695667:
4202108162000190009342981:
4202108162000210009287195:
4202108162000250008707911:
4202108162000310006020220:
4202108162000330004929198:
4202108162000350004169060:
4202108162000370000431430:
4202108162000400009324572:
4202108162000420009273291:
4202108162000440004927516:
4202108162000460009327620:
4202108162000470008517323:
4202108162000510004929641:
4202108162000540008493092:
4202108162000570008502693:
4202108162000580001088074:
4202108162001010008686117:
4202108162001170004179293:
4202108162001240006027345:
4202108162001320008499706:
4202108162001370009280051:
4202108162001440004953788:
4202108162001470008699709:
4202108162001490008679170:
4202108162001520008719239:
4202108162002060001083930:
4202108162002081513631101:
4202108162002150008496149:
4202108162002170009338161:
4202108162002190009272601:
4202108162002210009290271:
4202108162002230008716113:
4202108162002260009254207:
4202108162002280004924511:
4202108162002380008495556:
4202108162002450009234249:
4202108162002470004967114:
4202108162002500008493895:
4202108162003100008500493:
4202108162003170004969304:
4202108162004080008494141:
4202108162004500006036336:
4202108162005350006022158:
4202108162006030007398203:
4202108162006070004948259:
4202108162006270007402498:
4202108162007360009231455:
4202108162008360009303697:
4202108162101090009236820:
4202108162110450009283164:
4202108162112340001089614:
4202108162132040009226390:
4202108162159160009322614:
4202108162200000009331044:
4202108162200030009324629:
4202108162200060009339254:
4202108162200070009324629:
4202108162200090000424545:
4202108162200130009339254:
4202108162200220004936688:
4202108162201280009226821:
4202108162201300001087543:
4202108162201320004993812:
4202108162201460004967900:
4202108162201490004947698:
5202108160736110007398914:
5202108160736320008495037:
5202108160738500001079288:
5202108160739000009276680:
5202108160739090004994596:
5202108160740210008698279:
5202108160742220004961093:
5202108160743060009305457:
5202108160743290004961787:
5202108160743320004985169:
5202108160743400008510518:
5202108160744200009281193:
5202108160744220004950247:
5202108160744340009339273:
5202108160745070004928604:
5202108160745250009236809:
5202108160745270004932362:
5202108160745310004995938:
5202108160746080008690529:
5202108160746140004993674:
5202108160746190007413042:
5202108160747220004959001:
5202108160747311513645885:
5202108160747430008499208:
5202108160747470006025812:
5202108160748090007414082:
5202108160748110009346170:
5202108160748180008517932:
5202108160748200004967416:
5202108160748270007402500:
5202108160748300006028292:
5202108160748340004950546:
5202108160748430004923605:
5202108160748480001083110:
5202108160749180004998138:
5202108160749220006040952:
5202108160749250004951145:
5202108160749280009351308:
5202108160749320006015163:
5202108160749390009296798:
5202108160749550008493286:
5202108160749560006021994:
5202108160750100004976717:
5202108160750120009226447:
5202108160750140008512216:
5202108160750220007421269:
5202108160750240004930090:
5202108160750280009339812:
5202108160750420008699606:
5202108160750430004922875:
5202108160750450000439539:
5202108160750470009234480:
5202108160750490008687593:
5202108160750520004968298:
5202108160750550004961715:
5202108160750570004953485:
5202108160751070008500113:
5202108160751090004960471:
5202108160751110009352009:
5202108160751130009282809:
5202108160751150008704200:
5202108160751170004961404:
5202108160751180007411321:
5202108160751200009305197:
5202108160751220004934727:
5202108160751240009339839:
5202108160751260006028757:
5202108160751280009346362:
5202108160751290008494656:
5202108160751310009324107:
5202108160751320004995116:
5202108160751340004954090:
5202108160751360004950845:
5202108160751370007402523:
5202108160751390001108277:
5202108160751410008503171:
5202108160751430009252984:
5202108160751440008512035:
5202108160751460004967512:
5202108160751480006024122:
5202108160751500004921536:
5202108160751530004996677:
5202108160751560004968004:
5202108160752010009230781:
5202108160752080004989073:
5202108160752100006018008:
5202108160752120004969965:
5202108160752140008676811:
5202108160752200008690941:
5202108160752210009279709:
5202108160752230003892332:
5202108160752250000424167:
5202108160752270008496310:
5202108160752300006030118:
5202108160752320008500184:
5202108160752430004994074:
5202108160752490009232187:
5202108160752540006016275:
5202108160752570004927329:
5202108160753020004923159:
5202108160753060007401654:
5202108160753200008513950:
5202108160753230001114611:
5202108160753280008501942:
5202108160753350008516236:
5202108160753380009346173:
5202108160753400009327416:
5202108160753420008508219:
5202108160753460009225481:
5202108160753500007413810:
5202108160753520008694659:
5202108160753550009233710:
5202108160753570008431645:
5202108160753590009339795:
5202108160754020008506912:
5202108160754050009339821:
5202108160754070008510316:
5202108160754080001087528:
5202108160754100009323985:
5202108160754120004937490:
5202108160754130006022852:
5202108160754140008506797:
5202108160754160004947668:
5202108160754180004951445:
5202108160754190009348762:
5202108160754220008510716:
5202108160754240004977423:
5202108160754270009248283:
5202108160754290008495972:
5202108160754310008510716:
5202108160754340009327615:
5202108160754360008503915:
5202108160754390008718216:
5202108160754420009339834:
5202108160754440004989551:
5202108160754470009280491:
5202108160754510008677829:
5202108160754530009234236:
5202108160755000009292116:
5202108160755020008706878:
5202108160755040009354001:
5202108160755060004960782:
5202108160755090007407739:
5202108160755110009340824:
5202108160755130006030142:
5202108160755230008515021:
5202108160755250009341030:
5202108160755270009254183:
5202108160755290004966802:
5202108160755310003126145:
5202108160755350006040283:
5202108160755390009341030:
5202108160755420009339219:
5202108160755510009288913:
5202108160756030009231410:
5202108160756050009226440:
5202108160756070009321395:
5202108160756090006037287:
5202108160756110008692450:
5202108160756120009342959:
5202108160756150009354401:
5202108160756170008696894:
5202108160756210009232378:
5202108160756230006033090:
5202108160756250004995665:
5202108160756290008682585:
5202108160756310004972420:
5202108160756330004997873:
5202108160756350008512059:
5202108160756370004998401:
5202108160756390009340820:
5202108160756410009230790:
5202108160756450008510090:
5202108160756510006025445:
5202108160756530009347607:
5202108160757010008691017:
5202108160757040009326645:
5202108160757100004997608:
5202108160757110004994335:
5202108160757130004923454:
5202108160757250008709011:
5202108160757330006030130:
5202108160757370009346376:
5202108160757420009253842:
5202108160757440009241934:
5202108160757470009326612:
5202108160757510009225507:
5202108160757530004984899:
5202108160758020008701083:
5202108160758050008493750:
5202108160758080004966178:
5202108160758110006041103:
5202108160758320009226412:
5202108160758340004973075:
5202108160758430009226412:
5202108160758450004973075:
5202108160758480008717926:
5202108160758500004969598:
5202108160759030008711892:
5202108160759060006039494:
5202108160759160006029988:
5202108160759180008702320:
5202108160759200006028797:
5202108160759310008719239:
5202108160759370004995861:
5202108160759410008502189:
5202108160759540006018006:
5202108160759570009286616:
5202108160759590008500889:
5202108160800050009240533:
5202108160800160009290264:
5202108160800290004938938:
5202108160800320008703693:
5202108160800340004986057:
5202108160800360004989365:
5202108160800380009293228:
5202108160800570009287006:
5202108160801210009346033:
5202108160801450004927998:
5202108160802110009226385:
5202108160802350008493366:
5202108160802530009297056:
5202108160804330004927750:
5202108160804500009226392:
5202108160805410006021991:
5202108160805420008515734:
5202108160806050009225494:
5202108160809200009339803:
5202108160810370009281814:
5202108160810510006042240:
5202108160834510007410385:
5202108160837580009232651:
5202108161206000009302534:
5202108161657350004927962:
5202108161701340008691017:
5202108161702420006025812:
5202108161746170009310727:
5202108161746200009298073:
5202108161800040009226826:
5202108161859020004976805:
5202108161900370006018008:
5202108161900530008704914:
5202108161901060004962411:
5202108161901140008509836:
5202108161901150008513365:
5202108161901390009325498:
5202108161901400006033090:
5202108161901420009231410:
5202108161901510008510090:
5202108161901540008704200:
5202108161901570004968004:
5202108161902370008678678:
5202108161902450007401654:
5202108161902470009326612:
5202108161902490009340824:
5202108161902510004937356:
5202108161902550004937625:
5202108161903040009226959:
5202108161904030008508290:
5202108161904050004996134:
5202108161904400008516213:
5202108161904550009286624:
5202108161904590008516213:
5202108161905180009352009:
5202108161905300004970901:
5202108161906360009310954:
5202108161907300006040283:
5202108161907410008510316:
5202108161908280004967512:
5202108161908320004997608:
5202108161908350004960471:
5202108161908360004953485:
5202108161908480004961093:
5202108161909170008682585:
5202108161909270004997873:
5202108161909300004998401:
5202108161909370008513950:
5202108161910000008701083:
5202108161910040009248283:
5202108161910400007412611:
5202108161912260004922875:
5202108161912560008680789:
5202108161915170009351823:
5202108161915200004994596:
5202108161915430009282809:
5202108161915500006025445:
5202108161916020009233710:
5202108161918190004927306:
5202108161934310009225507:
5202108161935330008493366:
5202108161935340008694659:
5202108161936130004921536:
5202108161936150004932362:
5202108161936300004947668:
5202108161936330004932362:
5202108161936350009305457:
5202108161936390004947668:
5202108161939000004953953:
5202108161939230009346707:
5202108161939400006039969:
5202108161956020008502364:
5202108161957550008500113:
5202108161959270009226385:
5202108162000210008508587:
5202108162000230009253846:
5202108162000250008706878:
5202108162000290008517932:
5202108162000310006023662:
5202108162000320009324107:
5202108162000350001083110:
5202108162000370008501942:
5202108162000390008692560:
5202108162000420008717926:
5202108162000440006030130:
5202108162000470004968298:
5202108162000490004951145:
5202108162000510009326645:
5202108162000520009253997:
5202108162000550009279709:
5202108162000560008509901:
5202108162000580007411321:
5202108162001000006029988:
5202108162001010008510518:
5202108162001030008494656:
5202108162001050008692450:
5202108162001070009339795:
5202108162001080004996677:
5202108162001100004923605:
5202108162001110008699606:
5202108162001130009240533:
5202108162001140003892332:
5202108162001160009276680:
5202108162001170008496310:
5202108162001190006028292:
5202108162001200004927329:
5202108162001220009321395:
5202108162001230007407739:
5202108162001250008512216:
5202108162001260002851479:
5202108162001290009339839:
5202108162001310008510716:
5202108162001331513645885:
5202108162001350004180013:
5202108162001400004923454:
5202108162001430004180013:
5202108162001450004994074:
5202108162001460009287011:
5202108162001480004950546:
5202108162001490009346376:
5202108162001510009339273:
5202108162001530006041715:
5202108162001550008702320:
5202108162001570008493750:
5202108162001580009348762:
5202108162002000009323985:
5202108162002010009253842:
5202108162002030004961404:
5202108162002050004995861:
5202108162002060009354001:
5202108162002090006037287:
5202108162002110009340820:
5202108162002130009236809:
5202108162002140004959001:
5202108162002170004954090:
5202108162002190003126145:
5202108162002230009296798:
5202108162002250009232187:
5202108162002270004961715:
5202108162002290008500312:
5202108162002320004984899:
5202108162002340004961715:
5202108162002350004928366:
5202108162002370004954090:
5202108162002390008718216:
5202108162002410004998138:
5202108162002420004928366:
5202108162002430006030118:
5202108162002450009346362:
5202108162002470008500184:
5202108162002480004985169:
5202108162002500008690529:
5202108162002510004995938:
5202108162002530006030142:
5202108162002540009347607:
5202108162002560004947107:
5202108162003010009254229:
5202108162003030004947107:
5202108162003050004976717:
5202108162003070009254229:
5202108162003080008506797:
5202108162003100004976717:
5202108162003130006022852:
5202108162003150008503915:
5202108162003160009254183:
5202108162003170004973700:
5202108162003190008515021:
5202108162003210004995116:
5202108162003220001108277:
5202108162003240009234480:
5202108162003260009226440:
5202108162003280004994335:
5202108162003300009351308:
5202108162003320009230781:
5202108162003330009226412:
5202108162003350004934727:
5202108162003370009230781:
5202108162003400004951445:
5202108162003420007402500:
5202108162003430008676811:
5202108162003450009342959:
5202108162003470008687593:
5202108162003480009342959:
5202108162003500000439539:
5202108162003530009281814:
5202108162003540004950845:
5202108162003560004967002:
5202108162003570008696894:
5202108162004010009342183:
5202108162004020004967002:
5202108162004040009342183:
5202108162004060009298207:
5202108162004080004972420:
5202108162004110009327416:
5202108162004130007410282:
5202108162004150009354401:
5202108162004170008508219:
5202108162004200009297056:
5202108162004220009225481:
5202108162004240009341030:
5202108162004260009339812:
5202108162004290008503171:
5202108162004310004946517:
5202108162004330008491998:
5202108162004360007414082:
5202108162004370009232378:
5202108162004390009225494:
5202108162004430009339803:
5202108162004460009252984:
5202108162004480009280491:
5202108162004520008709011:
5202108162004540008512059:
5202108162004570004989948:
5202108162004590009341030:
5202108162005020009339219:
5202108162005050008497657:
5202108162005110004937490:
5202108162005170009339524:
5202108162005350007413042:
5202108162005380008709393:
5202108162005400008495616:
5202108162005460006031525:
5202108162005470008495616:
5202108162005500009294273:
5202108162006190009281193:
5202108162006300006009777:
5202108162006320009322682:
5202108162006340008706494:
5202108162006360006039494:
5202108162006370009286880:
5202108162006390009241934:
5202108162007330009303525:
5202108162007360004972764:
5202108162009160009226392:
5202108162009440004995665:
5202108162015340009285513:
5202108162015430004949474:
5202108162019290009232651:
5202108162027130005000508:
5202108162027150009300607:
5202108162027180004933649:
5202108162027200004937357:
5202108162040590006028797:
5202108162041040007421210:
5202108162105480004985960:
5202108162108300009287006:
5202108162159500004923159:
5202108162159540004987436:
5202108162159570009286616:
5202108162200030009311591:
5202108162200090009282114:
5202108162200110009311591:
5202108162200150007401166:
5202108162200170009300413:
5202108162200210004930974:
5202108162200230009300413:
5202108162200260004930974:
5202108162200270004921466:
5202108162200300009226447:
5202108162200320008709061:
5202108162200350008431645:
5202108162200370006021994:
5202108162200450004951746:
5202108162201020009346033:
5202108162201110004936688:
5202108162201200004969965:
5202108162201360004922029:
5202108162202330006028757:
5202108162203010001087528:
5202108162207180006042277:
5202108162207480009304051:
6202108160727010004923857:
6202108160727520009326438:
6202108160728330007404782:
6202108160729030006040360:
6202108160730070008683421:
6202108160730110004946487:
6202108160731470002851459:
6202108160732130004965866:
6202108160732550008500378:
6202108160733300009234108:
6202108160733520004975787:
6202108160734290008712785:
6202108160734320008501833:
6202108160734420009226816:
6202108160734470009354344:
6202108160734530000431430:
6202108160735240006030480:
6202108160735270005001068:
6202108160735300007404978:
6202108160735370008681212:
6202108160736210004962099:
6202108160736240007411542:
6202108160736280004969304:
6202108160736320004928604:
6202108160736360007398203:
6202108160736490004987731:
6202108160736520008492622:
6202108160736570008500401:
6202108160737010008677903:
6202108160737510008509407:
6202108160738320008508290:
6202108160738430009288870:
6202108160738450009301802:
6202108160738480006037924:
6202108160738530008708048:
6202108160739090009305547:
6202108160739220009340813:
6202108160740340004976407:
6202108160740350008503824:
6202108160740390009339254:
6202108160740410008711445:
6202108160740440009241075:
6202108160740470004921905:
6202108160740510009275492:
6202108160740550004934669:
6202108160740580006023662:
6202108160741040004968194:
6202108160741140007412611:
6202108160741230004922029:
6202108160741290009226959:
6202108160741310009226447:
6202108160741360004927120:
6202108160741390007421269:
6202108160741490004953182:
6202108160741500006030484:
6202108160741530009253846:
6202108160741560008497774:
6202108160741580004927539:
6202108160741590009226812:
6202108160742020006039510:
6202108160742080009253739:
6202108160742100004932608:
6202108160742120009283931:
6202108160742140004926919:
6202108160742170008509948:
6202108160742190009335539:
6202108160742210009274203:
6202108160742240008493676:
6202108160742250009293895:
6202108160742280006027609:
6202108160742290009287614:
6202108160742350009305197:
6202108160742380009236868:
6202108160742410006028757:
6202108160742480008498021:
6202108160742500004972764:
6202108160742540008502735:
6202108160742570006036876:
6202108160743060004970930:
6202108160743110008508521:
6202108160743190000439530:
6202108160743220009231473:
6202108160743230008492410:
6202108160743260009325535:
6202108160743270009326609:
6202108160743290001122577:
6202108160743300008492776:
6202108160743320003916932:
6202108160743340004936557:
6202108160743360008495365:
6202108160743380008712381:
6202108160743400004969965:
6202108160743410003892332:
6202108160743470009324879:
6202108160743500008500109:
6202108160743530006039974:
6202108160743570009322614:
6202108160744020008678678:
6202108160744050009324629:
6202108160744070008506074:
6202108160744120004970901:
6202108160744160004968716:
6202108160744170008497699:
6202108160744190004930793:
6202108160744210008499471:
6202108160744230009281874:
6202108160744280004996134:
6202108160744310006021988:
6202108160744340008494613:
6202108160744350008699992:
6202108160744370004926757:
6202108160744440004963091:
6202108160744450008710216:
6202108160744470009322602:
6202108160744520006039506:
6202108160744540009233704:
6202108160744560004968886:
6202108160744590006039337:
6202108160745060009351964:
6202108160745170004922560:
6202108160745210009351830:
6202108160745230009324068:
6202108160745250008499805:
6202108160745270009354391:
6202108160745290008510316:
6202108160745320008431645:
6202108160745360008501942:
6202108160745380004987532:
6202108160745390004967900:
6202108160745410004971518:
6202108160745420006025403:
6202108160745500009324068:
6202108160746000008508441:
6202108160746020001087528:
6202108160746050009339834:
6202108160746070009352010:
6202108160746130005006239:
6202108160746180007395627:
6202108160746200008677829:
6202108160746220004977423:
6202108160746240008501795:
6202108160746250004977423:
6202108160746270009292116:
6202108160746280008688282:
6202108160746300008518736:
6202108160746340008688282:
6202108160746360008698795:
6202108160746370008518736:
6202108160746390009254908:
6202108160746410006039972:
6202108160746430004932392:
6202108160746460006025807:
6202108160746480009340470:
6202108160746500004045200:
6202108160746510009343174:
6202108160746570005011308:
6202108160746580004951477:
6202108160747000009343174:
6202108160747020008504736:
6202108160747050008493217:
6202108160747080009288913:
6202108160747110009232350:
6202108160747140008683912:
6202108160747190004928175:
6202108160747200009254212:
6202108160747230009230812:
6202108160747250009354581:
6202108160747270008695905:
6202108160747280005006025:
6202108160747310009288958:
6202108160747330004930576:
6202108160747360009230749:
6202108160747400003918790:
6202108160747450008503515:
6202108160747480006028762:
6202108160747520009351768:
6202108160747550009352016:
6202108160747570004958069:
6202108160748020004986647:
6202108160748040004958069:
6202108160748050009278808:
6202108160748070009226797:
6202108160748080004958069:
6202108160748100008507829:
6202108160748120004958069:
6202108160748140008508757:
6202108160748170008693892:
6202108160748190009343592:
6202108160748240008494201:
6202108160748270008708560:
6202108160748390008500888:
6202108160748440004936029:
6202108160748460008714113:
6202108160748510008704914:
6202108160748540009337006:
6202108160748580009286996:
6202108160749000009300413:
6202108160749030008516420:
6202108160749090004178213:
6202108160749130006036994:
6202108160749160009348603:
6202108160749190008698315:
6202108160749250006024859:
6202108160749270008492480:
6202108160749310008696388:
6202108160749400000424146:
6202108160749430009354582:
6202108160749450009342940:
6202108160749470009342962:
6202108160749510009247509:
6202108160749520009290271:
6202108160749540007402467:
6202108160749561513653821:
6202108160750060004949474:
6202108160750070009339792:
6202108160750120006028957:
6202108160750150008496367:
6202108160750180008713928:
6202108160750200008494290:
6202108160750220004046800:
6202108160750230009285701:
6202108160750270008516772:
6202108160750280009282114:
6202108160750321513409863:
6202108160750340009348543:
6202108160750380004928389:
6202108160750530009286387:
6202108160750550006015460:
6202108160750590008502189:
6202108160751010008501482:
6202108160751170004947373:
6202108160751220006018006:
6202108160751370008493895:
6202108160751410009290264:
6202108160751500004938938:
6202108160751510009354825:
6202108160751560003132773:
6202108160751590009293228:
6202108160752130009346020:
6202108160752180009311591:
6202108160752280004947698:
6202108160752310004923617:
6202108160752450008515578:
6202108160753330004947993:
6202108160753390009254207:
6202108160753430006017488:
6202108160753540009322590:
6202108160754390008692560:
6202108160754420008696238:
6202108160754490008498971:
6202108160755260009343593:
6202108160756130006017496:
6202108160756420008701103:
6202108160757030008515734:
6202108160757050006021991:
6202108160800280008494092:
6202108160805200009234240:
6202108160818570005000296:
6202108160826090007407502:
6202108160846360009226390:
6202108160957510009279594:
6202108161709380004969653:
6202108161716370004927962:
6202108161838360008505663:
6202108161859200006030482:
6202108161859260004989551:
6202108161900000003918790:
6202108161900100009326609:
6202108161900120008714113:
6202108161900160004973389:
6202108161900190009324637:
6202108161900211513637255:
6202108161900230008690794:
6202108161900260008680900:
6202108161900280004155886:
6202108161900300008494010:
6202108161900320008515734:
6202108161900340008704914:
6202108161900380004952880:
6202108161900400006028799:
6202108161900430004965866:
6202108161900440004962411:
6202108161900460008509836:
6202108161900490009343593:
6202108161900500008513365:
6202108161900520008703693:
6202108161900540006040360:
6202108161900570004927539:
6202108161900580009309829:
6202108161901000004951477:
6202108161901000008689944:
6202108161901050004178213:
6202108161901070008494290:
6202108161901160000439530:
6202108161901170009340470:
6202108161901190009343149:
6202108161901210009231410:
6202108161901230006015163:
6202108161901250009254908:
6202108161901270004977027:
6202108161901290009327615:
6202108161901350008704360:
6202108161901440009346173:
6202108161901480008710216:
6202108161901520009352016:
6202108161901590009290264:
6202108161902040004931897:
6202108161902060004975477:
6202108161902090006023085:
6202108161902110009293228:
6202108161902140008713928:
6202108161902400009277203:
6202108161902420009226959:
6202108161902430006030145:
6202108161902450004936029:
6202108161902460004970930:
6202108161902490009278808:
6202108161902530008680280:
6202108161902550008506766:
6202108161902570009339834:
6202108161902590008502189:
6202108161903060004975787:
6202108161903240008497935:
6202108161903270008501482:
6202108161903300004927727:
6202108161903390008508290:
6202108161903470004996134:
6202108161904130003916932:
6202108161904140004936557:
6202108161904200008516213:
6202108161904220009276489:
6202108161904250008506434:
6202108161904281513409863:
6202108161904300008517056:
6202108161904320008506597:
6202108161904370001114611:
6202108161904410004950247:
6202108161904500007409900:
6202108161904520008513325:
6202108161904580004921905:
6202108161905040008492622:
6202108161905070008683421:
6202108161905090004970901:
6202108161905240005011308:
6202108161905330009232653:
6202108161905390008509948:
6202108161905480004938938:
6202108161905590006039972:
6202108161906010004938938:
6202108161906050004976407:
6202108161906060004929016:
6202108161906130006017496:
6202108161906150004929016:
6202108161906200008512859:
6202108161906510004968886:
6202108161907190009233704:
6202108161907220008510316:
6202108161907390008508521:
6202108161907450008498971:
6202108161907490006039337:
6202108161907530006039510:
6202108161910070009293535:
6202108161910160007412611:
6202108161933460007407502:
6202108161937330004927120:
6202108161948090009292038:
6202108161959110009226385:
6202108161959280004932608:
6202108161959310005004322:
6202108161959330006028762:
6202108161959350004968716:
6202108161959390003132773:
6202108161959410009340813:
6202108161959430004990979:
6202108161959440009273013:
6202108162000020008501942:
6202108162000040009253991:
6202108162000050004990979:
6202108162000070009253846:
6202108162000090008494613:
6202108162000110004990979:
6202108162000130008494613:
6202108162000160008692560:
6202108162000180008499556:
6202108162000190009295891:
6202108162000220006017488:
6202108162000240008501833:
6202108162000270009346685:
6202108162000300006015460:
6202108162000320008509407:
6202108162000350004968194:
6202108162000390008501833:
6202108162000420009240533:
6202108162000430008500109:
6202108162000440004923617:
6202108162000460007395627:
6202108162000480004046800:
6202108162000490003892332:
6202108162000510006027609:
6202108162000520008708048:
6202108162000530008696238:
6202108162000550007404952:
6202108162000580008497634:
6202108162001030009278607:
6202108162001050004966066:
6202108162001080008497774:
6202108162001120006033720:
6202108162001150008715034:
6202108162001170006033720:
6202108162001190004966066:
6202108162001280009337006:
6202108162001320004966066:
6202108162001340006025807:
6202108162001420008497699:
6202108162001500009252946:
6202108162001560008513733:
6202108162001580009226812:
6202108162002000009288913:
6202108162002010006042240:
6202108162002030009348543:
6202108162002040004927750:
6202108162002060008511510:
6202108162002080009322602:
6202108162002100007402512:
6202108162002110004928389:
6202108162002130004963091:
6202108162002150008501795:
6202108162002200009232631:
6202108162002220004934669:
6202108162002240004966490:
6202108162002250004934669:
6202108162002280009292077:
6202108162002300004968502:
6202108162002310004986846:
6202108162002330004930793:
6202108162002350002851460:
6202108162002370004932392:
6202108162002380008496367:
6202108162002410009292116:
6202108162002420008695905:
6202108162003010004966178:
6202108162003030007402467:
6202108162003220006022160:
6202108162003260006025806:
6202108162003290004928604:
6202108162003320008493676:
6202108162003330008698315:
6202108162003360008676957:
6202108162003380003117204:
6202108162003450004967312:
6202108162003590004946487:
6202108162004010007421269:
6202108162004030008516772:
6202108162004060008512035:
6202108162004080002851459:
6202108162004470004926757:
6202108162004500006021991:
6202108162005020004958069:
6202108162005200008499047:
6202108162005220008688253:
6202108162005280003137754:
6202108162005410008495365:
6202108162006150008508757:
6202108162006570006033902:
6202108162007140004972764:
6202108162008530004928175:
6202108162009150007404782:
6202108162009340001122577:
6202108162009540004948585:
6202108162010100004930576:
6202108162010130004996923:
6202108162010280006041103:
6202108162014210005006025:
6202108162014270009241075:
6202108162016590009343364:
6202108162018420009247509:
6202108162026310009346063:
6202108162028590004979341:
6202108162046500005000296:
6202108162050510009305197:
6202108162059410006024859:
6202108162059430008503515:
6202108162102050006014349:
6202108162116510009349952:
6202108162144090004975255:
6202108162149280009298223:
6202108162157570006036876:
6202108162159120009335539:
6202108162159400009282114:
6202108162159440007401166:
6202108162200000004987532:
6202108162200020008506074:
6202108162200030004930974:
6202108162200050006037924:
6202108162200060004987731:
6202108162200080008431645:
6202108162200100004962099:
6202108162200110009226447:
6202108162200140006018006:
6202108162200150004936556:
6202108162200170006021994:
6202108162200180005006239:
6202108162200210008499149:
6202108162200220004934470:
6202108162200240004922560:
6202108162200260004948289:
6202108162200280008493833:
6202108162200360007419049:
6202108162200390009346033:
6202108162200430006024122:
6202108162200500009230790:
6202108162200580004969965:
6202108162201000004937088:
6202108162201020006039130:
6202108162201030008492776:
6202108162201050008712785:
6202108162201070008507829:
6202108162201090009285701:
6202108162201100008492480:
6202108162201120009287614:
6202108162201140008502735:
6202108162201150009293895:
6202108162201170004933902:
6202108162201190004953182:
6202108162201350007411542:
6202108162201370004971518:
6202108162201420009234108:
6202108162201470004977423:
6202108162201520004947993:
6202108162201580009231473:
6202108162202000008499805:
6202108162202060009339144:
6202108162202080008500888:
6202108162202100008515578:
6202108162202120006039129:
6202108162202140004969598:
6202108162202170006028757:
6202108162202190008708560:
6202108162202230008504091:
6202108162202270008494964:
6202108162202450001087528:
6202108162204440009254002:
6202108162205080004933960:
6202108162207480008498988:
8202108160741060007396382:
8202108160742210006015165:
8202108160744190009234249:
8202108160745120008496149:
8202108160745470008511681:
8202108160746120009309524:
8202108160746570008716113:
8202108160747360004935623:
8202108160748130005008693:
8202108160748300009273291:
8202108160748320006028960:
8202108160748340006036504:
8202108160748400008493092:
8202108160749210007407499:
8202108160749300008500626:
8202108160749340009226402:
8202108160749360009341511:
8202108160750210008445656:
8202108160750260009250787:
8202108160750300004962411:
8202108160750370009305260:
8202108160750410004975255:
8202108160750541513631613:
8202108160751050004929198:
8202108160751130005001511:
8202108160751160009338161:
8202108160751310008510188:
8202108160751480008710875:
8202108160751500006027345:
8202108160752130004991542:
8202108160752220006016091:
8202108160752270004926919:
8202108160752290006028799:
8202108160752370009252994:
8202108160752470009296645:
8202108160752530009324118:
8202108160752590009247701:
8202108160753010006036336:
8202108160753030008493340:
8202108160753050009236820:
8202108160753070004967114:
8202108160753090008717694:
8202108160753230004952880:
8202108160753290008504234:
8202108160753330001087543:
8202108160753350009231455:
8202108160753560009272187:
8202108160754020009311280:
8202108160754040009346685:
8202108160754300009321481:
8202108160754360009327620:
8202108160754380009342984:
8202108160754440009342978:
8202108160755000009348776:
8202108160755230007395601:
8202108160756000004989551:
8202108160756020015629857:
8202108160756040009346055:
8202108160756050008679170:
8202108160756070008500083:
8202108160756090004179293:
8202108160756220003116965:
8202108160757180009324572:
8202108160757210004922422:
8202108160757550008500493:
8202108160757580008686117:
8202108160758150008499706:
8202108160758200004924511:
8202108160759150001083930:
8202108160759350009280051:
8202108160759410006041875:
8202108160759540009290271:
8202108160759580004936413:
8202108160800500004957311:
8202108160800530008512783:
8202108160801150009346364:
8202108160802380008509836:
8202108160803120008500142:
8202108160803150009226385:
8202108161703430004924923:
8202108161720500009272187:
8202108161759490006021988:
8202108161900030004936413:
8202108161900110009340470:
8202108161900140008506212:
8202108161900150008710875:
8202108161900170008494201:
8202108161900180009342984:
8202108161900200009226816:
8202108161900210009339817:
8202108161900230000431385:
8202108161900250007421735:
8202108161900270009342978:
8202108161900280009333812:
8202108161900300005008693:
8202108161900320008501835:
8202108161900330009321481:
8202108161900360006041875:
8202108161900370008504736:
8202108161900400009343592:
8202108161900420009246202:
8202108161900430004935623:
8202108161900450001077425:
8202108161900470008511222:
8202108161900490009305260:
8202108161900510008717694:
8202108161900540008500626:
8202108161900560009324085:
8202108161900580007395601:
8202108161901000009253995:
8202108161901020007407499:
8202108161901030006015165:
8202108161901050008498021:
8202108161901060004928211:
8202108161901090009252994:
8202108161901130015629857:
8202108161901150007404978:
8202108161901160006039974:
8202108161901180009250787:
8202108161901200009295454:
8202108161901210006028957:
8202108161901230009339821:
8202108161901250008493340:
8202108161901270008445656:
8202108161901280008680442:
8202108161901310009354827:
8202108161901330009296645:
8202108161901360009230812:
8202108161901380005001511:
8202108161901410009311280:
8202108161901420009342143:
8202108161901440009298206:
8202108161901460009226433:
8202108161901470004926919:
8202108161901500008494427:
8202108161901520009348776:
8202108161901540006036994:
8202108161902000008499867:
8202108161902090004968592:
8202108161902180009324605:
8202108161902220009283323:
8202108161902240005001511:
8202108161902320004957311:
8202108161902400008512783:
8202108161902450009341511:
8202108161902470007396382:
8202108161902560000424007:
8202108161902590009337903:
8202108161903010006016252:
8202108161903430009254169:
8202108161903570009341742:
8202108161904010008500083:
8202108161904110008500142:
8202108161904280004991542:
8202108161904400008510188:
8202108161904470006036504:
8202108161905200004928798:
8202108161905280009232613:
8202108161905420008501953:
8202108161905450009309524:
8202108161906010009234240:
8202108161906050009354391:
8202108161906470008492410:
8202108161906520009254000:
8202108161906560009274874:
8202108161907450009281928:
8202108161916440004974633:
8202108161924000008503979:
8202108161924080009247701:
8202108161924140006020192:
8202108161958590004989259:
8202108162000010009324572:
8202108162000030004169060:
8202108162000050004927516:
8202108162000110004929198:
8202108162000130009343174:
8202108162000150009273291:
8202108162000160008517323:
8202108162000190004923699:
8202108162000211513626317:
8202108162000230004929641:
8202108162000260006031524:
8202108162000280008493092:
8202108162000300009346364:
8202108162000310009234457:
8202108162000340001088074:
8202108162000390008686117:
8202108162000490009342962:
8202108162000530004179293:
8202108162000550009342997:
8202108162000570006027345:
8202108162001060008499706:
8202108162001080004967114:
8202108162001100009280051:
8202108162001270008679170:
8202108162001290006028960:
8202108162001310008719239:
8202108162001330009352010:
8202108162001350007402196:
8202108162001370001083930:
8202108162001390004924511:
8202108162001440008496149:
8202108162001490004965442:
8202108162001520009290271:
8202108162001571513631613:
8202108162001590008504234:
8202108162002030008495426:
8202108162002080009339930:
8202108162002100008495556:
8202108162002130004936422:
8202108162002170009234249:
8202108162002260008493895:
8202108162002420008500493:
8202108162002550004969304:
8202108162004040009339818:
8202108162004260008499471:
8202108162004280006036336:
8202108162005080006022158:
8202108162005120008514966:
8202108162005460004948259:
8202108162007190009231455:
8202108162008120004996923:
8202108162010520009343432:
8202108162010530009226399:
8202108162011460004179142:
8202108162035520004928581:
8202108162100380004045200:
8202108162100430009236820:
8202108162200010004936293:
8202108162200450001087543:
8202108162200590004993812:
8202108162201020001087543:
8202108162201050009226821:
8202108162201090008511681:
8202108162201100008506912:
8202108162201170004947698:
8202108162201200004967900:
