2202108120000240004995861:
2202108120000270006022852:
2202108120000290009342183:
2202108120000310008506797:
2202108120000330009342183:
2202108120000350001079288:
2202108120000370006032924:
2202108120000400008676811:
2202108120000420000439539:
2202108120000460004946517:
2202108120000480008702320:
2202108120000500009254229:
2202108120000520008493286:
2202108120000540000439539:
2202108120000570004946517:
2202108120001000007401654:
2202108120002030008494333:
2202108120002050009300596:
2202108120002070009324604:
2202108120002090004995116:
2202108120002140007402523:
2202108120002310008512059:
2202108120004390006751664:
2202108120004440007398914:
2202108120101040004976407:
2202108120200450009309829:
2202108120200550009311703:
2202108120259450008694944:
2202108120259510009254183:
2202108120300110008496191:
2202108120316140004947963:
2202108120319220006036321:
2202108120723520009254926:
2202108120728050008706494:
2202108120732050006026835:
2202108120734590006039969:
2202108120735140007402194:
2202108120735160009307295:
2202108120736010009304051:
2202108120736220004924346:
2202108120738380002851459:
2202108120739530007398914:
2202108120743590006022439:
2202108120744130008716113:
2202108120744210004986846:
2202108120744230007421743:
2202108120745070008497657:
2202108120745380006751664:
2202108120745520004933649:
2202108120746020001079288:
2202108120746100004922831:
2202108120746170008429638:
2202108120746350005006768:
2202108120746400008494564:
2202108120746440009300596:
2202108120746490009297569:
2202108120746550004936954:
2202108120747051513646659:
2202108120747140008681883:
2202108120747410004966802:
2202108120747500009296798:
2202108120747540009343364:
2202108120748330004931010:
2202108120748410008497276:
2202108120748450004970618:
2202108120749030008500956:
2202108120749110009283296:
2202108120749120009291663:
2202108120749410008698044:
2202108120749510004932123:
2202108120749560009326618:
2202108120750020004922287:
2202108120750070009349952:
2202108120750090003915458:
2202108120750570008424093:
2202108120751260006030135:
2202108120751280009287011:
2202108120751350006014349:
2202108120751450008503915:
2202108120751570004930090:
2202108120751580006040283:
2202108120752000008500184:
2202108120752030006021875:
2202108120752080006039998:
2202108120752170009300590:
2202108120752230009246193:
2202108120752300004950845:
2202108120752370009279709:
2202108120752410009233710:
2202108120752440004948585:
2202108120752470004954665:
2202108120752500004946517:
2202108120752560009351823:
2202108120752580004958379:
2202108120753130008508441:
2202108120753170007402500:
2202108120753230009342035:
2202108120753260009252984:
2202108120753460004989073:
2202108120753500007402482:
2202108120754140004975875:
2202108120754180004976805:
2202108120754200004937625:
2202108120754250004970306:
2202108120754291513628688:
2202108120754310004921669:
2202108120754330009276908:
2202108120755010008496310:
2202108120755170008678354:
2202108120755200006033001:
2202108120755230007421690:
2202108120755280008502693:
2202108120755310004933902:
2202108120755340008496191:
2202108120755360008704200:
2202108120755380009290365:
2202108120755390009236809:
2202108120755420008491998:
2202108120755490009321334:
2202108120755530009254207:
2202108120755550004931193:
2202108120755570008492705:
2202108120755590007402205:
2202108120756020008701083:
2202108120756050009346038:
2202108120756070006018005:
2202108120756090004921380:
2202108120756100008515447:
2202108120756120004921380:
2202108120756130008709061:
2202108120756160006016275:
2202108120756180004989657:
2202108120756190008709061:
2202108120756210004924676:
2202108120756230007415195:
2202108120756250009322682:
2202108120756280008503198:
2202108120756290008697836:
2202108120756320004991554:
2202108120756370006036993:
2202108120756400009281753:
2202108120756420004995861:
2202108120756440000439539:
2202108120756460009340483:
2202108120756480009234089:
2202108120756500007395592:
2202108120756520008690794:
2202108120756530006019430:
2202108120756550007395592:
2202108120756560009226826:
2202108120756580006036875:
2202108120756590009326645:
2202108120757010008709369:
2202108120757020006022003:
2202108120757040008495972:
2202108120757060009253997:
2202108120757080008506766:
2202108120757090008701527:
2202108120757110009252946:
2202108120757120008698795:
2202108120757140006019430:
2202108120757150006030142:
2202108120757170009246193:
2202108120757190009287011:
2202108120757200003920040:
2202108120757220006040952:
2202108120757240001079879:
2202108120757250004967806:
2202108120757290004937089:
2202108120757320008688253:
2202108120757360009297664:
2202108120757380008516772:
2202108120757410004968004:
2202108120757420006039541:
2202108120757440007401654:
2202108120757470006033902:
2202108120757490009232187:
2202108120757510002851478:
2202108120757530002851465:
2202108120757540009275335:
2202108120757580008512059:
2202108120757590004967002:
2202108120758010008494333:
2202108120758030006021991:
2202108120758050004987436:
2202108120758060006020220:
2202108120758080004987436:
2202108120758090004923159:
2202108120758110007422489:
2202108120758130000431412:
2202108120758140008680789:
2202108120758160004969653:
2202108120758170008713719:
2202108120758191513643510:
2202108120758200009314286:
2202108120758220009232631:
2202108120758230008506212:
2202108120758250008686663:
2202108120758270004939835:
2202108120758290004985960:
2202108120758310006041088:
2202108120758350009340824:
2202108120758370003137754:
2202108120758390008495616:
2202108120758400009226440:
2202108120758420009236810:
2202108120758430009230815:
2202108120758450006029990:
2202108120758490004946782:
2202108120758510009339828:
2202108120758530006016276:
2202108120758550008506907:
2202108120758570009346020:
2202108120759010006039130:
2202108120759030004951746:
2202108120759060009301551:
2202108120759100008508587:
2202108120759140008506797:
2202108120759160009293895:
2202108120759170004996481:
2202108120759210008512059:
2202108120759230009336990:
2202108120759240008514966:
2202108120759270009343567:
2202108120759290006017488:
2202108120759310009253991:
2202108120759320008499149:
2202108120759340004953953:
2202108120759360008496367:
2202108120759380009344566:
2202108120759390003126145:
2202108120759420004966490:
2202108120759450006016090:
2202108120759460007419049:
2202108120759480008492480:
2202108120759500004924260:
2202108120759520004967312:
2202108120759530009232653:
2202108120759550004989948:
2202108120759560009293911:
2202108120759580009292077:
2202108120800000008500312:
2202108120800020004960160:
2202108120800030009277203:
2202108120800050008707832:
2202108120800080006024859:
2202108120800100008500567:
2202108120800120007402512:
2202108120800150008512859:
2202108120800170004989259:
2202108120800200008497935:
2202108120800230006015460:
2202108120800270008696238:
2202108120800320008692560:
2202108120800360004969598:
2202108120800410008509948:
2202108120800460008426248:
2202108120800480004948851:
2202108120800500004940114:
2202108120800530009292038:
2202108120800550004968394:
2202108120800570006022855:
2202108120800590008499047:
2202108120801030006041715:
2202108120801060009340801:
2202108120801080008709393:
2202108120801090004928604:
2202108120801110006020195:
2202108120801120004928604:
2202108120801140009330833:
2202108120801170006019428:
2202108120801190008426247:
2202108120801220009342959:
2202108120801270008715839:
2202108120801290008715034:
2202108120801310004921466:
2202108120801340008685403:
2202108120801350004975565:
2202108120801390009342183:
2202108120801400004921466:
2202108120801420006033720:
2202108120801440009309829:
2202108120801450009274443:
2202108120801470009313676:
2202108120801490009273013:
2202108120801520004921669:
2202108120801540009226402:
2202108120802000008493833:
2202108120802100009286624:
2202108120802120009279481:
2202108120802140009339211:
2202108120802160009351758:
2202108120802170009226412:
2202108120802190006042240:
2202108120802200009337903:
2202108120802220007421269:
2202108120802240008513733:
2202108120802280009234248:
2202108120802310009339144:
2202108120802320004923617:
2202108120802350009246199:
2202108120802370009313530:
2202108120802420006028451:
2202108120802510008494964:
2202108120802530001089614:
2202108120803150009278862:
2202108120803280008688767:
2202108120803310008686680:
2202108120803400009307388:
2202108120803440009226392:
2202108120803520006039337:
2202108120804000009294273:
2202108120804460007402196:
2202108120804530009300607:
2202108120804550007421212:
2202108120804590009297056:
2202108120805050008702320:
2202108120805320004958690:
2202108120806040006027540:
2202108120806530004985430:
2202108120806560008505663:
2202108120807420006041103:
2202108120807540008493028:
2202108120807580008696894:
2202108120808220008693150:
2202108120808250004947107:
2202108120809250009324604:
2202108120810570009339824:
2202108120811000009303525:
2202108120811070006042873:
2202108120811210004967606:
2202108120811270008502364:
2202108120811310006031525:
2202108120811350009279728:
2202108120812280006019315:
2202108120812460004937356:
2202108120815350008506632:
2202108120817020008677773:
2202108120822380009275624:
2202108120822400009254183:
2202108120832490008677300:
2202108120842410009293535:
2202108120843400004947963:
2202108120851560009282101:
2202108120853540006028797:
2202108120904470009291036:
2202108121007060008439606:
2202108121023530009311703:
2202108121054430006036321:
2202108121659370008494010:
2202108121703090004985430:
2202108121705100006033902:
2202108121715250004974633:
2202108121739500009236810:
2202108121904430009301551:
2202108121905560009309829:
2202108121906150009342035:
2202108121910240009342984:
2202108121917551513643510:
2202108121943230008703693:
2202108121957170004967606:
2202108122000070007422489:
2202108122000320009314286:
2202108122000400008506907:
2202108122000420008497276:
2202108122000480004954090:
2202108122001250009234467:
2202108122001300004922831:
2202108122001350008709369:
2202108122001400006033001:
2202108122002240008698044:
2202108122002370009297569:
2202108122002590008686663:
2202108122003180004946782:
2202108122003430009297664:
2202108122005030006027540:
2202108122011170002851459:
2202108122011370006029990:
2202108122012390009348543:
2202108122012420004958690:
2202108122012540006021875:
2202108122014210007402482:
2202108122014400004921669:
2202108122014460003915458:
2202108122015350009311703:
2202108122016160004966802:
2202108122016400009283296:
2202108122018120009307388:
2202108122018340004991554:
2202108122024130009241075:
2202108122026400009246193:
2202108122049530004948851:
2202108122100050004924676:
2202108122101440004932123:
2202108122156490008426247:
2202108122159480004921466:
2202108122159480004967312:
2202108122159510009283164:
2202108122159530009281753:
2202108122159540004921380:
2202108122159560002851478:
2202108122159590004921380:
2202108122200010004921466:
2202108122200040009287011:
2202108122200060000431412:
2202108122200070008678354:
2202108122200090000431412:
2202108122200100009287011:
2202108122200121513628688:
2202108122200130008678354:
2202108122200150004970306:
2202108122200161513628688:
2202108122200180004970306:
2202108122200200008678354:
2202108122200210008681883:
2202108122200230004996481:
2202108122200250008508587:
2202108122200270008681883:
2202108122200280006030135:
2202108122200300006018008:
2202108122200320004968394:
2202108122200330009275335:
2202108122200380009307295:
2202108122200400009275335:
2202108122200410001079879:
2202108122200440008492705:
2202108122200460009276908:
2202108122200480008701527:
2202108122200500009326618:
2202108122200520009340483:
2202108122200550007415195:
2202108122200590004970618:
2202108122201030004960160:
2202108122201170004922287:
2202108122201220006019430:
2202108122201230006019428:
2202108122201270004936954:
2202108122201290008506766:
2202108122201300004924346:
2202108122201320008429638:
2202108122201450008497657:
2202108122201480003137754:
2202108122201500008439606:
2202108122201540008515447:
2202108122201560009293911:
2202108122202020009339828:
2202108122203470008709061:
2202108122209240008508441:
2202108122211170008500312:
2202108122211200004968004:
2202108122211300006030130:
2202108122211320004975875:
2202108122211340008517932:
2202108122211360008493366:
2202108122211380004953485:
2202108122211411513637915:
2202108122211440008701083:
2202108122211461513637915:
2202108122211470006040283:
2202108122211490009340824:
2202108122211500004960471:
2202108122211520006040283:
2202108122211540008697836:
2202108122211560004986057:
2202108122212050006033090:
2202108122212130006030142:
2202108122212150004950845:
2202108122213370008496310:
2202108122213430008491998:
2202108122213550009296798:
2202108122213590007414082:
2202108122259450008494656:
2202108122300040009330833:
2202108122300080009236809:
2202108122300190009300544:
2202108122300320008509836:
2202108122300390009346170:
2202108122300420008690941:
2202108122300480007402500:
2202108122301300009232378:
2202108122301330009339812:
2202108122302490009279709:
2202108122304130009248283:
2202108122328480008505663:
2202108122328510006042277:
3202108120209430008677300:
3202108120215290006042277:
3202108120242240008498988:
3202108120055120008677773:
3202108120057300006036318:
3202108120057410009291036:
3202108120057430007421210:
3202108120057450006028797:
3202108120058380003132773:
3202108120058400009273013:
3202108120058420004926955:
3202108120058430008679943:
3202108120058460006019317:
3202108120058490008710216:
3202108120058500009340801:
3202108120058520008710216:
3202108120058540004970901:
3202108120058560008499556:
3202108120058570008498188:
3202108120058590008692032:
3202108120059020009226952:
3202108120059030008698315:
3202108120059060008678678:
3202108120059080009346020:
3202108120059110008497634:
3202108120059330008495468:
3202108120059420008494290:
3202108120059480006039497:
3202108120059520004937222:
3202108120059540008677903:
3202108120059560002851487:
3202108120059580009286996:
3202108120100020009306129:
3202108120100050009326658:
3202108120100070008715839:
3202108120100100008677829:
3202108120100120008696388:
3202108120100150008692290:
3202108120100160006025403:
3202108120100210009234248:
3202108120100230009354582:
3202108120100280004957621:
3202108120100350006039541:
3202108120100380004957621:
3202108120100400008506766:
3202108120100420004966178:
3202108120100520007402205:
3202108120101010006020195:
3202108120101200008503824:
3202108120102060009275492:
3202108120102090007421690:
3202108120102250006026835:
3202108120102270007405149:
3202108120102390008688253:
3202108120102410006016090:
3202108120103340004987237:
3202108120729440008501288:
3202108120733180001099428:
3202108120735200008494010:
3202108120736040004968592:
3202108120737440004968592:
3202108120737470008676957:
3202108120738520008692290:
3202108120739290004928640:
3202108120740180004974322:
3202108120740200008499509:
3202108120742050009234108:
3202108120743220005011308:
3202108120744000006028957:
3202108120744030004937222:
3202108120744050008513325:
3202108120744240004975787:
3202108120744320006030484:
3202108120745030006028953:
3202108120745560008698121:
3202108120746130007407502:
3202108120746540006025823:
3202108120747020008501953:
3202108120747050008494290:
3202108120747150006039016:
3202108120747200002851485:
3202108120747230008716113:
3202108120747370003137991:
3202108120747390004936422:
3202108120747530009231425:
3202108120748000009323446:
3202108120748170003117204:
3202108120748210008707911:
3202108120748250008681103:
3202108120748301513653821:
3202108120748420009349985:
3202108120748500000424545:
3202108120748530005001068:
3202108120749050004927539:
3202108120749090009340813:
3202108120749230008497634:
3202108120749330004927786:
3202108120749430004957621:
3202108120749520009326609:
3202108120749530009300618:
3202108120749550009305547:
3202108120750030004998663:
3202108120750200004929419:
3202108120750220006039497:
3202108120750280008692117:
3202108120750310006039497:
3202108120750480009255827:
3202108120750520009275492:
3202108122250520009275492:
3202108120751050009326650:
3202108120751070008503303:
3202108120751100009306586:
3202108120751120009252962:
3202108120751140009339254:
3202108120751190005001262:
3202108120751210004932608:
3202108120751260009343384:
3202108120751380004936149:
3202108120751430009335560:
3202108120751570008697764:
3202108120752020008502984:
3202108120752060004946812:
3202108120752100009343149:
3202108120752120004932638:
3202108120752160004959868:
3202108120752210004155886:
3202108120752230009346055:
3202108120752310004987237:
3202108120752330009252994:
3202108120752360009234249:
3202108120752460009247521:
3202108120752490006027612:
3202108120752510005008693:
3202108120752530001087543:
3202108120752550008499471:
3202108120752580006030480:
3202108120753070009254169:
3202108120753110008710216:
3202108120753130008711197:
3202108120753160008680900:
3202108120753170008499556:
3202108120753190009254169:
3202108120753210008512375:
3202108120753240006028799:
3202108120753260009322602:
3202108120753280008689944:
3202108120753300009337006:
3202108120753310003137963:
3202108120753330006016091:
3202108120753350006036336:
3202108120753370008504234:
3202108120753440009346367:
3202108120753460004993812:
3202108120753500006018008:
3202108120753530009308083:
3202108120753550004927156:
3202108120753580009226385:
3202108120754000008498188:
3202108120754010009324068:
3202108120754030004986942:
3202108120754050009288958:
3202108120754070009233695:
3202108120754100008495426:
3202108120754120009296645:
3202108120754150004928581:
3202108120754180008714702:
3202108120754190008711249:
3202108120754220006013128:
3202108120754240004179293:
3202108120754250008499706:
3202108120754280004179142:
3202108120754340008691341:
3202108120754350008699992:
3202108120754380004999443:
3202108120754400009336959:
3202108120754430006041875:
3202108120754550006022420:
3202108120755010008500626:
3202108120755060009321321:
3202108120755090009247701:
3202108120755120009339930:
3202108120755140009342035:
3202108120755160006041717:
3202108120755190009306129:
3202108120755210007407499:
3202108120755230006019317:
3202108120755260008710875:
3202108120755270008518736:
3202108120755290009326626:
3202108120755310009324574:
3202108120755340002851443:
3202108120755360004967114:
3202108120755390006023662:
3202108120755400009339802:
3202108120755420009325498:
3202108120755440009331842:
3202108120755450009342954:
3202108120755470009302534:
3202108120755500004937625:
3202108120755520009342978:
3202108120755530004934470:
3202108120755560006023085:
3202108120756000004928425:
3202108120756030008492065:
3202108120756050004926955:
3202108120756070008696388:
3202108120756100008684967:
3202108120756120006020192:
3202108120756140009340470:
3202108120756160008503339:
3202108120756200004967900:
3202108120756270009354391:
3202108120756310003116965:
3202108120756340009342984:
3202108120756360009311280:
3202108120756390003126360:
3202108120756420008678678:
3202108120756440006041721:
3202108120756460008687514:
3202108120756480008518703:
3202108120756510008517323:
3202108120756530008500493:
3202108120757030004948289:
3202108120757050004929641:
3202108120757070006036994:
3202108120757090004163548:
3202108120757120008698315:
3202108120757160009253846:
3202108120757180009327615:
3202108120757200008680280:
3202108120757230000424007:
3202108120757270009324085:
3202108120757290008704360:
3202108120757320009295891:
3202108120757340008679170:
3202108120757370008429633:
3202108120757390009287195:
3202108120757410008500083:
3202108120757430009324572:
3202108120757440008494201:
3202108120757460004952880:
3202108120757470004164864:
3202108120757490008699709:
3202108120757500009252970:
3202108120757520008507829:
3202108120757530008688282:
3202108120757550009342962:
3202108120757560009226797:
3202108120757580008493217:
3202108120758000007402467:
3202108120758010009348603:
3202108120758030006025403:
3202108120758050009326658:
3202108120758060008514795:
3202108120758080009352016:
3202108120758090009339195:
3202108120758100002851487:
3202108120758120008714113:
3202108120758140008514795:
3202108120758150004947373:
3202108120758170004158333:
3202108120758190009346364:
3202108120758220004045200:
3202108120758230009281874:
3202108120758250008495468:
3202108120758260004924511:
3202108120758280004922422:
3202108120758300009325511:
3202108120758320009342940:
3202108120758330009226952:
3202108120758350004962411:
3202108120758360008719239:
3202108120758380004936029:
3202108120758400004970930:
3202108120758410004169060:
3202108120758430000424146:
3202108120758440009346173:
3202108120758460001088074:
3202108120758480009346685:
3202108120758490009354825:
3202108120758520004970901:
3202108120758530004989551:
3202108120758560009342940:
3202108120758580009286996:
3202108120759000015629857:
3202108120759010008711892:
3202108120759030008511222:
3202108120759100008503515:
3202108120759140008503489:
3202108120759200008504091:
3202108120759220008503979:
3202108120759290009226390:
3202108120759310004988966:
3202108120759440004996406:
3202108120759500008708560:
3202108120800230009293228:
3202108120801370004942841:
3202108120801420003132773:
3202108120803040009273013:
3202108120803130006031526:
3202108120804460008506597:
3202108120809080008494092:
3202108120810430004954955:
3202108120834440008504041:
3202108120914310007421210:
3202108121657490007402205:
3202108121700020008518703:
3202108121701100003137963:
3202108121701270008710216:
3202108121701570009232350:
3202108121704150006033902:
3202108121708280004924511:
3202108121759590009326609:
3202108121801110008698795:
3202108121802050009293228:
3202108121802160004927786:
3202108121904050009323446:
3202108121904100008687514:
3202108121904110009339254:
3202108121904130004932638:
3202108121904160003132773:
3202108121904170015629857:
3202108121904190009343593:
3202108121904200007404978:
3202108121904220004936029:
3202108121904240006015460:
3202108121904260009346055:
3202108121904270007421735:
3202108121904300009325511:
3202108121904310000431385:
3202108121904330009322602:
3202108121904350009284157:
3202108121904360006028957:
3202108121904380009286387:
3202108121904400009306129:
3202108121904410006027612:
3202108121904430004989657:
3202108121904450008502189:
3202108121904460004975787:
3202108121904480004932608:
3202108121904500006028957:
3202108121904510008500142:
3202108121904530002851443:
3202108121904550004968592:
3202108121904570008514966:
3202108121904590002851443:
3202108121905020004968592:
3202108121905130008500083:
3202108121905170004968592:
3202108121911220008512375:
3202108121912100008680900:
3202108121912400009339792:
3202108121912420004928640:
3202108121913060004967710:
3202108121913340008494290:
3202108121917270008698121:
3202108121917390009274203:
3202108121922350008503489:
3202108121923440008497634:
3202108121924120009293535:
3202108121958550004970930:
3202108121959390006025403:
3202108122000160009273013:
3202108122000180008518736:
3202108122000200006019317:
3202108122000220009321321:
3202108122000240008692117:
3202108122000260009288958:
3202108122000290009354349:
3202108122000340008680280:
3202108122000360008514795:
3202108122000380009346173:
3202108122000400008699992:
3202108122000420007395592:
3202108122000440004155886:
3202108122000460007395592:
3202108122000480008679943:
3202108122000510009324068:
3202108122000530008691341:
3202108122000550009336959:
3202108122000560009324606:
3202108122000580008693920:
3202108122001000009354825:
3202108122001020009351830:
3202108122001030008716625:
3202108122001070008503515:
3202108122001110000439530:
3202108122001130008681103:
3202108122001140008711892:
3202108122001170009252970:
3202108122001180008711892:
3202108122001200008709488:
3202108122001220009324879:
3202108122001240004942841:
3202108122001260009326626:
3202108122001280000424146:
3202108122001290009233695:
3202108122001320009327615:
3202108122001400009331842:
3202108122001510008493217:
3202108122001530009354581:
3202108122002120006023085:
3202108122002150008685403:
3202108122002160008494427:
3202108122002240008677829:
3202108122002280009306586:
3202108122002380007421690:
3202108122003050008693892:
3202108122003130009354391:
3202108122003290004923617:
3202108122003460004927539:
3202108122003510008507829:
3202108122003590009278862:
3202108122004060004939835:
3202108122005040008499556:
3202108122005070004928425:
3202108122005090008499556:
3202108122005180009340801:
3202108122006030008429633:
3202108122007250009326600:
3202108122008190009346685:
3202108122008200004969304:
3202108122008240005001262:
3202108122009000004946812:
3202108122010430008501953:
3202108122010460006042240:
3202108122010470003117204:
3202108122020060006039497:
3202108122033270001099428:
3202108122103500006039541:
3202108122112460008506597:
3202108122143480008500378:
3202108122143530008676957:
3202108122156500006031526:
3202108122158010009343149:
3202108122158020008688767:
3202108122158040009340813:
3202108122158060009342954:
3202108122158070009324574:
3202108122158090008495972:
3202108122158110009324637:
3202108122158120006022003:
3202108122158150009226952:
3202108122158160008495468:
3202108122158200009234458:
3202108122158230008714113:
3202108122158250009300618:
3202108122158270009352016:
3202108122158280009339802:
3202108122158530009343384:
3202108122159000004970901:
3202108122159030008704360:
3202108122159050009230815:
3202108122159060008501288:
3202108122159100004926955:
3202108122159110006018008:
3202108122159130009326658:
3202108122159150004947373:
3202108122159190009354582:
3202108122159210008715839:
3202108122159230009253742:
3202108122159250008714702:
3202108122159280008692290:
3202108122159300008683912:
3202108122159320002851487:
3202108122159340009351964:
3202108122159360009346367:
3202108122159380008492065:
3202108122159400009246199:
3202108122159420006028953:
3202108122159430008711249:
3202108122159450009348748:
3202108122159480009236868:
3202108122159500005011308:
3202108122159521513653821:
3202108122159540006031524:
3202108122159560009348603:
3202108122159590008492065:
3202108122200030006039016:
3202108122200040008698315:
3202108122200070009243147:
3202108122200080006028451:
3202108122200220008445992:
3202108122200260009247521:
3202108122200280008701103:
3202108122200300003137754:
3202108122200330006024859:
3202108122200350004998663:
3202108122200370008697764:
3202108122200470009343567:
3202108122200490009336990:
3202108122200530009300590:
3202108122200560001077421:
3202108122200580008498188:
3202108122201000004986942:
3202108122201020008503303:
3202108122201050003137991:
3202108122201070008492410:
3202108122201090004998924:
3202108122201140004164864:
3202108122201180004953650:
3202108122201300009286996:
3202108122201320009351758:
3202108122201350009281874:
3202108122201370008677903:
3202108122201390008711197:
3202108122201410004948289:
3202108122201430008513325:
3202108122201440008690203:
3202108122201460009335560:
3202108122201500004927156:
3202108122201520004996406:
3202108122201540004936422:
3202108122201560008684967:
3202108122201590009339930:
3202108122202010006039506:
3202108122202030008500567:
3202108122202190008502984:
3202108122202220002851485:
3202108122202250008504091:
3202108122202290008688282:
3202108122202410009291036:
3202108122202430008500888:
3202108122202520009339211:
3202108122202550008500888:
3202108122203050009339144:
3202108122203080008708560:
3202108122203130004959868:
3202108122203260008503824:
3202108122204320009295891:
3202108122205400006030480:
3202108122206430004999443:
3202108122207070006016090:
3202108122207170008688253:
3202108122226040006036994:
3202108122226460008713928:
3202108122230480007421210:
3202108122237180008494092:
3202108122237220006041103:
3202108122242010006039998:
3202108122242110004922422:
3202108122242140006039998:
3202108122242160004922422:
3202108122251330004975255:
3202108122255460009346364:
3202108122255480006016252:
3202108122256270008677773:
3202108122258040009326438:
3202108122258070008506632:
3202108122258500009344566:
3202108122258550007395601:
3202108122259020009274443:
3202108122259040009339225:
3202108122259080004936149:
3202108122259110009324085:
3202108122300010009322590:
3202108122300030004993812:
3202108122300040009283931:
3202108122300060009308083:
3202108122300080008503339:
3202108122308180004967900:
3202108122313160009348542:
3202108122315440006026835:
3202108122315570004923857:
4202108120302400004931897:
4202108120734201513653075:
4202108120738230004974322:
4202108120738270001077425:
4202108120738340008499509:
4202108120743170009272601:
4202108120743290006015165:
4202108120744500008445656:
4202108120745290009274874:
4202108120746160009231425:
4202108120746290007396382:
4202108120746490009331044:
4202108120746530009346340:
4202108120748150009273291:
4202108120748230008493092:
4202108120749000004933960:
4202108120749090007407499:
4202108120749130008510188:
4202108120749201513631613:
4202108120749270009309524:
4202108120749310008496149:
4202108120749331513631613:
4202108120749360008496149:
4202108120749400009309524:
4202108120749440009339225:
4202108120749520009309524:
4202108120750050008493895:
4202108120750070006021988:
4202108120750090009354581:
4202108120750130009230812:
4202108120750170009305260:
4202108120750210009230812:
4202108120750240009305260:
4202108120750280004969304:
4202108120750310009285513:
4202108120750330009341511:
4202108120750590005001511:
4202108120751210009250787:
4202108120751240009342997:
4202108120751260001087543:
4202108120751310009236820:
4202108120751330008493340:
4202108120752130007398203:
4202108120757140004949474:
4202108120757500006039129:
4202108120759090008519041:
4202108120759130009254000:
4202108120759570009226821:
4202108120803140009226399:
4202108120807570009234240:
4202108120813530009303697:
4202108120833580004921785:
4202108120910430008498988:
4202108121702360008690794:
4202108121703020004978162:
4202108121703070009298206:
4202108121704170008717694:
4202108121705420004179293:
4202108121705550001088074:
4202108121705580006020220:
4202108121706430004967114:
4202108121707221513631101:
4202108121707240008445656:
4202108121707270007402196:
4202108121707281513631101:
4202108121709501513653075:
4202108121710070006027345:
4202108121710101513653075:
4202108121710410009272601:
4202108121714240008499706:
4202108121721550008679170:
4202108121721570001083930:
4202108121758330008499047:
4202108121758400008496149:
4202108121758480008686117:
4202108121800210007407499:
4202108121801440009325535:
4202108121805190009226821:
4202108121904040006041875:
4202108121904060008498021:
4202108121904070009236820:
4202108121904090008712381:
4202108121904100006020195:
4202108121904120008681212:
4202108121904130006021988:
4202108121904150009324118:
4202108121904180009340470:
4202108121904190008710875:
4202108121904210009246202:
4202108121904220007407459:
4202108121904240009321481:
4202108121904250008710875:
4202108121904270008511222:
4202108121904290004991542:
4202108121904320009252994:
4202108121904350009342035:
4202108121904370009354827:
4202108121904380009341511:
4202108121904400009253995:
4202108121904420009346340:
4202108121904440009250787:
4202108121904460009339821:
4202108121904470004957311:
4202108121904500006036336:
4202108121904520009342997:
4202108121904540009296645:
4202108121904560009234240:
4202108121904580008512783:
4202108121904590006020192:
4202108121905020004957311:
4202108121905040004936293:
4202108121905070004975565:
4202108121905300005001511:
4202108121908540008719239:
4202108121909000008495556:
4202108121909240006022158:
4202108121958260004923758:
4202108121958340009309524:
4202108122000000000431430:
4202108122000050009324605:
4202108122000070009341742:
4202108122000100006041088:
4202108122000130004929198:
4202108122000140004926757:
4202108122000180004169060:
4202108122000230009324572:
4202108122000330004163548:
4202108122000390006013128:
4202108122000450009279481:
4202108122000470009272187:
4202108122001250008493895:
4202108122001290007396382:
4202108122001360009234249:
4202108122001400003116965:
4202108122001420009226433:
4202108122001430004926919:
4202108122001450009290271:
4202108122001470003137967:
4202108122001510004962411:
4202108122003040009343592:
4202108122003070009346035:
4202108122100290008494201:
4202108122148050009303697:
4202108122158240009232613:
4202108122158440009254169:
4202108122158480008499509:
4202108122159000008499471:
4202108122159120004989551:
4202108122159160009338161:
4202108122200230007421743:
4202108122200250004972764:
4202108122200260009287614:
4202108122200280008699709:
4202108122200300004953788:
4202108122200320006035802:
4202108122200340008493340:
4202108122200350009287195:
4202108122200540009273291:
4202108122201020009234457:
4202108122201050004929641:
4202108122201080009331044:
4202108122201090009280051:
4202108122201150004989259:
4202108122201250007402467:
4202108122201320009348776:
4202108122201340009305260:
4202108122202190009226797:
4202108122202210008500493:
4202108122202410004933960:
4202108122257490009231425:
4202108122258000004974322:
4202108122336260009226390:
4202108122349340008519041:
5202108120000010008510090:
5202108120000030008702320:
5202108120000050007401654:
5202108120000070007421212:
5202108120000090004989948:
5202108120000110004997608:
5202108120000130008696894:
5202108120000140008690529:
5202108120000170009342959:
5202108120000190006019064:
5202108120000210006036993:
5202108120000240006025445:
5202108120000260008709393:
5202108120000320008505663:
5202108120001180009294273:
5202108120001200009298207:
5202108120001230008495616:
5202108120001260004972420:
5202108120003550008508219:
5202108120004010007398914:
5202108120005240007398914:
5202108120008130009287006:
5202108120009120008497463:
5202108120018040008500113:
5202108120055230009285513:
5202108120055300004949474:
5202108120055430004951145:
5202108120000330004976407:
5202108120059270009253846:
5202108120059290004970901:
5202108120059490008678678:
5202108120110400004948259:
5202108120736470004961787:
5202108120737090004967512:
5202108120738230008698279:
5202108120741070006028292:
5202108120741150007398914:
5202108120742250004973075:
5202108120742330006025812:
5202108120742490006032924:
5202108120742540004994596:
5202108120743110004996677:
5202108120743150004994596:
5202108120743280004996677:
5202108120743390004961715:
5202108120744370004985169:
5202108120744460009234480:
5202108120744490004976717:
5202108120745040006022160:
5202108120745060006025806:
5202108120745420009346707:
5202108120745590008512216:
5202108120746060006025445:
5202108120746110008513950:
5202108120746550004995938:
5202108120746570008499208:
5202108120746591513626317:
5202108120747140008513950:
5202108120747180004968298:
5202108120747210009326612:
5202108120747270004932362:
5202108120748100009234236:
5202108120748240009296798:
5202108120748290004966802:
5202108120749160009346362:
5202108120749310008517932:
5202108120749520004961404:
5202108120750080008500113:
5202108120750220004986057:
5202108120750280007411321:
5202108120751030004922875:
5202108120751340008503171:
5202108120751360009339273:
5202108120751430009346170:
5202108120751480004954090:
5202108120751540004953485:
5202108120752010004960471:
5202108120752130008690529:
5202108120752150008493286:
5202108120752230009305197:
5202108120752250009232651:
5202108120752260004969965:
5202108120752300005000508:
5202108120752320009305457:
5202108120752370008699606:
5202108120752390001108277:
5202108120752410006040283:
5202108120752420008503915:
5202108120752440004967416:
5202108120752450007414082:
5202108120752470009282809:
5202108120752490004993674:
5202108120752510004961093:
5202108120752540007402523:
5202108120752560004927329:
5202108120752590004937357:
5202108120753040006018008:
5202108120753081513645885:
5202108120753100004921536:
5202108120753120009230781:
5202108120753140004950845:
5202108120753150009279709:
5202108120753180009280491:
5202108120753220009339812:
5202108120753240008509901:
5202108120753270004951145:
5202108120753290008510518:
5202108120753310004946517:
5202108120753460008694659:
5202108120753480008510716:
5202108120753510007402500:
5202108120753540008690941:
5202108120754070009252984:
5202108120754090009352009:
5202108120754180009276680:
5202108120754200009321395:
5202108120754210009225507:
5202108120754230009339839:
5202108120754250004989073:
5202108120754270003892332:
5202108120754320006021994:
5202108120754370008501942:
5202108120754390006022852:
5202108120754430004959001:
5202108120754460009254229:
5202108120754480008718216:
5202108120754520008510316:
5202108120754531513409863:
5202108120754550008676811:
5202108120754570004947668:
5202108120754590004972420:
5202108120755020004976805:
5202108120755040009231410:
5202108120755140008687593:
5202108120755160004966178:
5202108120755210008516236:
5202108120755310008515021:
5202108120755330004997873:
5202108120755360004998401:
5202108120755380008510090:
5202108120755400008496310:
5202108120755420009354001:
5202108120755460009298207:
5202108120755590009346376:
5202108120756010009347607:
5202108120756050009323985:
5202108120756090008494656:
5202108120756110004995116:
5202108120756150001083110:
5202108120756160004927998:
5202108120756190008493750:
5202108120756200004994074:
5202108120756220009327416:
5202108120756240004960782:
5202108120756260004998138:
5202108120756270009351308:
5202108120756290009339219:
5202108120756310004180013:
5202108120756330009340820:
5202108120756350009234467:
5202108120756361513637915:
5202108120756450008506912:
5202108120756520007407739:
5202108120756540006033090:
5202108120756570006016275:
5202108120756590008691017:
5202108120757030009348762:
5202108120757060008701083:
5202108120757080008719239:
5202108120757150004984899:
5202108120757160006018006:
5202108120757180008497463:
5202108120757230000439539:
5202108120757250004923454:
5202108120757270008506074:
5202108120757290004995861:
5202108120757310007413810:
5202108120757320009281874:
5202108120757340009226826:
5202108120757350009348542:
5202108120757390004934727:
5202108120757410006039671:
5202108120757420008706878:
5202108120757460008506766:
5202108120757480004950546:
5202108120757490006030142:
5202108120757510009341030:
5202108120757530004951445:
5202108120757560009225481:
5202108120758040008711892:
5202108120758060009253842:
5202108120758090009281928:
5202108120758110009341030:
5202108120758140007407459:
5202108120758160004968004:
5202108120758200007401654:
5202108120758220008679943:
5202108120758260009232378:
5202108120758290009354401:
5202108120758320009241934:
5202108120758340004995665:
5202108120758350009339524:
5202108120758370009243147:
5202108120758390004927750:
5202108120758430004994335:
5202108120758510008713719:
5202108120759060008513365:
5202108120759080009340824:
5202108120759130008709011:
5202108120759150008717926:
5202108120759160004989365:
5202108120759250008515734:
5202108120759270008682585:
5202108120759500009248283:
5202108120800200008492480:
5202108120800220006039506:
5202108120800320008508757:
5202108120800340009310954:
5202108120801070008692560:
5202108120801090008696238:
5202108120801110004969598:
5202108120801190008509948:
5202108120801220009346063:
5202108120801270008493366:
5202108120801290006030482:
5202108120801370009286616:
5202108120801390008703693:
5202108120801430006030130:
5202108120802040004997608:
5202108120802510008508219:
5202108120802550009225494:
5202108120803050007421269:
5202108120804200009226392:
5202108120804330009281814:
5202108120804350007410282:
5202108120805180007413042:
5202108120805220007410385:
5202108120805250002851479:
5202108120806010009300544:
5202108120807550009339803:
5202108120808010009286880:
5202108120816020009287006:
5202108121659060008494010:
5202108121802480004966178:
5202108121904060006023662:
5202108121904090008704200:
5202108121904100006023662:
5202108121904120008678678:
5202108121904140008713719:
5202108121904160009301551:
5202108121904430009342978:
5202108121904490008689944:
5202108121904540009325498:
5202108121904560004969965:
5202108121904580003132773:
5202108121905000000424545:
5202108121905060009252962:
5202108121905230009232651:
5202108121905260007407459:
5202108121905300009281928:
5202108121905430009342035:
5202108121905480009351814:
5202108121905490009346340:
5202108121906000009232651:
5202108121907470004976717:
5202108121918160009253846:
5202108121959440004954090:
5202108122000480009310954:
5202108122000530006018005:
5202108122001240006015163:
5202108122002260008708048:
5202108122005310008510316:
5202108122006180004995665:
5202108122007200009294273:
5202108122008060008693150:
5202108122012070009292038:
5202108122012090009348543:
5202108122013470009226392:
5202108122018010009275624:
5202108122027080008502364:
5202108122035470004931897:
5202108122122250009287006:
5202108122130570006009777:
5202108122158470009326650:
5202108122158490009343149:
5202108122158560009324637:
5202108122159000008714113:
5202108122159020004969598:
5202108122159120008431645:
5202108122159140009253991:
5202108122159190009282114:
5202108122159260009231410:
5202108122159340004928581:
5202108122159390004970901:
5202108122159500008501942:
5202108122159520004930974:
5202108122200000004969357:
5202108122200020006016276:
5202108122200040009286616:
5202108122200060008497935:
5202108122200080009302534:
5202108122200100006016276:
5202108122200130009286616:
5202108122200220006018006:
5202108122200260004969653:
5202108122200270006028757:
5202108122200280009348748:
5202108122200300009281193:
5202108122200320004953182:
5202108122200330004950247:
5202108122200350004948585:
5202108122200360006030482:
5202108122200380009252946:
5202108122200390009311591:
5202108122200410004987731:
5202108122200430009286624:
5202108122200440009311591:
5202108122200460004966490:
5202108122200470009286624:
5202108122200490008513365:
5202108122200510008501795:
5202108122200530009252946:
5202108122200540008513365:
5202108122200560008495365:
5202108122200580004986846:
5202108122201000008495365:
5202108122201040008508290:
5202108122201050008495365:
5202108122201060008692560:
5202108122201080004986846:
5202108122201090004968502:
5202108122201110008495365:
5202108122201120008695905:
5202108122201140004958069:
5202108122201150004996134:
5202108122201170004968502:
5202108122201190008698315:
5202108122201210008495365:
5202108122201270004968502:
5202108122201290008704914:
5202108122201310008495365:
5202108122201350008511510:
5202108122201440003892332:
5202108122201460008509407:
5202108122201550004968502:
5202108122202130006025807:
5202108122202170004968100:
5202108122202210004985960:
5202108122202530008709061:
5202108122203300004954955:
5202108122203410006028292:
5202108122204310006039337:
5202108122206090006022855:
5202108122206110006039969:
5202108122209050004937356:
5202108122210000008510518:
5202108122210030009352009:
5202108122210050004994074:
5202108122210080008494564:
5202108122210260004947668:
5202108122210280006025812:
5202108122210360004959001:
5202108122210410008516236:
5202108122210450008701083:
5202108122210500008500312:
5202108122210530004968004:
5202108122210550006030130:
5202108122210580006040952:
5202108122210590004967416:
5202108122211010004960471:
5202108122211030006033090:
5202108122211050008493366:
5202108122211090004932362:
5202108122211110004967416:
5202108122211130004953485:
5202108122211140009340824:
5202108122211160009323985:
5202108122211170004932362:
5202108122211180004994335:
5202108122211200004986057:
5202108122211210009323985:
5202108122211250004989365:
5202108122211260004985169:
5202108122211290004997608:
5202108122211300004922875:
5202108122211320008503171:
5202108122211360004961715:
5202108122211380006030142:
5202108122211410009354401:
5202108122211430008682585:
5202108122211450004950845:
5202108122211470009348762:
5202108122211500006036875:
5202108122211520004995938:
5202108122211530008718216:
5202108122211550009321395:
5202108122211570008694659:
5202108122212000009225507:
5202108122212020009321395:
5202108122212040004921536:
5202108122212070004927998:
5202108122212090009327416:
5202108122212130009225481:
5202108122212200004947107:
5202108122212240008698279:
5202108122212280004994596:
5202108122212340009305457:
5202108122213000004961093:
5202108122213030008496310:
5202108122213160009226412:
5202108122213190004930090:
5202108122213250009226412:
5202108122213280007414082:
5202108122213300009296798:
5202108122213330009282809:
5202108122213380009233710:
5202108122213390009282809:
5202108122213420009233710:
5202108122214240004937490:
5202108122214280004961787:
5202108122214370009280491:
5202108122214410008680789:
5202108122214540009234480:
5202108122215450004958379:
5202108122216370009346707:
5202108122216560009354001:
5202108122217490009225494:
5202108122217510008709011:
5202108122220250009339803:
5202108122225220006009777:
5202108122259130004974322:
5202108122259150009231425:
5202108122259170006032924:
5202108122259190009300544:
5202108122259340009274443:
5202108122259460008706878:
5202108122300000008509836:
5202108122300020006032924:
5202108122300040009340820:
5202108122300050004960782:
5202108122300070009340820:
5202108122300080008699606:
5202108122300100008513950:
5202108122300120008515021:
5202108122300140008699606:
5202108122300150008515021:
5202108122300170001108277:
5202108122300180007402500:
5202108122300200007413810:
5202108122300220009230781:
5202108122300230004998401:
5202108122300250009339839:
5202108122300270009226440:
5202108122300290009351823:
5202108122300300004997873:
5202108122300320009351308:
5202108122300380004976805:
5202108122300410004967512:
5202108122300490004961404:
5202108122300530009253842:
5202108122300550009339812:
5202108122300570009232378:
5202108122301440009339524:
5202108122301490009232187:
5202108122301520008509901:
5202108122301540004923454:
5202108122302170009279709:
5202108122302190009276680:
5202108122302510009326645:
5202108122303450003126145:
5202108122303470009248283:
6202108120000080007398203:
6202108120000110008493833:
6202108120000140007402498:
6202108120005000009241075:
6202108120006200009324068:
6202108120008240004930793:
6202108120041080009226390:
6202108120055020004949474:
6202108120055220004951145:
6202108120000001513409863:
6202108120000050008517056:
6202108120000070004976407:
6202108120000100009310954:
6202108120000030009309829:
6202108120059010009273013:
6202108120059030003132773:
6202108120059060009279481:
6202108120059080009253846:
6202108120059100004970901:
6202108120059110006019317:
6202108120059200008499556:
6202108120059360008497634:
6202108120059380008698315:
6202108120059410009226952:
6202108120059540009277203:
6202108120100080008494290:
6202108120100120006039497:
6202108120100130004937222:
6202108120100150008701103:
6202108120100250009286996:
6202108120100270008677903:
6202108120100300009326658:
6202108120100450006039541:
6202108120103050008688253:
6202108120103420006032999:
6202108120103460008701274:
6202108120109590009298223:
6202108120110270004948259:
6202108120621120007405149:
6202108120727400009326438:
6202108120728230008501288:
6202108120728260007405149:
6202108120728320006031524:
6202108120736210004946487:
6202108120739440008499509:
6202108120740040008494141:
6202108120740150009287614:
6202108120741400009234108:
6202108120741420004936688:
6202108120741440004936293:
6202108120742210007411542:
6202108120742270005006025:
6202108120742310009241075:
6202108120742390008503824:
6202108120742430004972764:
6202108120742490004927120:
6202108120743150009354344:
6202108120743400004953182:
6202108120744030009281193:
6202108120744060004950247:
6202108120744500004930576:
6202108120745020009339818:
6202108120745080007404952:
6202108120745180004986846:
6202108120745200008495365:
6202108120745510007402498:
6202108120745560008501833:
6202108120746210008500378:
6202108120746280000431430:
6202108120746320008494290:
6202108120746400008512035:
6202108120746440004046800:
6202108120746580009325535:
6202108120747020008683421:
6202108120747050006015163:
6202108120747070007404978:
6202108120747140008693892:
6202108120747170004923758:
6202108120747300004969357:
6202108120747350007404782:
6202108120747460006040360:
6202108120748150004991542:
6202108120748200009230790:
6202108120748370004927539:
6202108120748400009340813:
6202108120748440004962099:
6202108120748470009300413:
6202108120748540008677903:
6202108120749150009236868:
6202108120749200009326609:
6202108120749230008492622:
6202108120749260008681212:
6202108120749310009288870:
6202108120749330009301802:
6202108120749370008497774:
6202108120749410009283931:
6202108120749520004987731:
6202108120749540000424167:
6202108120750140004926757:
6202108120750360008508290:
6202108120750380009339254:
6202108120750400004996134:
6202108120750430009324637:
6202108120750460006039510:
6202108120750470008493676:
6202108120750500007398172:
6202108120750520009226447:
6202108120750540004968194:
6202108120750590004932608:
6202108120751030004974633:
6202108120751280008502735:
6202108120751300008708048:
6202108120751340004936557:
6202108120751370009252994:
6202108120751380004928211:
6202108120751400009351814:
6202108120751420009253995:
6202108120751450009324118:
6202108120751490009234249:
6202108120751520004926919:
6202108120751540008504736:
6202108120751570009338161:
6202108120751590008708048:
6202108120752010009286387:
6202108120752020009272187:
6202108120752040009354581:
6202108120752050006028762:
6202108120752070005001511:
6202108120752100009250787:
6202108120752120004977423:
6202108120752140005008693:
6202108120752180009232613:
6202108120752190008499471:
6202108120752210009342143:
6202108120752250006030480:
6202108120752290008508521:
6202108120752320009234458:
6202108120752350008710216:
6202108120752380009339792:
6202108120752410008499556:
6202108120752430009253739:
6202108120752470008492776:
6202108120752500004969965:
6202108120752520004986647:
6202108120752550004965866:
6202108120752570006027345:
6202108120752580008504234:
6202108120753000008689944:
6202108120753020008716625:
6202108120753040006036336:
6202108120753050008495556:
6202108120753070008712381:
6202108120753080008495556:
6202108120753100009348776:
6202108120753140008445992:
6202108120753160009330829:
6202108120753180009348776:
6202108120753190009276489:
6202108120753210009226385:
6202108120753230006037924:
6202108120753240009288958:
6202108120753260009324068:
6202108120753270001122577:
6202108120753290008501835:
6202108120753300006027609:
6202108120753320009233704:
6202108120753350009296645:
6202108120753370004957311:
6202108120753390008512783:
6202108120753410004957311:
6202108120753430006016252:
6202108120753460006013128:
6202108120753470006028960:
6202108120753490004978162:
6202108120753500006041875:
6202108120753520006036504:
6202108120753530008499706:
6202108120753550008517056:
6202108120753570004179293:
6202108120753590006022158:
6202108120754020006036318:
6202108120754040009284157:
6202108120754050009335539:
6202108120754080008699992:
6202108120754090009336959:
6202108120754110009283323:
6202108120754130004934669:
6202108120754160009292116:
6202108120754180008500142:
6202108120754190009326600:
6202108120754250008506434:
6202108120754280009233697:
6202108120754310008500109:
6202108120754340009247701:
6202108120754350009342035:
6202108120754380004932392:
6202108120754410004987532:
6202108120754440004938938:
6202108120754460008518736:
6202108120754490001087528:
6202108120754500004968716:
6202108120754530008710875:
6202108120754550003892332:
6202108120754570008501942:
6202108120754580008492410:
6202108120755000008709488:
6202108120755030008693920:
6202108120755050006023662:
6202108120755070009234457:
6202108120755080009325498:
6202108120755100009343592:
6202108120755110006036997:
6202108120755130009226812:
6202108120755150000439530:
6202108120755170008510316:
6202108120755180009342978:
6202108120755210009288913:
6202108120755220009324879:
6202108120755230009231410:
6202108120755250009324629:
6202108120755271513409863:
6202108120755280006035802:
6202108120755300008494427:
6202108120755310009278607:
6202108120755330004928389:
6202108120755350004976407:
6202108120755370006020192:
6202108120755390008498021:
6202108120755410009340470:
6202108120755420004971518:
6202108120755440004967900:
6202108120755450001114611:
6202108120755480008501795:
6202108120755500004963091:
6202108120755520008683912:
6202108120755540006028757:
6202108120755550009342984:
6202108120755570009311280:
6202108120755590003116965:
6202108120756010003126360:
6202108120756030008511510:
6202108120756040003137967:
6202108120756070008494613:
6202108120756090006041721:
6202108120756110008695667:
6202108120756140004958069:
6202108120756150009351830:
6202108120756180008717694:
6202108120756190009254908:
6202108120756210008500493:
6202108120756220009278808:
6202108120756240004977027:
6202108120756280008431645:
6202108120756300009298206:
6202108120756310004163548:
6202108120756330004922029:
6202108120756340006036994:
6202108120756360008698315:
6202108120756380006039129:
6202108120756390004929198:
6202108120756410009253846:
6202108120756430008680280:
6202108120756440008502693:
6202108120756460009324085:
6202108120756480008501482:
6202108120756510009324605:
6202108120756530000424007:
6202108120756540008501482:
6202108120756560006025807:
6202108120756570008499867:
6202108120756590005006239:
6202108120757010008679170:
6202108120757030004968100:
6202108120757050009341742:
6202108120757060008680442:
6202108120757080004952880:
6202108120757090004927962:
6202108120757110008500083:
6202108120757120004164864:
6202108120757140004953650:
6202108120757150009254002:
6202108120757170001083930:
6202108120757200007421735:
6202108120757220008507829:
6202108120757231513631101:
6202108120757270001083930:
6202108120757280007421735:
6202108120757301513631101:
6202108120757310004970901:
6202108120757370001088074:
6202108120757380004970901:
6202108120757401513631101:
6202108120757440004922422:
6202108120757460007421735:
6202108120757470009343593:
6202108120757490009346685:
6202108120757520004937088:
6202108120757530009342981:
6202108120757550000431385:
6202108120757560009339821:
6202108120757580004937088:
6202108120758000009354827:
6202108120758020009351768:
6202108120758040008511222:
6202108120758050004169060:
6202108120758070004922560:
6202108120758080009343174:
6202108120758100002851460:
6202108120758120004999184:
6202108120758130009280051:
6202108120758150009226959:
6202108120758160007395627:
6202108120758180009282114:
6202108120758190015629857:
6202108120758210008498971:
6202108120758220006039972:
6202108120758240009283164:
6202108120758260009348543:
6202108120758280009354349:
6202108120758290006039541:
6202108120758310008688253:
6202108120758320004948259:
6202108120758340008503515:
6202108120758350004930793:
6202108120758370009351964:
6202108120758380009285701:
6202108120758400008503515:
6202108120758410007409900:
6202108120758430009230749:
6202108120758450008679943:
6202108120758470009230749:
6202108120758490008504091:
6202108120758520008704914:
6202108120758540008503979:
6202108120758550009346035:
6202108120758570009346033:
6202108120758590004953788:
6202108120759000004988966:
6202108120759020003126147:
6202108120759030008509407:
6202108120759050008677829:
6202108120759070007407459:
6202108120759080006021991:
6202108120759100009348748:
6202108120759110008686117:
6202108120759140008708560:
6202108120759170008500401:
6202108120759190003918790:
6202108120759200009354582:
6202108120759250008513365:
6202108120759260007401166:
6202108120759280009274203:
6202108120759300009232350:
6202108120759380009253742:
6202108120759420009339834:
6202108120759430009293228:
6202108120759450004967710:
6202108120759470009311591:
6202108120759480001077421:
6202108120759490006016276:
6202108120759510008515734:
6202108120759520009226433:
6202108120759540009346020:
6202108120759560008502189:
6202108120800000009352010:
6202108120800030008695905:
6202108120800050003137754:
6202108120800140008500888:
6202108120800160008514966:
6202108120800180009290271:
6202108120800190008701274:
6202108120800210008500889:
6202108120800220006032999:
6202108120800240008708992:
6202108120800260009322590:
6202108120800280006017496:
6202108120800300007395601:
6202108120800320009324606:
6202108120800330004951477:
6202108120800500004998924:
6202108120800550003132773:
6202108120800590004930974:
6202108120801010009246202:
6202108120801030004947993:
6202108120801060004924923:
6202108120801080004947698:
6202108120801100008509836:
6202108120801130008702698:
6202108120801170004968886:
6202108120801190006015460:
6202108120801250004930974:
6202108120801290009321481:
6202108120801370004921905:
6202108120801390008713928:
6202108120801450006036876:
6202108120802080004928604:
6202108120802270009231473:
6202108120803110004923617:
6202108120803220007421269:
6202108120804110008688767:
6202108120804350008701103:
6202108120804420008690203:
6202108120809180009234240:
6202108120810150009247509:
6202108120813480008515578:
6202108120818400005000296:
6202108120819310009298073:
6202108120823200009275624:
6202108120928150009310727:
6202108120943450009279594:
6202108120947310009298223:
6202108121700020004928389:
6202108121700040009253739:
6202108121700570004937089:
6202108121701450008710216:
6202108121702220009232350:
6202108121703540007404782:
6202108121704370008508757:
6202108121707450007407502:
6202108121707470006022420:
6202108121708480004924511:
6202108121710530005006025:
6202108121727580009310727:
6202108121759430006016091:
6202108121759450008708992:
6202108121759470006016091:
6202108121759510004927962:
6202108121759530004952880:
6202108121800210009326609:
6202108121801330008698795:
6202108121802350009234248:
6202108121904030009351768:
6202108121904050001077425:
6202108121904070009324629:
6202108121904090009337903:
6202108121904110009337006:
6202108121904130004934470:
6202108121904150008689944:
6202108121904170000424167:
6202108121904190009255827:
6202108121904210008689944:
6202108121904220009252962:
6202108121904260005008693:
6202108121904280009342978:
6202108121904290005008693:
6202108121904310008689944:
6202108121904330004969965:
6202108121904350000424545:
6202108121904370009325498:
6202108121904390009300413:
6202108121904410004965866:
6202108121904430003126147:
6202108121904440015629857:
6202108121904460009233697:
6202108121904500009346055:
6202108121904520004158333:
6202108121904530006017488:
6202108121904550006015460:
6202108121904560009309829:
6202108121904580009284157:
6202108121905030008502189:
6202108121905050004975787:
6202108121905060006020195:
6202108121905090006028957:
6202108121905100008498021:
6202108121905120009340470:
6202108121905140004989657:
6202108121905150008500142:
6202108121905170008710875:
6202108121905190004932608:
6202108121905210006021988:
6202108121905250009246202:
6202108121905260006041875:
6202108121905280008511222:
6202108121905300009321481:
6202108121905390008500083:
6202108121905430004968592:
6202108121905440009296645:
6202108121905470009250787:
6202108121905490009354827:
6202108121905510006036336:
6202108121905540009354827:
6202108121905560009339821:
6202108121906560009301802:
6202108121908090009288870:
6202108121909310009342984:
6202108121909320008506212:
6202108121912300008680900:
6202108121912360004976407:
6202108121913030004928640:
6202108121914350008494290:
6202108121917210004937222:
6202108121917320004923159:
6202108121917370004987436:
6202108121917450009253846:
6202108121917530008516772:
6202108121955520001089614:
6202108121958080008701274:
6202108121959030009226385:
6202108121959040004929419:
6202108121959060009226385:
6202108121959080004929419:
6202108121959240004970930:
6202108121959260008708048:
6202108121959370009309524:
6202108121959390004923758:
6202108122000080004937088:
6202108122000140006028762:
6202108122000160004951477:
6202108122000260004936557:
6202108122000280008696388:
6202108122000310001122577:
6202108122000320004947993:
6202108122000460006019317:
6202108122000470009254908:
6202108122000490009321321:
6202108122000520008680280:
6202108122000540004977027:
6202108122000560009339834:
6202108122001020008683421:
6202108122001050008699992:
6202108122001060006015163:
6202108122001080004951746:
6202108122001100004155886:
6202108122001130005006239:
6202108122001150009324068:
6202108122001160001087528:
6202108122001190009324606:
6202108122001260008501482:
6202108122001281513409863:
6202108122001330008503515:
6202108122001410008711892:
6202108122001470009354344:
6202108122001570009331842:
6202108122002410008715034:
6202108122002490004968716:
6202108122003000006033720:
6202108122003290009288913:
6202108122003320009276489:
6202108122003370009231473:
6202108122003430009354391:
6202108122003540004923617:
6202108122003590006025806:
6202108122004010004927120:
6202108122004030006022160:
6202108122004050004927539:
6202108122004090004963091:
6202108122004130004933902:
6202108122004170008507829:
6202108122004250007419049:
6202108122005110008510316:
6202108122007130007421269:
6202108122008370009346685:
6202108122008460008506074:
6202108122009040006037924:
6202108122009060009335539:
6202108122009210004986647:
6202108122010130009348543:
6202108122011050008501953:
6202108122011100006042240:
6202108122011110003117204:
6202108122011160009348543:
6202108122013020009230790:
6202108122014420004971518:
6202108122015010009346020:
6202108122017200004938938:
6202108122018480006021994:
6202108122020010009226447:
6202108122020240004922560:
6202108122020370009349952:
6202108122022470004977423:
6202108122024270004930793:
6202108122024320006021991:
6202108122039320006017496:
6202108122103400008498988:
6202108122103590006039541:
6202108122108430008502735:
6202108122110460005000296:
6202108122113030009346063:
6202108122116470008500401:
6202108122123520009247509:
6202108122139000008494092:
6202108122157560009339195:
6202108122158010004937625:
6202108122158100006041721:
6202108122158120008499149:
6202108122158240006028799:
6202108122158260003918790:
6202108122158280008707911:
6202108122158290009342954:
6202108122158310008707911:
6202108122158320008688767:
6202108122158340008431645:
6202108122158350009324574:
6202108122158370006028799:
6202108122158380004969598:
6202108122158410006027609:
6202108122158430004962099:
6202108122159010009231410:
6202108122159090009278607:
6202108122159110006039972:
6202108122159150004953182:
6202108122159200004969357:
6202108122159220008500109:
6202108122159250008501942:
6202108122159270004968100:
6202108122159290004930974:
6202108122159320008494613:
6202108122159350006040360:
6202108122159360007401166:
6202108122159390006025807:
6202108122159450009278808:
6202108122159570008517056:
6202108122200010006028757:
6202108122200020006039130:
6202108122200040009285701:
6202108122200070004987731:
6202108122200080004934669:
6202108122200120008492776:
6202108122200140008515734:
6202108122200160007409900:
6202108122200180009233704:
6202108122200190008492776:
6202108122200210008492480:
6202108122200230004986846:
6202108122200250004921905:
6202108122200260008495365:
6202108122200300008696238:
6202108122200320008692560:
6202108122200340008695905:
6202108122200350008696238:
6202108122200370004922029:
6202108122200380007404952:
6202108122200400009346033:
6202108122200410008506766:
6202108122200420008508290:
6202108122200440004958069:
6202108122200460008498971:
6202108122200470004987532:
6202108122200490002851460:
6202108122200500008506434:
6202108122200540004996134:
6202108122200560004968886:
6202108122200580008501833:
6202108122201060009254207:
6202108122201080008704914:
6202108122201090008501833:
6202108122201110009292116:
6202108122201120008511510:
6202108122201140007411542:
6202108122201160004932392:
6202108122201190009232631:
6202108122201210008509407:
6202108122201220004967806:
6202108122201240009293895:
6202108122201250003892332:
6202108122201270008497774:
6202108122201280008512035:
6202108122201300004928604:
6202108122201310001114611:
6202108122201330004946487:
6202108122201340008512859:
6202108122201360007402512:
6202108122201370009292077:
6202108122201390008513733:
6202108122201420009226812:
6202108122201440009232653:
6202108122201470006039510:
6202108122201480007395627:
6202108122201510004927750:
6202108122201530008493676:
6202108122201550008508521:
6202108122201570009226959:
6202108122202000004968194:
6202108122202020008686680:
6202108122202090004046800:
6202108122202300008500567:
6202108122202450008504091:
6202108122203030008496367:
6202108122203330008708560:
6202108122203350009339144:
6202108122203390008702698:
6202108122204080006039337:
6202108122205420009254002:
6202108122205480004948259:
6202108122205560006030480:
6202108122207420008688253:
6202108122207550006039129:
6202108122208580004954955:
6202108122225410008504041:
6202108122226520006030484:
6202108122227310006019315:
6202108122242430004922422:
6202108122242480006039998:
6202108122256050006016252:
6202108122256380009226402:
6202108122258270006025823:
6202108122258280006032999:
6202108122258300009305547:
6202108122258310008500889:
6202108122258490009230749:
6202108122259230007395601:
6202108122259310008509836:
6202108122300000009324085:
6202108122300040009339225:
6202108122300160004967900:
6202108122300190000424007:
6202108122300200004923699:
6202108122300320009308083:
6202108122300340008503339:
6202108122300360009283931:
6202108122301510004967900:
8202108120302110004931897:
8202108120302140008702698:
8202108120302150006032999:
8202108120302180008701274:
8202108120737580004975255:
8202108120745280008511681:
8202108120750261513631613:
8202108120750310008496149:
8202108120750360009339225:
8202108120750400005008693:
8202108120750440009309524:
8202108120750530004969304:
8202108120751080009341511:
8202108121701010004936413:
8202108121702070004924923:
8202108121704460004988966:
8202108121705200004179293:
8202108121705240001088074:
8202108121705310006020220:
8202108121705500004928211:
8202108121706080008495426:
8202108121706180004967114:
8202108121706360008493092:
8202108121706500001087543:
8202108121706520008445656:
8202108121707250008502693:
8202108121707280006027345:
8202108121707360006015165:
8202108121710321513631613:
8202108121711430008504234:
8202108121721260008679170:
8202108121721280001083930:
8202108121757590006028960:
8202108121758020006036504:
8202108121758040008496149:
8202108121758270008686117:
8202108121800010007407499:
8202108121804590009226821:
8202108121806560003126360:
8202108121807240009283323:
8202108121904040006020192:
8202108121904120009247701:
8202108121904150009351814:
8202108121904180008499867:
8202108121904340005001511:
8202108121904470008680442:
8202108121904510009342143:
8202108121907110006022158:
8202108121908320008719239:
8202108121908340008495556:
8202108121915140008510188:
8202108121923290009254000:
8202108121923330009274874:
8202108121952110004179142:
8202108122000000004169060:
8202108122000020009324572:
8202108122000040004163548:
8202108122000070006013128:
8202108122000180009272187:
8202108122000220009279481:
8202108122001020008716113:
8202108122001040009234249:
8202108122001060008493895:
8202108122001080007396382:
8202108122001100009226433:
8202108122001120008511681:
8202108122001140004926919:
8202108122001170003137967:
8202108122001190009290271:
8202108122001240004962411:
8202108122001500004936688:
8202108122002210009343592:
8202108122002270006041717:
8202108122002320008504736:
8202108122003050008716113:
8202108122003210009352010:
8202108122003230005001068:
8202108122003260009342940:
8202108122017390004931010:
8202108122048390008503979:
8202108122100110008494201:
8202108122147540009343432:
8202108122148060009226399:
8202108122158110009232613:
8202108122158140009254169:
8202108122158290009343174:
8202108122158310009339818:
8202108122158350008499471:
8202108122158490004989551:
8202108122159530004045200:
8202108122159571513626317:
8202108122159590009342962:
8202108122200020006035802:
8202108122200030009330829:
8202108122200050008493340:
8202108122200110009287195:
8202108122200230009273291:
8202108122200420009280051:
8202108122200490004999184:
8202108122200550008500626:
8202108122201010007402467:
8202108122201020009305260:
8202108122201040004985960:
8202108122201060009348776:
8202108122201110006036997:
8202108122201370009226797:
8202108122201540008500493:
8202108122207240009342981:
8202108122247490004975255:
8202108122256410008494141:
8202108122259050008501835:
8202108122259060008506912:
