2202109150727140009307295:
2202109150728160009326438:
2202109150731190008677773:
2202109150731430007398914:
2202109150731460008495037:
2202109150731580004965716:
2202109150733540004933649:
2202109150734350008497657:
2202109150736340006026835:
2202109150742410006021875:
2202109150742450004924346:
2202109150742480009343364:
2202109150743070006031526:
2202109150743160008497276:
2202109150743310009254926:
2202109150744240004941773:
2202109150744540004970618:
2202109150745360006036321:
2202109150746060009283296:
2202109150746080009326618:
2202109150746370004922287:
2202109150746400004996923:
2202109150746430008494564:
2202109150746460004990690:
2202109150746470004986846:
2202109150748000001079879:
2202109150748120008713215:
2202109150748210004975255:
2202109150748290009326645:
2202109150748500004972767:
2202109150748550008680789:
2202109150749020006041088:
2202109150749191513646659:
2202109150749210004968716:
2202109150749230004960782:
2202109150749310009297569:
2202109150749350004995116:
2202109150749410005254716:
2202109150749490006014349:
2202109150749550006025806:
2202109150749580006022160:
2202109150750020009275624:
2202109150750100004966438:
2202109150750140009252946:
2202109150750350004947963:
2202109150750400004967967:
2202109150750480009314286:
2202109150750520004948585:
2202109150750550004966761:
2202109150750570004980727:
2202109150751010009314286:
2202109150751200004967967:
2202109150751230004954090:
2202109150751261513628688:
2202109150751280008709061:
2202109150751300006030135:
2202109150751320004968555:
2202109150751340009226447:
2202109150751430004975875:
2202109150751450008681883:
2202109150751490004928581:
2202109150751520008495972:
2202109150752010008503198:
2202109150752050008716113:
2202109150752070008706494:
2202109150752090008680442:
2202109150752120004928175:
2202109150752270004966750:
2202109150752360008505663:
2202109150752390009234089:
2202109150752410004967416:
2202109150752570009340483:
2202109150753000009282101:
2202109150753120009286624:
2202109150753140006022439:
2202109150753190009287011:
2202109150753240008506912:
2202109150753260007421210:
2202109150753350004928389:
2202109150753380009276908:
2202109150753400004924676:
2202109150753440008678354:
2202109150753460007421690:
2202109150753490005012521:
2202109150753520007413810:
2202109150753590008512859:
2202109150754010007402512:
2202109150754050004966802:
2202109150754070008496310:
2202109150754140004954665:
2202109150754260009279728:
2202109150754300008698044:
2202109150754320000431412:
2202109150754350008429638:
2202109150754370009233710:
2202109150754390009243147:
2202109150754430004963659:
2202109150754470009281193:
2202109150754490000431412:
2202109150754500004950247:
2202109150754520006021994:
2202109150755000008709369:
2202109150755020009253997:
2202109150755050006016275:
2202109150755140004936954:
2202109150755160004969090:
2202109150755180008694944:
2202109150755200009226826:
2202109150755220008512059:
2202109150755240006029988:
2202109150755260006042240:
2202109150755290008511510:
2202109150755310009302534:
2202109150755330009341030:
2202109150755340009294273:
2202109150755370008701083:
2202109150755410007414082:
2202109150755450006036875:
2202109150755470009297664:
2202109150755490008690794:
2202109150755520006030142:
2202109150755560008492705:
2202109150755570005009032:
2202109150756000008701527:
2202109150756020005254538:
2202109150756050009246193:
2202109150756070004966378:
2202109150756090004967806:
2202109150756110008506212:
2202109150756130004949598:
2202109150756140004976407:
2202109150756170008501942:
2202109150756190009346707:
2202109150756230007395592:
2202109150756260004933902:
2202109150756280009226393:
2202109150756290008502693:
2202109150756330002851478:
2202109150756340004977423:
2202109150756370006019430:
2202109150756390006039506:
2202109150756410004939835:
2202109150756430005006025:
2202109150756450009346038:
2202109150756470007421269:
2202109150756500009313676:
2202109150756520004921669:
2202109150756540004968004:
2202109150756560005258487:
2202109150756580004992439:
2202109150756590009275335:
2202109150757010009253846:
2202109150757020002851465:
2202109150757040004940674:
2202109150757050009252984:
2202109150757070007402482:
2202109150757090008498971:
2202109150757100009321334:
2202109150757120008698795:
2202109150757140004929016:
2202109150757160004937625:
2202109150757190005254710:
2202109150757210004985960:
2202109150757220004966178:
2202109150757240009340824:
2202109150757310004949177:
2202109150757330004946782:
2202109150757360009300596:
2202109150757440009311703:
2202109150757480007407459:
2202109150757500005254540:
2202109150757520006751664:
2202109150757530008506907:
2202109150757550004968886:
2202109150757560004927029:
2202109150757580009289101:
2202109150758000007419049:
2202109150758010004931193:
2202109150758030003137754:
2202109150758050004921380:
2202109150758070004970306:
2202109150758080004921380:
2202109150758100004970306:
2202109150758120008439606:
2202109150758140004967002:
2202109150758160009293911:
2202109150758180009285701:
2202109150758200009290365:
2202109150758220008495468:
2202109150758240009226952:
2202109150758270004958379:
2202109150758280006015460:
2202109150758300007415195:
2202109150758310009351823:
2202109150758330009339828:
2202109150758350004968502:
2202109150758380008492480:
2202109150758400008707832:
2202109150758420004991554:
2202109150758440005006768:
2202109150758450009276489:
2202109150758480009254002:
2202109150758500008424093:
2202109150758521513643510:
2202109150758540008690203:
2202109150758570006029990:
2202109150759000006036993:
2202109150759010008506797:
2202109150759040009232653:
2202109150759080008708992:
2202109150759140008696388:
2202109150759160005270178:
2202109150759190004931701:
2202109150759210006022003:
2202109150759240008686663:
2202109150759260008513365:
2202109150759270004960160:
2202109150759290006039497:
2202109150759300009309829:
2202109150759330008510090:
2202109150759350009298207:
2202109150759370006028451:
2202109150759380009330833:
2202109150759410009339524:
2202109150759440009290271:
2202109150759470004941508:
2202109150759490009344566:
2202109150759520006033720:
2202109150759560009279481:
2202109150800010004947107:
2202109150800030009325511:
2202109150800050004931897:
2202109150800060008701274:
2202109150800080009339144:
2202109150800100004968394:
2202109150800120009325511:
2202109150800130006016090:
2202109150800150006019428:
2202109150800160004928366:
2202109150800180004928604:
2202109150800190006017488:
2202109150800210008494964:
2202109150800230004930090:
2202109150800250007422489:
2202109150800270006041715:
2202109150800300009253991:
2202109150800310008494333:
2202109150800330008495616:
2202109150800350008701103:
2202109150800370009301551:
2202109150800390006020195:
2202109150800410009301551:
2202109150800470006021991:
2202109150800500004923617:
2202109150800520008499149:
2202109150800530009232631:
2202109150800570008695905:
2202109150801000004947698:
2202109150801030004947993:
2202109150801060005254714:
2202109150801080008500889:
2202109150801110007402467:
2202109150801130009278862:
2202109150801160009313530:
2202109150801170008500312:
2202109150801190004994575:
2202109150801220006031525:
2202109150801270008500888:
2202109150801300009346063:
2202109150801400009290264:
2202109150801520007409900:
2202109150802100006033902:
2202109150802120004962723:
2202109150802160008692560:
2202109150802180004973700:
2202109150802200008696238:
2202109150802230009322682:
2202109150802450004930974:
2202109150802520009346020:
2202109150802550004997608:
2202109150803090006039337:
2202109150803150008708560:
2202109150803180004951477:
2202109150803240009339824:
2202109150803270009303525:
2202109150803340009226392:
2202109150803370006042873:
2202109150803420008508587:
2202109150803520006042277:
2202109150803570009336990:
2202109150804090008709011:
2202109150804190009298223:
2202109150804260004999262:
2202109150804300009288638:
2202109150804330008509836:
2202109150804340007410282:
2202109150804380004948851:
2202109150804460009321319:
2202109150804490008498988:
2202109150805060008719239:
2202109150805070007402196:
2202109150805130004986647:
2202109150805230006026834:
2202109150805300006022855:
2202109150806110004940114:
2202109150806140004953953:
2202109150806230009226412:
2202109150806340006036505:
2202109150806370008712416:
2202109150806390008493833:
2202109150807530009292077:
2202109150808190008426248:
2202109150808230004967312:
2202109150808350004985430:
2202109150808490009234240:
2202109150808550004967606:
2202109150809550006027540:
2202109150810200008502364:
2202109150810240008677300:
2202109150810260008510378:
2202109150812400006019315:
2202109150812430008494092:
2202109150813030008506632:
2202109150821450009300590:
2202109150822250009254000:
2202109150845280009293535:
2202109150908260009290471:
2202109150934180009310727:
2202109151704290009309829:
2202109151704450004968716:
2202109151705380005254540:
2202109151705540009253846:
2202109151706040009302534:
2202109151706060009253846:
2202109151710060007421690:
2202109151718420008510378:
2202109151723210006030135:
2202109151723300009297664:
2202109151723350008492705:
2202109151724010009275335:
2202109151724120004970618:
2202109151724160009275335:
2202109151726051513628688:
2202109151728430004922287:
2202109151729300006019430:
2202109151729340009287011:
2202109151729380008508587:
2202109151729420009314286:
2202109151729460004970306:
2202109151729480008506907:
2202109151729490006019428:
2202109151729520004936954:
2202109151729540004992439:
2202109151729560004967967:
2202109151729570002851478:
2202109151729590004968394:
2202109151730010000431412:
2202109151730040008709369:
2202109151730070008701527:
2202109151730090004972767:
2202109151730110009326618:
2202109151730130000431412:
2202109151730150001079879:
2202109151730180008429638:
2202109151730200008678354:
2202109151730210004924346:
2202109151730220008429638:
2202109151730340009307295:
2202109151730370004965716:
2202109151731500004960160:
2202109151800060008497276:
2202109151801280004965814:
2202109151801460009321334:
2202109151801500001083110:
2202109151802260006016275:
2202109151809490004931478:
2202109151816250004985430:
2202109151831550006042277:
2202109151845401513646659:
2202109151850400008712416:
2202109151900130001077421:
2202109151900160004996481:
2202109151900570006026834:
2202109151901090009283296:
2202109151901240008681883:
2202109151901330005263713:
2202109151901370006029990:
2202109151901400004921669:
2202109151901430007402482:
2202109151901560007415195:
2202109151902000004991554:
2202109151902050006039130:
2202109151902070004958690:
2202109151902270009236810:
2202109151902490009311703:
2202109151902520009286624:
2202109151902580009283164:
2202109151903000009276908:
2202109151903120009297569:
2202109151903160005254538:
2202109151905580009246193:
2202109151906300008426248:
2202109151906340009246193:
2202109151906370004962723:
2202109151906390004948851:
2202109151906430009321319:
2202109151906460009286624:
2202109151906480009226392:
2202109151907280007422489:
2202109151908040004941773:
2202109151916260004963659:
2202109151922500004966802:
2202109151923000009346063:
2202109151959400006018008:
2202109152000030008717268:
2202109152000060008711445:
2202109152000080008714113:
2202109152000120005248596:
2202109152000180006039541:
2202109152002000004977027:
2202109152004270008709061:
2202109152008050009247509:
2202109152008140006036321:
2202109152013060004991241:
2202109152013130004948259:
2202109152014170004928581:
2202109152023480004947698:
2202109152029410008500312:
2202109152101030004980727:
2202109152121300005254714:
2202109152210420009300590:
2202109152210440004922422:
2202109152228310009326612:
2202109152259430009323985:
2202109152259460006025445:
2202109152300010004969726:
2202109152300040009346170:
2202109152300060009351823:
2202109152300070004969726:
2202109152300090006032924:
2202109152300100004958379:
2202109152300120005254709:
2202109152300130004930090:
2202109152300160009233710:
2202109152300180004973700:
2202109152300220008494564:
2202109152300230009352009:
2202109152300270009226412:
2202109152300290004923605:
2202109152300330004959001:
2202109152300370004969090:
2202109152300390009330833:
2202109152300410004994074:
2202109152300430004975166:
2202109152300490009226412:
2202109152300530009282809:
2202109152300540009348762:
2202109152300560007402500:
2202109152300580004961715:
2202109152301000006030142:
2202109152301010004998401:
2202109152301040009230781:
2202109152301060008512216:
2202109152301090004981583:
2202109152301110008718216:
2202109152301140006037287:
2202109152301220004932362:
2202109152301280004924019:
2202109152301380009351308:
2202109152301480009305457:
2202109152301510005266100:
2202109152303220004968004:
2202109152303240004940674:
2202109152319410008497463:
2202109152341050004961221:
3202109150724370008501288:
3202109150729430006031524:
3202109150736220008494010:
3202109150737500004991528:
3202109150739460001099428:
3202109150741220004959868:
3202109150742220006036318:
3202109150742270004930821:
3202109150744110005001068:
3202109150744360005254707:
3202109150745230000431430:
3202109150745280005248596:
3202109150745350006028957:
3202109150745400004975787:
3202109150745450008503303:
3202109150745590002851485:
3202109150746250009301802:
3202109150746390004936688:
3202109150746540004928640:
3202109150747000008513325:
3202109150747050009351758:
3202109150747090006039016:
3202109150747120004937222:
3202109150747190008512375:
3202109150747310006028953:
3202109150747360004972456:
3202109150747400009234458:
3202109150747440008497634:
3202109150747470003117204:
3202109150748310004994835:
3202109150748410008498021:
3202109150748440008687514:
3202109150748560005254537:
3202109150749000008676957:
3202109150749030006039998:
3202109150749080008692117:
3202109150749120004968592:
3202109150749210009275492:
3202109150749230005011308:
3202109150749300008680900:
3202109150749410004996406:
3202109150749490008708003:
3202109150749590004933136:
3202109150750030008711197:
3202109150750050009326609:
3202109150750110004969304:
3202109150750160004155886:
3202109150750210005008358:
3202109150750250004981013:
3202109150750290004989657:
3202109150750330004969682:
3202109150750380009335560:
3202109150750430009226391:
3202109150750450009306586:
3202109150750480009325535:
3202109150750520009283931:
3202109150750580004942841:
3202109150751000008697764:
3202109150751040009295891:
3202109150751190009323446:
3202109150751200008503489:
3202109150751230004974633:
3202109150751250004992155:
3202109150751280004998074:
3202109150751440008502984:
3202109150751480009339818:
3202109150751510004970930:
3202109150751560009247521:
3202109150752140009324637:
3202109150752230005254534:
3202109150752280008689944:
3202109150752370005004742:
3202109150752410008713928:
3202109150752440008712381:
3202109150752460009343149:
3202109150752490006018008:
3202109150752520005254541:
3202109150752550004968679:
3202109150752580009300618:
3202109150753000004993595:
3202109150753030008494290:
3202109150753050006025823:
3202109150753070009305547:
3202109150753100009343593:
3202109150753160009343384:
3202109150753230004999443:
3202109150753300004998924:
3202109150753400004935638:
3202109150753430008501953:
3202109150753580004926955:
3202109150754020009322602:
3202109150754060008716625:
3202109150754100008685403:
3202109150754120006041721:
3202109150754140003137967:
3202109150754170005270179:
3202109150754180009324068:
3202109150754220009354581:
3202109150754250005248598:
3202109150754270009234248:
3202109150754300004935794:
3202109150754330008499165:
3202109150754350008514795:
3202109150754380004973922:
3202109150754400009326626:
3202109150754430009306129:
3202109150754460005004322:
3202109150754490004948881:
3202109150755000009273013:
3202109150755030003137991:
3202109150755100007418333:
3202109150755210004928798:
3202109150755280008680280:
3202109150755310009287195:
3202109150755340008503339:
3202109150755370009272418:
3202109150755400004961532:
3202109150755530008691341:
3202109150755580009321321:
3202109150756010004986942:
3202109150756040008516420:
3202109150756050004935446:
3202109150756070008506766:
3202109150756090006023085:
3202109150756110009280051:
3202109150756120009339802:
3202109150756140006039541:
3202109150756160008506766:
3202109150756170008692032:
3202109150756190008492549:
3202109150756210009284157:
3202109150756220006030480:
3202109150756270008517323:
3202109150756300004989794:
3202109150756380008703693:
3202109150756400004927539:
3202109150756430008498188:
3202109150756500009339930:
3202109150756560009348776:
3202109150757000008429633:
3202109150757100008714702:
3202109150757140009233697:
3202109150757170009327615:
3202109150757190004923548:
3202109150757280004957759:
3202109150757350008699992:
3202109150757380004948289:
3202109150757400005258486:
3202109150757420004929641:
3202109150757440008677829:
3202109150757530009342978:
3202109150758010008686117:
3202109150758070004940881:
3202109150758110001077421:
3202109150758160008714113:
3202109150758170009308083:
3202109150758200009339195:
3202109150758260008679943:
3202109150758320004990953:
3202109150758360004998924:
3202109150758390008711249:
3202109150758410008698795:
3202109150758430009252970:
3202109150758460004967710:
3202109150758500004957621:
3202109150758530008493217:
3202109150758550009348603:
3202109150758580009286996:
3202109150759000009354391:
3202109150759210008518736:
3202109150759240005248597:
3202109150759350004936149:
3202109150759470009226952:
3202109150759500008495468:
3202109150800040004994053:
3202109150800140004164864:
3202109150800400009233695:
3202109150801050003126147:
3202109150801090004998055:
3202109150801340008506597:
3202109150801410002851487:
3202109150802260007402467:
3202109150802290004934470:
3202109150802370004922422:
3202109150803150008698121:
3202109150803310009277203:
3202109150804120008708560:
3202109150804190008500378:
3202109150805100004936413:
3202109150846430006022420:
3202109151659390009331842:
3202109151700020008516420:
3202109151700040009348748:
3202109151700070009306129:
3202109151700100004155886:
3202109151700360005254537:
3202109151700390008692117:
3202109151700430008697063:
3202109151700480008691341:
3202109151700500008684967:
3202109151700530009234248:
3202109151700560009323446:
3202109151700580008515502:
3202109151700590009324637:
3202109151701070006030480:
3202109151701100009327615:
3202109151701150009326609:
3202109151701170004989794:
3202109151701190009324879:
3202109151701230004942040:
3202109151701260009300618:
3202109151701290004923548:
3202109151701340008429633:
3202109151701360004942040:
3202109151701390006041721:
3202109151701410004929235:
3202109151701460004935446:
3202109151701480008518736:
3202109151701500005248597:
3202109151701580006033902:
3202109151702020004973922:
3202109151702150009339802:
3202109151702200005254534:
3202109151702230004986942:
3202109151702240008681212:
3202109151702260008711249:
3202109151702280003137967:
3202109151702300008514966:
3202109151702330004994053:
3202109151702360008715839:
3202109151702380006022003:
3202109151702400009342940:
3202109151702450007395592:
3202109151702550005001068:
3202109151703080009309829:
3202109151703110008494290:
3202109151703180004933136:
3202109151703210009325535:
3202109151703230004993595:
3202109151703280008701103:
3202109151703340004966378:
3202109151703360004972456:
3202109151703400008492410:
3202109151703440004966378:
3202109151704000008499047:
3202109151704050005004742:
3202109151704090009226952:
3202109151704390008495468:
3202109151704510008492549:
3202109151705000009290264:
3202109151705030008497634:
3202109151708490009308083:
3202109151708520005263716:
3202109151735030009309504:
3202109151800040005254932:
3202109151800090009279481:
3202109151800180005254932:
3202109151800210009279481:
3202109151800420005254932:
3202109151800460009279481:
3202109151800570009233695:
3202109151802130005248599:
3202109151803250004999262:
3202109151803580004937625:
3202109151804360004158333:
3202109151808110005254715:
3202109151818060008503489:
3202109151818420002851485:
3202109151833240008698121:
3202109151900200009272418:
3202109151900210008711892:
3202109151900310008716625:
3202109151900350008680280:
3202109151900520007398172:
3202109151900540004937222:
3202109151901020008680900:
3202109151901070008506766:
3202109151901140009295891:
3202109151901350004999443:
3202109151901450004967710:
3202109151902040009243147:
3202109151902120008499165:
3202109151902150008514795:
3202109151902220007402467:
3202109151902250006039506:
3202109151902270007402467:
3202109151902300004931701:
3202109151902340004966178:
3202109151902380009301802:
3202109151902470004998074:
3202109151902500004969682:
3202109151902550005258486:
3202109151903050004934470:
3202109151903160000439530:
3202109151903190004968679:
3202109151903390009342962:
3202109151903460004996406:
3202109151903480006024859:
3202109151904210008701274:
3202109151904310004931897:
3202109151904330008702698:
3202109151904370004992155:
3202109151905190009325511:
3202109151905380003137754:
3202109151905420009287195:
3202109151906260008693892:
3202109151906280008687514:
3202109151906420009277203:
3202109151906470001099428:
3202109151906540004940881:
3202109151906590008680442:
3202109151907030008679943:
3202109151907150008708048:
3202109151907180008501288:
3202109151907340008692032:
3202109151907370008499556:
3202109151907410008714702:
3202109151907430005254933:
3202109151907530009273013:
3202109151908290008698795:
3202109151908300008498188:
3202109151908340006028451:
3202109151908400004957759:
3202109151909120009321321:
3202109151909240004928640:
3202109151910310005248598:
3202109151911320009326626:
3202109151911410004948881:
3202109151912350009280051:
3202109151912520000424167:
3202109151930420004975255:
3202109151942480009254000:
3202109151942500009293535:
3202109151942530009274874:
3202109151957070007411174:
3202109151958390008714113:
3202109151959260006039541:
3202109151959280008709488:
3202109151959310004998924:
3202109151959380008697764:
3202109151959440007418333:
3202109152000010002851487:
3202109152000020008500889:
3202109152000040005248600:
3202109152000060009326658:
3202109152000080008712381:
3202109152000100009346367:
3202109152000110000424146:
3202109152000130009343174:
3202109152000150008686117:
3202109152000160009236868:
3202109152000190004967606:
3202109152000200005270179:
3202109152000220009354582:
3202109152000230004990690:
3202109152000250004994835:
3202109152000280008492065:
3202109152000300004973078:
3202109152000320006039497:
3202109152000330004937930:
3202109152000350004935794:
3202109152000380004998055:
3202109152000400004927539:
3202109152000420008677829:
3202109152000440003137991:
3202109152000460009335560:
3202109152000480005263714:
3202109152000520008713928:
3202109152000550009322602:
3202109152001000004926955:
3202109152001020009339254:
3202109152001050009275492:
3202109152001070006020195:
3202109152001100009233697:
3202109152001140005263714:
3202109152001190008698315:
3202109152001260009230749:
3202109152001300006021991:
3202109152001330008445992:
3202109152001530004923617:
3202109152002110008504091:
3202109152003050009234240:
3202109152003070006015460:
3202109152003100004961532:
3202109152003110006023662:
3202109152003250005012741:
3202109152003310008708560:
3202109152003340009336990:
3202109152004120008501953:
3202109152004260003117204:
3202109152004280006042240:
3202109152004300009351758:
3202109152005160008493217:
3202109152005370008498021:
3202109152006050009286996:
3202109152006080004956198:
3202109152006170008677903:
3202109152007440005266098:
3202109152009230008677773:
3202109152009260006026835:
3202109152009280005266101:
3202109152009320005254541:
3202109152010180004936149:
3202109152011120004957621:
3202109152023580008508441:
3202109152024430008677300:
3202109152024460006036318:
3202109152057420006028953:
3202109152103110009343149:
3202109152106300004959868:
3202109152108200008711197:
3202109152143340009348542:
3202109152159520008502984:
3202109152159540006025823:
3202109152200010008503303:
3202109152200020009354581:
3202109152200040009348603:
3202109152200060008494201:
3202109152200080006039016:
3202109152200100009284157:
3202109152200130008503339:
3202109152200160005248601:
3202109152200180009283931:
3202109152200210009252970:
3202109152200220009322590:
3202109152200250004923699:
3202109152200260008517323:
3202109152200290004965754:
3202109152200300006023085:
3202109152200320009247521:
3202109152200340004931925:
3202109152200370004965754:
3202109152200390008699992:
3202109152200420008693920:
3202109152200440004991528:
3202109152200460008699709:
3202109152200490009326438:
3202109152200500008690203:
3202109152200520006031524:
3202109152200540008494427:
3202109152200550008512375:
3202109152200580009351830:
3202109152200590008493340:
3202109152201020009348776:
3202109152201060004968208:
3202109152201070004948289:
3202109152201090004929641:
3202109152201480008506597:
3202109152202180009339144:
3202109152202590008513325:
3202109152203200004967900:
3202109152203390008708003:
3202109152209570009234108:
3202109152239520006019315:
4202109150004070004179142:
4202109150733580004996470:
4202109150737150009234486:
4202109150737531513653075:
4202109150740070009272601:
4202109150741530009285513:
4202109150745010004923758:
4202109150747200007398203:
4202109150747450009321481:
4202109150748120006022158:
4202109150748180008514966:
4202109150748540002851443:
4202109150748580008690224:
4202109150749110009339792:
4202109150749280004967114:
4202109150749380000424545:
4202109150749570006015165:
4202109150749590008679170:
4202109150750000009352010:
4202109150750020008500083:
4202109150750040009324572:
4202109150750430004928211:
4202109150751030008717694:
4202109150751050008496149:
4202109150751070005001511:
4202109150751090001087543:
4202109150751110009327620:
4202109150751490007402498:
4202109150751520000424167:
4202109150751561513631613:
4202109150752190004958669:
4202109150752210004929198:
4202109150752310009346340:
4202109150752330008504234:
4202109150752360008493340:
4202109150752370008695597:
4202109150752400009339225:
4202109150752470008445656:
4202109150752490004993812:
4202109150752510004932608:
4202109150752520004946812:
4202109150752540006036994:
4202109150752580006039129:
4202109150753070008677903:
4202109150753180009305260:
4202109150753240004967900:
4202109150753270009247696:
4202109150753300009331044:
4202109150753350009338161:
4202109150753380007407499:
4202109150753430004929419:
4202109150753480004989259:
4202109150753510004927939:
4202109150753530006030145:
4202109150753550009272187:
4202109150753570008493895:
4202109150753580008710875:
4202109150754070009327564:
4202109150754090002854367:
4202109150754200004978162:
4202109150754240004927962:
4202109150754280006016091:
4202109150754320009230812:
4202109150754350009324118:
4202109150754360009253995:
4202109150754380006027612:
4202109150754400004926919:
4202109150754410004974544:
4202109150754450005008693:
4202109150754470004962411:
4202109150754490006028799:
4202109150755010004996716:
4202109150755080004927575:
4202109150755110006035802:
4202109150755130008494427:
4202109150755150007395601:
4202109150755200009342984:
4202109150755220003126360:
4202109150755240004974233:
4202109150755260009342997:
4202109150755280009234249:
4202109150755300009311280:
4202109150755330006036336:
4202109150755340009342143:
4202109150755430008499471:
4202109150755470009283323:
4202109150755530009252994:
4202109150755540009341511:
4202109150756060004963073:
4202109150756080004923699:
4202109150756110003916932:
4202109150756130009349952:
4202109150756160004988917:
4202109150756220009346055:
4202109150756320004957311:
4202109150756340004990375:
4202109150756350004931038:
4202109150756370008499047:
4202109150756380004941228:
4202109150756400009247701:
4202109150756490009226817:
4202109150756510007421253:
4202109150757120008495556:
4202109150757180004924511:
4202109150757200009324085:
4202109150757220009341742:
4202109150757240008511222:
4202109150757350009226797:
4202109150757400008500142:
4202109150757440009231455:
4202109150757500004990085:
4202109150757540008512783:
4202109150757570009309524:
4202109150758010008501835:
4202109150758040004169060:
4202109150758060006027345:
4202109150758080009226821:
4202109150758100006021988:
4202109150758110009346685:
4202109150758130000431385:
4202109150758290004948259:
4202109150758340009234108:
4202109150758360004948259:
4202109150758380009324605:
4202109150758400008699709:
4202109150758420004988966:
4202109150758440008499706:
4202109150758470009354827:
4202109150758500009253739:
4202109150758580009342981:
4202109150759000005254710:
4202109150759050004936058:
4202109150759110009346035:
4202109150759120007401131:
4202109150759150009339817:
4202109150759270004179142:
4202109150759290009339817:
4202109150759440009226433:
4202109150800030004952880:
4202109150800310009292038:
4202109150800350009333812:
4202109150800370009246202:
4202109150801120008519041:
4202109150801210005270180:
4202109150801250008503089:
4202109150801290005270180:
4202109150801440004964566:
4202109150801560004938474:
4202109150802540007411174:
4202109150803120004933960:
4202109150803180009234108:
4202109150805130004975565:
4202109150839070004921785:
4202109151700080009346033:
4202109151700140009338161:
4202109151700181513653075:
4202109151700200008506912:
4202109151700290006030145:
4202109151700310007407499:
4202109151700450002854367:
4202109151700480006036994:
4202109151700500008445656:
4202109151701030007407459:
4202109151701120004929198:
4202109151701180004993812:
4202109151701270005254710:
4202109151701320008499471:
4202109151701360006036336:
4202109151701390009346055:
4202109151701410009342978:
4202109151701500009346685:
4202109151701540006021988:
4202109151701550006041875:
4202109151701580004952880:
4202109151702060006028799:
4202109151702141513631101:
4202109151702200009234249:
4202109151702220008506212:
4202109151702250009250787:
4202109151702300000431385:
4202109151702410006022158:
4202109151702460004928211:
4202109151702470009331044:
4202109151702500008500888:
4202109151703000009272601:
4202109151703050009246202:
4202109151703130009290271:
4202109151703150009311280:
4202109151703170004941228:
4202109151703230009230812:
4202109151703310008504736:
4202109151703520004924511:
4202109151704010000431430:
4202109151704040009341511:
4202109151704060006028957:
4202109151704110009226821:
4202109151704580008679170:
4202109151707040009232613:
4202109151743090009232651:
4202109151800010000424545:
4202109151800030008695597:
4202109151800180004928798:
4202109151800210005004322:
4202109151801500009296645:
4202109151801520009342984:
4202109151801530008495972:
4202109151900020004929419:
4202109151900140004996716:
4202109151900280004957311:
4202109151900310008511222:
4202109151900330005008693:
4202109151900370004931038:
4202109151900460004169060:
4202109151900490008717694:
4202109151900510009253995:
4202109151900530007401131:
4202109151900560009349952:
4202109151901010007396382:
4202109151901040004942841:
4202109151901060005254934:
4202109151901100006015165:
4202109151901120004164864:
4202109151901300004926919:
4202109151901340009327564:
4202109151901460004974233:
4202109151901580008500083:
4202109151902070004975565:
4202109151902160009247701:
4202109151902190009324085:
4202109151902210007395601:
4202109151902270008495556:
4202109151902290005001511:
4202109151902360004988966:
4202109151902380002851443:
4202109151902440008493895:
4202109151902450009231455:
4202109151902470008500142:
4202109151902510009327620:
4202109151902530008499706:
4202109151902550008690224:
4202109151903510009343593:
4202109151903530004933960:
4202109151904320009305260:
4202109151904440004964566:
4202109151905120006035802:
4202109151908180004938474:
4202109151953300009305197:
4202109151953350005270180:
4202109151956140008519041:
4202109151959370009324629:
4202109151959430004045200:
4202109151959450005011308:
4202109152000090004936058:
4202109152000110009339930:
4202109152000150004996470:
4202109152000170004930821:
4202109152000190008710875:
4202109152000230008689944:
4202109152000440009252994:
4202109152000460009346340:
4202109152000490004927939:
4202109152000520005001262:
4202109152000540004932608:
4202109152000560009272187:
4202109152001060004939835:
4202109152001090009278862:
4202109152001540008512783:
4202109152002020004974544:
4202109152002170004969304:
4202109152002230008494141:
4202109152002270008506632:
4202109152002490005248602:
4202109152003350006014941:
4202109152003370009354391:
4202109152006190008719239:
4202109152006340004947993:
4202109152006460007398203:
4202109152006570004991241:
4202109152010240004948259:
4202109152010320004974633:
4202109152010560004991241:
4202109152017330004927962:
4202109152017380008716113:
4202109152019130008503089:
4202109152042570004179142:
4202109152058400007402498:
4202109152105440009346035:
5202109150734020004937490:
5202109150734530007404782:
5202109150735060004989948:
5202109150735590008497657:
5202109150736520004981583:
5202109150737020002851479:
5202109150737060007402194:
5202109150737140006039969:
5202109150739070008698279:
5202109150740161513653096:
5202109150740210009305457:
5202109150740240004989528:
5202109150740280004924019:
5202109150740370004995938:
5202109150741500006028292:
5202109150741520004985169:
5202109150742050004968298:
5202109150743000004995927:
5202109150743390004994596:
5202109150743540009339273:
5202109150743560004989073:
5202109150744010004976717:
5202109150744030004989073:
5202109150744070008690529:
5202109150744110004989073:
5202109150744160004973075:
5202109150744190009347607:
5202109150744570009300413:
5202109150745010004941773:
5202109150745070001079288:
5202109150745250009230781:
5202109150746460004966690:
5202109150747211513645885:
5202109150747230004923016:
5202109150748070004959001:
5202109150748410008499208:
5202109150748520008517932:
5202109150749000004921536:
5202109150749040006025812:
5202109150749110004962099:
5202109150749150004967073:
5202109150749250007412611:
5202109150749280004996199:
5202109150749310004931478:
5202109150749490009352009:
5202109150749520004932362:
5202109150749530005012946:
5202109150750030004930576:
5202109150750070006032924:
5202109150750290008512035:
5202109150750310006024122:
5202109150750330004938202:
5202109150750430000424167:
5202109150750480004994119:
5202109150750510001108277:
5202109150750530009288913:
5202109150750560004994074:
5202109150751130004922969:
5202109150751220009236809:
5202109150751230008702320:
5202109150751260004927306:
5202109150751290008517783:
5202109150751370009230754:
5202109150751400007411321:
5202109150751420009234480:
5202109150751450009296798:
5202109150751490006015163:
5202109150751530004995861:
5202109150752020006018008:
5202109150752060004957738:
5202109150752080004937390:
5202109150752090004967512:
5202109150752200008692450:
5202109150752270006037287:
5202109150752280004046800:
5202109150752310008508290:
5202109150752320004966066:
5202109150752340004971518:
5202109150752360004969726:
5202109150752390009324076:
5202109150752410004997809:
5202109150752440008706494:
5202109150752460008694659:
5202109150752470009346170:
5202109150752490008699606:
5202109150752510008493286:
5202109150753040004961404:
5202109150753080008509901:
5202109150753100009340820:
5202109150753120004951445:
5202109150753150009354401:
5202109150753160008500184:
5202109150753180004967416:
5202109150753220008718216:
5202109150753240008516236:
5202109150753260008718216:
5202109150753280007401654:
5202109150753310004998401:
5202109150753320007402500:
5202109150753340004923605:
5202109150753360004995654:
5202109150753380005258489:
5202109150753400008503171:
5202109150753410008499805:
5202109150753430001122577:
5202109150753440008717926:
5202109150753460004974855:
5202109150753490008493750:
5202109150753520004961715:
5202109150754000008676811:
5202109150754010004923400:
5202109150754050007402523:
5202109150754080009346362:
5202109150754100006022852:
5202109150754120008717926:
5202109150754140004935186:
5202109150754150004981298:
5202109150754170004950845:
5202109150754210009254229:
5202109150754250008512216:
5202109150754270008515021:
5202109150754290008503915:
5202109150754310004946517:
5202109150754330004998138:
5202109150754340004936557:
5202109150754370009351308:
5202109150754390004927329:
5202109150754410004986057:
5202109150754440009276680:
5202109150754450004922875:
5202109150754480009280491:
5202109150754500008496310:
5202109150754520007407739:
5202109150754540004180013:
5202109150755030009282809:
5202109150755050008510518:
5202109150755080009225507:
5202109150755100008717268:
5202109150755110008513950:
5202109150755130004966802:
5202109150755150006025807:
5202109150755160004992723:
5202109150755180008506434:
5202109150755200009280051:
5202109150755220009225500:
5202109150755240004950546:
5202109150755261513409863:
5202109150755270006028797:
5202109150755310008492776:
5202109150755330008431645:
5202109150755340008494613:
5202109150755360004990979:
5202109150755380004934727:
5202109150755400009348762:
5202109150755440006016275:
5202109150755490004957428:
5202109150755510008697063:
5202109150755530004975166:
5202109150755550004972420:
5202109150755570004968100:
5202109150755590005254709:
5202109150756010009327416:
5202109150756030003920040:
5202109150756050006039493:
5202109150756070009335539:
5202109150756090009286880:
5202109150756130001114611:
5202109150756150009254908:
5202109150756160004923454:
5202109150756190009346033:
5202109150756220004969384:
5202109150756230007414082:
5202109150756260009323985:
5202109150756280009341030:
5202109150756300004924511:
5202109150756330006030142:
5202109150756350008506074:
5202109150756370008501795:
5202109150756380009331842:
5202109150756460004951177:
5202109150756480009241934:
5202109150756490009354001:
5202109150756510006033000:
5202109150756530004997873:
5202109150756550009337006:
5202109150756570009339834:
5202109150756590006033090:
5202109150757030004984899:
5202109150757050004993674:
5202109150757120004975477:
5202109150757140004996445:
5202109150757210009321395:
5202109150757310004968004:
5202109150757330003892332:
5202109150757350009286616:
5202109150757360004924182:
5202109150757380008508757:
5202109150757390009252984:
5202109150757410004977027:
5202109150757430009339219:
5202109150757450009232651:
5202109150757580009346376:
5202109150758120009326612:
5202109150758170004965814:
5202109150758190008697836:
5202109150758200009254183:
5202109150758220009232378:
5202109150758260008691017:
5202109150758300004968208:
5202109150758320004937088:
5202109150758350005254540:
5202109150758360007407459:
5202109150758380004927727:
5202109150758410001083110:
5202109150758430004990401:
5202109150758440009225481:
5202109150758460008500113:
5202109150759010009310954:
5202109150759040009240533:
5202109150759060008711892:
5202109150759090004996986:
5202109150759150008497935:
5202109150759170006016276:
5202109150759200004989365:
5202109150759250009236810:
5202109150759300009342959:
5202109150759330008696894:
5202109150759340006041875:
5202109150759360009253842:
5202109150759380009339821:
5202109150759390006018006:
5202109150759440008502189:
5202109150759480009305197:
5202109150759560008513365:
5202109150759590006020192:
5202109150800070004965754:
5202109150800090009253742:
5202109150800120009231473:
5202109150800190006030482:
5202109150800320009348543:
5202109150800430008497463:
5202109150800460009342183:
5202109150800480004955246:
5202109150800520004928366:
5202109150801090006041715:
5202109150801100006030118:
5202109150801230008493366:
5202109150801270009297056:
5202109150801300004961221:
5202109150801460004927750:
5202109150802030006025445:
5202109150802170004958690:
5202109150803540009281814:
5202109150804170009226392:
5202109150804280006039993:
5202109150804530008709011:
5202109150805350009225494:
5202109150806150007410385:
5202109150809110006041103:
5202109150825130008508219:
5202109150827300006009777:
5202109150854390006016277:
5202109151700020004928152:
5202109151701230009310954:
5202109151701350006033090:
5202109151701410008501942:
5202109151702370007407739:
5202109151702420004928389:
5202109151702510007404782:
5202109151703230004975787:
5202109151703560004990111:
5202109151704130004950546:
5202109151704190004962411:
5202109151705570009236809:
5202109151706010004929016:
5202109151713380006021994:
5202109151730520009339828:
5202109151731100009293911:
5202109151731190009301551:
5202109151731220004921380:
5202109151731250006021875:
5202109151731360008686663:
5202109151731390009226393:
5202109151731460004946782:
5202109151732430009340483:
5202109151801570006016275:
5202109151801590009290365:
5202109151802320008699606:
5202109151804200008500184:
5202109151804280001108277:
5202109151804320004976717:
5202109151804480009234480:
5202109151806000004966761:
5202109151808010007401654:
5202109151808200004934727:
5202109151808240002851479:
5202109151808280004924182:
5202109151808290004998138:
5202109151808310008499208:
5202109151808340004922969:
5202109151808380004967073:
5202109151808580004990401:
5202109151809040004931478:
5202109151809190004937390:
5202109151809210004993674:
5202109151810150004994119:
5202109151811330004967312:
5202109151823540006022439:
5202109151847130009275624:
5202109151847380009310727:
5202109151847400009298073:
5202109151900230004951477:
5202109151900320009254908:
5202109151900350008502189:
5202109151900370004923159:
5202109151900520004931257:
5202109151900560004962761:
5202109151901050004930974:
5202109151901110008711892:
5202109151901130004934669:
5202109151901141513653096:
5202109151901210004966750:
5202109151901230008690529:
5202109151901260004923400:
5202109151901290004966066:
5202109151901350008492776:
5202109151901390008497657:
5202109151901420008506766:
5202109151902010009346038:
5202109151902030004954665:
5202109151902160008696238:
5202109151902580004994575:
5202109151903000004996134:
5202109151903150004923016:
5202109151903500004986846:
5202109151904110007412611:
5202109151904550004957428:
5202109151905030009339219:
5202109151905240009321319:
5202109151906100009226392:
5202109151907300004941773:
5202109151907441513645885:
5202109151907460004180013:
5202109151907490004927329:
5202109151907520009253997:
5202109151907550006029988:
5202109151907580007411321:
5202109151908230008698044:
5202109151908410008717926:
5202109151909500004968298:
5202109151910050009339273:
5202109151910310004989073:
5202109151910330009226826:
5202109151912230004935186:
5202109151959000008714837:
5202109151959060006018008:
5202109151959140004996986:
5202109151959440004936557:
5202109151959460000424167:
5202109151959480003126147:
5202109152000020004966438:
5202109152000040004962099:
5202109152000250008494613:
5202109152000280008431645:
5202109152000290006028757:
5202109152000310008697764:
5202109152000340008501833:
5202109152000360004970901:
5202109152000380006025807:
5202109152000390009253742:
5202109152000421513409863:
5202109152000480009240533:
5202109152000500003892332:
5202109152000530008692560:
5202109152000570005270182:
5202109152001170009288638:
5202109152001230004990953:
5202109152001250005270179:
5202109152001260004977027:
5202109152001280004941774:
5202109152001310009322602:
5202109152002160008698315:
5202109152003380006016090:
5202109152003490008709061:
5202109152005490006016090:
5202109152007550008494010:
5202109152016320008502364:
5202109152040350009346376:
5202109152058540005012946:
5202109152100070004951445:
5202109152100110008493750:
5202109152100150005012946:
5202109152100280004997809:
5202109152100340004980727:
5202109152155470007421210:
5202109152201050004967002:
5202109152201320009339834:
5202109152202320008506597:
5202109152204290009327416:
5202109152210120004922422:
5202109152210540001079288:
5202109152212150006036875:
5202109152212190006041715:
5202109152212280009346362:
5202109152212300009230754:
5202109152212550009347607:
5202109152213030005258489:
5202109152213110004989528:
5202109152220250009286880:
5202109152220270006039969:
5202109152220290005258487:
5202109152221220007402194:
5202109152222350008706494:
5202109152229120009326612:
5202109152256400009303525:
5202109152259020009323985:
5202109152259040006025445:
5202109152300010006028292:
5202109152300030009348762:
5202109152300040009230781:
5202109152300070004995654:
5202109152300100009230781:
5202109152300110009282809:
5202109152300160006030142:
5202109152300170009230781:
5202109152300200004998401:
5202109152300220007402500:
5202109152300240004961715:
5202109152300260008513950:
5202109152300280008512216:
5202109152300290004927306:
5202109152300310008510518:
5202109152300320008718216:
5202109152300340008515021:
5202109152300360004981583:
5202109152300380008493366:
5202109152300400006037287:
5202109152300430005270178:
5202109152300460008516236:
5202109152300480004957738:
5202109152300500004995938:
5202109152300520004921536:
5202109152300550004932362:
5202109152300590004924019:
5202109152301030009305457:
5202109152301070009351308:
5202109152301100004961404:
5202109152301120009354401:
5202109152301140008509901:
5202109152301180005266100:
5202109152301230009326645:
5202109152302210008496310:
5202109152302570004968004:
5202109152303200004923454:
5202109152303230008701083:
5202109152303290008692450:
5202109152303360009225481:
5202109152305040009298207:
5202109152316200008695330:
5202109152317430004927727:
6202109150728290004989502:
6202109150731460004946487:
6202109150736050004946192:
6202109150737410005254539:
6202109150739290006014941:
6202109150739370008508441:
6202109150740331513653096:
6202109150741060007411542:
6202109150742060004931257:
6202109150742160008501833:
6202109150742190004931257:
6202109150742220008517056:
6202109150744090008683421:
6202109150744200008500401:
6202109150744390000431430:
6202109150745240008711445:
6202109150745290008499075:
6202109150746010008690234:
6202109150746480004972764:
6202109150746500008709393:
6202109150747540004990690:
6202109150748070008493676:
6202109150748140008681212:
6202109150748380004923110:
6202109150748580006039510:
6202109150749210009326609:
6202109150749440009236868:
6202109150749460007412611:
6202109150750010008445992:
6202109150750060004932392:
6202109150750210004979341:
6202109150750480006027609:
6202109150750520005254713:
6202109150751100009288913:
6202109150751210008502735:
6202109150751290009343592:
6202109150751310009234457:
6202109150751400008715839:
6202109150751570008689944:
6202109150751590006028757:
6202109150752010005012405:
6202109150752050004987731:
6202109150752140004965866:
6202109150752180008708048:
6202109150752230004956198:
6202109150752260004993595:
6202109150752290008494290:
6202109150752380009343593:
6202109150752410004994314:
6202109150752470008501482:
6202109150752490004046800:
6202109150752520008508290:
6202109150752540004966066:
6202109150752570004996134:
6202109150753000009324879:
6202109150753030004968194:
6202109150753211513631101:
6202109150753250009287614:
6202109150753260004998663:
6202109150753310004927962:
6202109150753500009354581:
6202109150753530009354582:
6202109150754040008492410:
6202109150754070004921905:
6202109150754110005004322:
6202109150754120009293895:
6202109150754160008676957:
6202109150754170009324629:
6202109150754190004923400:
6202109150754210004927120:
6202109150754230004948881:
6202109150754240004936556:
6202109150754260009233704:
6202109150754280000439530:
6202109150754300004934669:
6202109150754330005254712:
6202109150754360001077425:
6202109150754390004953182:
6202109150754410006039130:
6202109150754440009326600:
6202109150754460004922029:
6202109150754480004990111:
6202109150754510004928798:
6202109150754540004936557:
6202109150755060009232629:
6202109150755110004961532:
6202109150755130005008528:
6202109150755180008693892:
6202109150755230008709488:
6202109150755250008693920:
6202109150755280009286387:
6202109150755310004987532:
6202109150755370008684967:
6202109150755400006023085:
6202109150755420006039541:
6202109150755470009351830:
6202109150755490008492549:
6202109150755510008515502:
6202109150755540009346367:
6202109150755550008494613:
6202109150755570000424146:
6202109150755580008431645:
6202109150756020008497774:
6202109150756040004996481:
6202109150756060006030484:
6202109150756070004958069:
6202109150756090009314247:
6202109150756150009326658:
6202109150756170007421735:
6202109150756190006042240:
6202109150756280009348776:
6202109150756300008494201:
6202109150756310001114611:
6202109150756330009254908:
6202109150756350009348748:
6202109150756440009226812:
6202109150756460009327615:
6202109150756500004962761:
6202109150756520009292116:
6202109150756530007398172:
6202109150756560009278808:
6202109150756580009283164:
6202109150756590009331842:
6202109150757010008699992:
6202109150757060006040360:
6202109150757110008516772:
6202109150757130004923159:
6202109150757150008501942:
6202109150757170006023662:
6202109150757190007395592:
6202109150757210009342978:
6202109150757230009343174:
6202109150757330005254533:
6202109150757360004962449:
6202109150757380008714837:
6202109150757410004977423:
6202109150757430009348542:
6202109150757460004967379:
6202109150757480008712785:
6202109150757510004045200:
6202109150757530004178213:
6202109150757540008492065:
6202109150757560004953788:
6202109150757570004941774:
6202109150758010009241075:
6202109150758020003892332:
6202109150758040004973078:
6202109150758060004990953:
6202109150758070004977027:
6202109150758090009342962:
6202109150758100008498971:
6202109150758120009339837:
6202109150758150004929016:
6202109150758170004970901:
6202109150758200004957621:
6202109150758220005254536:
6202109150758240004158333:
6202109150758420004968261:
6202109150758440004942040:
6202109150758510004937088:
6202109150758580004937930:
6202109150759010009342940:
6202109150759040009281928:
6202109150759050005012741:
6202109150759080004966490:
6202109150759100008504736:
6202109150759130009339254:
6202109150759160004928152:
6202109150759190006015460:
6202109150759230009240533:
6202109150759250009278607:
6202109150759270006037924:
6202109150759280008496367:
6202109150759300008711892:
6202109150759350006024859:
6202109150759380004929235:
6202109150759390006016276:
6202109150759420006042274:
6202109150759450004164864:
6202109150759470008702698:
6202109150759490004953650:
6202109150759540008500378:
6202109150759560006018006:
6202109150759590008504091:
6202109150800070009309504:
6202109150800140005254535:
6202109150800410008695330:
6202109150800430006032999:
6202109150800450008513733:
6202109150800480009348543:
6202109150800540002851487:
6202109150800580009274203:
6202109150801030009339144:
6202109150801290004923617:
6202109150801340005254715:
6202109150801400009322590:
6202109150801460004931925:
6202109150801500005254711:
6202109150801530008494141:
6202109150802020004947993:
6202109150802040004927750:
6202109150802060004997277:
6202109150802080005006239:
6202109150802120006036876:
6202109150802170004922422:
6202109150802580009277203:
6202109150803550009288870:
6202109150803580008515578:
6202109150806030006026834:
6202109150807270005012845:
6202109150809210008703345:
6202109150812470005254708:
6202109150813570009274874:
6202109150814530007407502:
6202109150816150009339211:
6202109150818470009247509:
6202109150837070008504041:
6202109150840570009298073:
6202109150911200009230749:
6202109151609280008497774:
6202109151700050009331842:
6202109151700190009302534:
6202109151700560004948585:
6202109151701110004958069:
6202109151701140008501942:
6202109151701170004928175:
6202109151701200009324637:
6202109151701360009327615:
6202109151701380004986647:
6202109151701400009326609:
6202109151701430009285701:
6202109151701450001122577:
6202109151701500009314247:
6202109151701520009300618:
6202109151701540009253991:
6202109151702020006018006:
6202109151702090009339837:
6202109151702120004987532:
6202109151702130008695905:
6202109151702150007407459:
6202109151702170004987731:
6202109151702210005254533:
6202109151702240009276489:
6202109151702270009288913:
6202109151702290007411542:
6202109151702310004962449:
6202109151702390004990979:
6202109151702430004967379:
6202109151702450009278808:
6202109151702480008681212:
6202109151702500004996445:
6202109151702540009300413:
6202109151703010008513365:
6202109151703080007395592:
6202109151703150004928604:
6202109151703230004968716:
6202109151703270004923110:
6202109151703290009343384:
6202109151703470004993595:
6202109151703480009325535:
6202109151703520004922029:
6202109151703550008499149:
6202109151703580006040360:
6202109151704010006015163:
6202109151704050004976407:
6202109151704140004950247:
6202109151704170005270181:
6202109151704510005254540:
6202109151705000004972764:
6202109151705090008492549:
6202109151705370004929016:
6202109151705420005254923:
6202109151705440008497935:
6202109151706160004997277:
6202109151706250004946192:
6202109151706570004927750:
6202109151707000009324068:
6202109151707220009225500:
6202109151707250008498971:
6202109151707590009233704:
6202109151708040005008528:
6202109151708070006016276:
6202109151708170004998663:
6202109151708360006030482:
6202109151708410008517056:
6202109151708550009231473:
6202109151709070007409900:
6202109151709310004927120:
6202109151710020006039337:
6202109151712120004971518:
6202109151721410004968100:
6202109151801260009233695:
6202109151809570008676957:
6202109151817320008493833:
6202109151831070008505663:
6202109151838030008713215:
6202109151859240004046800:
6202109151900030006026834:
6202109151900050004046800:
6202109151900090008497774:
6202109151900110009254908:
6202109151900140005254708:
6202109151900150008502189:
6202109151900170008506074:
6202109151900180009252946:
6202109151900200008511510:
6202109151900220008516772:
6202109151900240008508757:
6202109151900260001114611:
6202109151900270004931257:
6202109151900290004994314:
6202109151900330004934669:
6202109151900340005254712:
6202109151900400008712785:
6202109151900420005254712:
6202109151900450006037924:
6202109151900460004930974:
6202109151900480005006239:
6202109151900500004932392:
6202109151900510004934669:
6202109151900531513653096:
6202109151900550005266099:
6202109151900570008502735:
6202109151901000005266099:
6202109151901010008680280:
6202109151901030008499805:
6202109151901040008506434:
6202109151901070004923400:
6202109151901080004966066:
6202109151901120008496367:
6202109151901160006039130:
6202109151901180008492776:
6202109151901200009292116:
6202109151901210009226447:
6202109151901230005254539:
6202109151901240004178213:
6202109151901270008680900:
6202109151901290004968194:
6202109151901320004968592:
6202109151901330005254711:
6202109151901350004968261:
6202109151901370009295891:
6202109151901380004968261:
6202109151901400005263715:
6202109151901420005012405:
6202109151901440006027609:
6202109151901460004979341:
6202109151901500008696238:
6202109151901560009335539:
6202109151901590009287614:
6202109151902020008501795:
6202109151902080009283164:
6202109151902130006025806:
6202109151902150009232653:
6202109151902170009281193:
6202109151902190004965866:
6202109151902280008501482:
6202109151902330004937088:
6202109151902350008513733:
6202109151902360004953182:
6202109151902400004996134:
6202109151902420009226812:
6202109151902440009348543:
6202109151902450009288870:
6202109151902480004949598:
6202109151902560007419049:
6202109151903050007402467:
6202109151903070004998074:
6202109151903160004968886:
6202109151903240004933902:
6202109151903420004989502:
6202109151903460007412611:
6202109151903490004936556:
6202109151903510008709393:
6202109151903530009293895:
6202109151905500009292077:
6202109151905590004968502:
6202109151906060003137754:
6202109151906161513643510:
6202109151907080003916932:
6202109151907090004990085:
6202109151908090009273013:
6202109151909300005254929:
6202109151910070008499075:
6202109151912550009280051:
6202109151916200007421269:
6202109151933430008500401:
6202109151943140005012845:
6202109151944250007407502:
6202109151958430009278607:
6202109151959260004936557:
6202109151959360009240533:
6202109151959520008431645:
6202109152000000008494613:
6202109152000020008512035:
6202109152000040008501833:
6202109152000060009232629:
6202109152000070006028757:
6202109152000110005254536:
6202109152000130006025807:
6202109152000140006024122:
6202109152000160004970901:
6202109152000180004966490:
6202109152000190004938202:
6202109152000210004967806:
6202109152000230005270182:
6202109152000260002851487:
6202109152000270003892332:
6202109152000290006033720:
6202109152000300008692560:
6202109152000320009286616:
6202109152000340006022160:
6202109152000360008512859:
6202109152000380007402512:
6202109152000390008683421:
6202109152000410008508290:
6202109152000430009343592:
6202109152000440008690234:
6202109152000460004953788:
6202109152000470009234457:
6202109152000490005012521:
6202109152000510005008697:
6202109152000530006039497:
6202109152000550008492480:
6202109152000590004990953:
6202109152001040005270179:
6202109152001080008677829:
6202109152001100008696388:
6202109152001120004927539:
6202109152001140009335560:
6202109152001250009339254:
6202109152001590006036318:
6202109152002060009298223:
6202109152002140008498988:
6202109152002170004923617:
6202109152002270008504091:
6202109152003260006015460:
6202109152003300004961532:
6202109152003310006023662:
6202109152003360009234240:
6202109152003530008708560:
6202109152005050006042240:
6202109152005090004963347:
6202109152007370008494010:
6202109152007470007398203:
6202109152011270004989820:
6202109152011360005254713:
6202109152016090008519041:
6202109152022210004946487:
6202109152022240009339211:
6202109152023070009254002:
6202109152025180006028797:
6202109152056220006041103:
6202109152056500009298749:
6202109152100140007402498:
6202109152102520009241075:
6202109152102550005006025:
6202109152103260009343149:
6202109152105390004921905:
6202109152108440008711197:
6202109152200140006025823:
6202109152200500008517323:
6202109152200520004923699:
6202109152200540009337006:
6202109152200560006023085:
6202109152200590004931925:
6202109152201020008699992:
6202109152201070006033000:
6202109152201200009348776:
6202109152203390004967900:
6202109152203440009339144:
6202109152204120009232631:
6202109152204300008493676:
6202109152207340006014349:
6202109152210190009234108:
6202109152242100008494092:
8202109150734210004996470:
8202109150746500007396382:
8202109150748250008511681:
8202109150748480004996923:
8202109150749290008690224:
8202109150749330009339792:
8202109150749440004967114:
8202109150750130008500626:
8202109150750170008679170:
8202109150750210008500083:
8202109150750240005008697:
8202109150751230008717694:
8202109150751270004928211:
8202109150751290008496149:
8202109150751300001087543:
8202109150751320005001511:
8202109150751340009327620:
8202109150751370009273291:
8202109150752281513631613:
8202109150752420004929198:
8202109150752500009250787:
8202109150752520004991542:
8202109150752540009346340:
8202109150752550008504234:
8202109150753030005001262:
8202109150753080008445656:
8202109150753090004993812:
8202109150753110004932608:
8202109150753130004946812:
8202109150753480008716113:
8202109150753500009305260:
8202109150754020007407499:
8202109150754190009272187:
8202109150754210008493895:
8202109150754230008710875:
8202109150754520009230812:
8202109150754570009296645:
8202109150755010006027612:
8202109150755030004926919:
8202109150755060005008693:
8202109150755110006028799:
8202109150755170004974544:
8202109150755240004927575:
8202109150755300006028960:
8202109150755320006036504:
8202109150755410009342984:
8202109150755420007395601:
8202109150755480004974233:
8202109150755500009234249:
8202109150755530006036336:
8202109150756060008499471:
8202109150756140009252994:
8202109150756170009341511:
8202109150756200004963073:
8202109150756290004988917:
8202109150756350004923699:
8202109150756410009346055:
8202109150756470004931038:
8202109150756540004957311:
8202109150756560004941228:
8202109150757040009247701:
8202109150757370009324085:
8202109150758000008500142:
8202109150758020009231455:
8202109150758040004936029:
8202109150758080008512783:
8202109150758250009309524:
8202109150758280009226821:
8202109150758350009346685:
8202109150758370006021988:
8202109150758550004988966:
8202109150759020008499706:
8202109150759150005254710:
8202109150803460009234108:
8202109150811480009349952:
8202109151659550001077425:
8202109151700000009346020:
8202109151700080004936688:
8202109151700100007407499:
8202109151700200008445656:
8202109151700230006036994:
8202109151700240002854367:
8202109151700260009226433:
8202109151700390004993812:
8202109151700430007407459:
8202109151700490004929198:
8202109151700570004935638:
8202109151700590005254710:
8202109151701020008708992:
8202109151701040006016091:
8202109151701060008499471:
8202109151701070004975477:
8202109151701090009339195:
8202109151701100006036336:
8202109151701140009352010:
8202109151701160009333812:
8202109151701180009346055:
8202109151701200006027612:
8202109151701220009342978:
8202109151701250003126360:
8202109151701270006021988:
8202109151701290009346685:
8202109151701330009321481:
8202109151701360004952880:
8202109151701390008504234:
8202109151701420009234249:
8202109151701440006028799:
8202109151701460008502693:
8202109151701480004927575:
8202109151701500008506212:
8202109151701530006027345:
8202109151701570006020192:
8202109151702020000431385:
8202109151702040009339818:
8202109151702060009250787:
8202109151702080006022158:
8202109151702110004928211:
8202109151702140009343384:
8202109151702160008500888:
8202109151702230004990375:
8202109151702350009246202:
8202109151702490009311280:
8202109151702510004941228:
8202109151702530009230812:
8202109151703000007402196:
8202109151703060008504736:
8202109151703090007421735:
8202109151703180004924511:
8202109151703230000431430:
8202109151703320009341511:
8202109151703440006028957:
8202109151703470009226821:
8202109151703500006036504:
8202109151703530009253739:
8202109151704060004923758:
8202109151704130009354827:
8202109151704330004981013:
8202109151704340005008358:
8202109151704390008679170:
8202109151705060004988917:
8202109151706180009232613:
8202109151707120004946812:
8202109151716370009309524:
8202109151716390009226817:
8202109151759450004928798:
8202109151759520005004322:
8202109151800540008690794:
8202109151801160008495972:
8202109151801240009296645:
8202109151801260009342984:
8202109151849350008703693:
8202109151859330006028960:
8202109151859470004996716:
8202109151859500004963073:
8202109151900030004957311:
8202109151900050008496149:
8202109151900070009324605:
8202109151900090005008693:
8202109151900130004931038:
8202109151900170007421253:
8202109151900190009292038:
8202109151900210009342143:
8202109151900230008717694:
8202109151900250004169060:
8202109151900280001087543:
8202109151900300004953650:
8202109151900320004942841:
8202109151900390007396382:
8202109151900420004164864:
8202109151900520009283323:
8202109151900590009339821:
8202109151901060004926919:
8202109151901190008511681:
8202109151901210009286387:
8202109151901250004974233:
8202109151901270003126147:
8202109151901310006041088:
8202109151901340009324572:
8202109151901360009341742:
8202109151901380005254707:
8202109151901400008500083:
8202109151901510009342981:
8202109151901540008690224:
8202109151901570009247701:
8202109151901590007395601:
8202109151902000009324085:
8202109151902020008495556:
8202109151902070008501835:
8202109151902090005001511:
8202109151902110004988966:
8202109151902140002851443:
8202109151902160009339225:
8202109151902180004967114:
8202109151902220009231455:
8202109151902240008500142:
8202109151902250004924676:
8202109151902270008493895:
8202109151902280009327620:
8202109151902300008499706:
8202109151902330004989657:
8202109151903260009343593:
8202109151903290009339792:
8202109151903330004968555:
8202109151903390009247696:
8202109151903530009305260:
8202109151904010004978162:
8202109151904141513631613:
8202109151904540008500626:
8202109151905510009281928:
8202109151906370009226391:
8202109151907240008685403:
8202109151914370008509836:
8202109151959020004970930:
8202109152000000008689944:
8202109152000020008710875:
8202109152000080009226797:
8202109152000120009305547:
8202109152000250009252994:
8202109152000260009346340:
8202109152000280004927939:
8202109152000300009272187:
8202109152000330004932608:
8202109152000350005001262:
8202109152000450004941508:
8202109152000560009273291:
8202109152001020004989259:
8202109152001090009339817:
8202109152001150008512783:
8202109152001380004974544:
8202109152001530004969304:
8202109152002550009354391:
8202109152003080006014941:
8202109152004120009342997:
8202109152005580008719239:
8202109152006160004947993:
8202109152006240004958669:
8202109152006280004991542:
8202109152008560004996923:
8202109152010090004974633:
8202109152010130005254931:
8202109152017120004927962:
8202109152017160008716113:
8202109152017190004985960:
8202109152024130008503979:
8202109152105210009326600:
