2202109260638120008497657:
2202109260647580009287011:
2202109260648020006021875:
2202109260648270004967967:
2202109260649480008429638:
2202109260649550008497657:
2202109260650320004965716:
2202109260650380005270840:
2202109260651290004967967:
2202109260651340008429638:
2202109260651530004992439:
2202109260652080008492705:
2202109260652200005263713:
2202109260652280004970306:
2202109260653340004970618:
2202109260653380009326618:
2202109260656090009276908:
2202109260656280004924346:
2202109260656330008678354:
2202109260656360006033001:
2202109260657340009339828:
2202109260657530004991554:
2202109260659100009301551:
2202109260700000009283296:
2202109260702330009293911:
2202109260712010008698044:
2202109260713110009307388:
2202109260730360009307295:
2202109260731090004922287:
2202109260736350006026835:
2202109260737150007398914:
2202109260737180008495037:
2202109260738530008680442:
2202109260739520009246193:
2202109260740000008497276:
2202109260740580001079288:
2202109260742140005255715:
2202109260744210004996923:
2202109260744240008494564:
2202109260744330006036321:
2202109260744360005254714:
2202109260744410008677773:
2202109260744440006022160:
2202109260744480009282101:
2202109260746000009254926:
2202109260746030009343364:
2202109260746070006014941:
2202109260746170008495972:
2202109260746200004972767:
2202109260747071513628688:
2202109260747120004941773:
2202109260747320004924676:
2202109260747380004951477:
2202109260747410004986846:
2202109260747490001079879:
2202109260748080009297569:
2202109260748130009254002:
2202109260748420006041088:
2202109260748510004948851:
2202109260749020008713215:
2202109260749071513646659:
2202109260749330005270839:
2202109260749400006751664:
2202109260749480006042277:
2202109260749520006039497:
2202109260749550009301802:
2202109260750020009288870:
2202109260750050008497463:
2202109260750070008424093:
2202109260750080004947963:
2202109260750140004968004:
2202109260750160004940674:
2202109260750180008681883:
2202109260750200004968394:
2202109260750220007414082:
2202109260750240008680789:
2202109260750310004966761:
2202109260750330004980727:
2202109260750370001108277:
2202109260750470004937390:
2202109260750540004997665:
2202109260751020004968716:
2202109260751050004997665:
2202109260751150009326645:
2202109260751180008716113:
2202109260751190008439606:
2202109260751210006030135:
2202109260751280009300596:
2202109260751300004960782:
2202109260752020004949177:
2202109260752161513643510:
2202109260752220006022439:
2202109260752250004946782:
2202109260752280008512059:
2202109260752300004927962:
2202109260752430009232613:
2202109260752470009226826:
2202109260752590009344566:
2202109260753010004968555:
2202109260753030004945686:
2202109260753060007402196:
2202109260753160009281928:
2202109260753190004992022:
2202109260753220004989232:
2202109260753250008506766:
2202109260753270006029990:
2202109260753300004988917:
2202109260753320005006768:
2202109260753350007421210:
2202109260753460004953953:
2202109260753480004993146:
2202109260753510009321334:
2202109260753540004947698:
2202109260753580008506912:
2202109260753590009243147:
2202109260754040008505663:
2202109260754070008711445:
2202109260754130004995116:
2202109260754220009322682:
2202109260754240009313676:
2202109260754260006031526:
2202109260754280009252984:
2202109260754310008709369:
2202109260754320005254716:
2202109260754340004954090:
2202109260754360006025445:
2202109260754380003137754:
2202109260754400004958379:
2202109260754420007413810:
2202109260754450006016275:
2202109260754470009351823:
2202109260754500004947993:
2202109260754510004949598:
2202109260754550008707832:
2202109260754570007415195:
2202109260754590004992875:
2202109260755000004931193:
2202109260755040006039506:
2202109260755060009302534:
2202109260755080006037287:
2202109260755130004928175:
2202109260755150006039130:
2202109260755190009253846:
2202109260755250004927029:
2202109260755290006029988:
2202109260755310007402512:
2202109260755330008512859:
2202109260755340004989259:
2202109260755360004994314:
2202109260755390005258489:
2202109260755410005012521:
2202109260755440009232631:
2202109260755460008503198:
2202109260755480005254538:
2202109260755500004921380:
2202109260755520004967416:
2202109260755550008701083:
2202109260755570004921380:
2202109260755590009297664:
2202109260756020009349952:
2202109260756040006014349:
2202109260756050008497935:
2202109260756070009341030:
2202109260756100009346707:
2202109260756110006022003:
2202109260756140006022852:
2202109260756160007395592:
2202109260756180004935186:
2202109260756200009321395:
2202109260756220005270178:
2202109260756230009346038:
2202109260756250006016090:
2202109260756270004967806:
2202109260756280002851465:
2202109260756300009275335:
2202109260756310004963091:
2202109260756330008690794:
2202109260756350005272807:
2202109260756370009254229:
2202109260756380002851478:
2202109260756400000431412:
2202109260756420005254710:
2202109260756440004931701:
2202109260756460008701527:
2202109260756480005248600:
2202109260756500009226952:
2202109260756520004928366:
2202109260756530008495468:
2202109260756550006019428:
2202109260756560009253997:
2202109260756590004937625:
2202109260757010004921669:
2202109260757030009340483:
2202109260757040004963659:
2202109260757060008498971:
2202109260757070006033902:
2202109260757090007419049:
2202109260757100008506212:
2202109260757120009330833:
2202109260757140006026834:
2202109260757160006039337:
2202109260757180008502693:
2202109260757210007407459:
2202109260757230005254540:
2202109260757250009325511:
2202109260757270009234089:
2202109260757280006017488:
2202109260757310004966802:
2202109260757340009279728:
2202109260757360005255716:
2202109260757380009340824:
2202109260757400006027540:
2202109260757410004968886:
2202109260757430008710216:
2202109260757490008698795:
2202109260757550006021994:
2202109260757560004929016:
2202109260757580004976407:
2202109260758010009298207:
2202109260758020008696388:
2202109260758040008510090:
2202109260758060009339524:
2202109260758080005255712:
2202109260758100009311703:
2202109260758120006042240:
2202109260758140008686663:
2202109260758160009348542:
2202109260758170009339824:
2202109260758190008688253:
2202109260758200004967002:
2202109260758220009279481:
2202109260758230009226393:
2202109260758250008516772:
2202109260758260009232653:
2202109260758280006033720:
2202109260758300004967710:
2202109260758330007395601:
2202109260758360009314286:
2202109260758380009326612:
2202109260758390008426248:
2202109260758410004990690:
2202109260758450004960160:
2202109260758460004976805:
2202109260758500004975875:
2202109260758520009226392:
2202109260759060005254533:
2202109260759100009346063:
2202109260759140008515578:
2202109260759160008494964:
2202109260759180009339144:
2202109260759210006036993:
2202109260759230008708560:
2202109260759250004948585:
2202109260759280009226412:
2202109260759300008499471:
2202109260759310004969598:
2202109260759330009281753:
2202109260759340009254000:
2202109260759360009293535:
2202109260759380006021991:
2202109260759410005009032:
2202109260759440009276489:
2202109260759460002851443:
2202109260759480007421743:
2202109260759500008696894:
2202109260759510007422489:
2202109260759530006019315:
2202109260759540009290264:
2202109260759560008494092:
2202109260759580009309829:
2202109260800010004964566:
2202109260800040008500889:
2202109260800050004947107:
2202109260800070009278862:
2202109260800090004929423:
2202109260800110008509836:
2202109260800200008692560:
2202109260800210008696238:
2202109260800230007409900:
2202109260800250008694944:
2202109260800270008500888:
2202109260800280009254183:
2202109260800310009324604:
2202109260800340009310727:
2202109260800390009247509:
2202109260800410008499149:
2202109260800420002851460:
2202109260800450008495616:
2202109260800470008701103:
2202109260800520005248603:
2202109260800560004973700:
2202109260800590008712416:
2202109260801050004962723:
2202109260801130009253991:
2202109260801160008510378:
2202109260801210009313530:
2202109260801240004923617:
2202109260801300009288638:
2202109260801330004939835:
2202109260801370004999262:
2202109260801420006041715:
2202109260801440009294273:
2202109260801470006030482:
2202109260801490009343567:
2202109260801510009336990:
2202109260801540009274443:
2202109260801590009291663:
2202109260802080009303525:
2202109260802100006039993:
2202109260802110008685403:
2202109260802130008713928:
2202109260802150005254534:
2202109260802180006036505:
2202109260802210004930974:
2202109260802470006019430:
2202109260803300006024859:
2202109260803340004967312:
2202109260803440004994575:
2202109260804100007410282:
2202109260804400004967606:
2202109260804450004951746:
2202109260804570009300413:
2202109260805090008498988:
2202109260805220008693150:
2202109260805300006022855:
2202109260805340007407502:
2202109260806360009290271:
2202109260808370008502364:
2202109260809020008707911:
2202109260809180004985430:
2202109260809180009290250:
2202109260811080008677300:
2202109260811360009234240:
2202109260814460009286624:
2202109260836430005262034:
2202109260902320009290471:
2202109261700520008701274:
2202109261700540008693150:
2202109261701290009300596:
2202109261701310006751664:
2202109261702010007398914:
2202109261702440008512059:
2202109261702470009324604:
2202109261702500007402523:
2202109261702530007395592:
2202109261703060008694944:
2202109261703210006019430:
2202109261704260000431412:
2202109261704370008707832:
2202109261704530004997665:
2202109261705150005255716:
2202109261705170006019428:
2202109261705200005255715:
2202109261705250004997665:
2202109261705310006033001:
2202109261705400004927939:
2202109261705450008701527:
2202109261706030004924346:
2202109261706280004977423:
2202109261708280005270839:
2202109261710450009281753:
2202109261721420008426248:
2202109261727560004969726:
2202109261759010007413810:
2202109261800020009288638:
2202109261800040004945686:
2202109261800060002851478:
2202109261800070009340820:
2202109261800090004972767:
2202109261800110005272807:
2202109261800170007415195:
2202109261800240004965716:
2202109261801570009346038:
2202109261802090008506766:
2202109261802260004921380:
2202109261802290009301551:
2202109261802310004921380:
2202109261802330009301551:
2202109261802360009297569:
2202109261806250004968394:
2202109261806290009226393:
2202109261806310001079879:
2202109261811030004946782:
2202109261851490008712416:
2202109261852040009283296:
2202109261853260006029990:
2202109261854360004921669:
2202109261854360009307388:
2202109261854390004921669:
2202109261854410009307388:
2202109261856350009226392:
2202109261900010009302534:
2202109261900030004928152:
2202109261900070009287011:
2202109261900090004960160:
2202109261900110006021875:
2202109261900130009276908:
2202109261900160008497276:
2202109261900200004922287:
2202109261900260009253846:
2202109261900280009302534:
2202109261900340004988917:
2202109261900360004991554:
2202109261900370009326618:
2202109261900400004970306:
2202109261900450004992439:
2202109261900580009314286:
2202109261901000008709369:
2202109261901020008495037:
2202109261901040008497657:
2202109261901071513628688:
2202109261901080008678354:
2202109261901110008681883:
2202109261901130005254538:
2202109261901210007421690:
2202109261901230008510378:
2202109261901250004935794:
2202109261901300004967967:
2202109261901310004930974:
2202109261901340008429638:
2202109261901420009307295:
2202109261902070004968004:
2202109261902090004992155:
2202109261902120004996481:
2202109261902200005270840:
2202109261902270005263713:
2202109261902300004992875:
2202109261902410006028451:
2202109261902450001083110:
2202109261902540004969598:
2202109261903010004981583:
2202109261903220007422489:
2202109261903260008517932:
2202109261903290008692450:
2202109261903310004967416:
2202109261903330004931193:
2202109261903350006016275:
2202109261903440004975875:
2202109261903490009321334:
2202109261903520004974855:
2202109261903540008499208:
2202109261903560008492776:
2202109261903580004966761:
2202109261903590004922969:
2202109261904010005012946:
2202109261904070009340824:
2202109261904330007402500:
2202109261904360004958379:
2202109261904380004941773:
2202109261904410004990401:
2202109261904480007412611:
2202109261904520009339828:
2202109261904550004940674:
2202109261904580004989232:
2202109261904590004991584:
2202109261905010004994335:
2202109261905020004932392:
2202109261905040006029988:
2202109261905060004994335:
2202109261905080004977027:
2202109261905090004986057:
2202109261905110009232378:
2202109261905120009330833:
2202109261905150008698279:
2202109261905170004950845:
2202109261905200008690941:
2202109261905230008680789:
2202109261905240004993674:
2202109261905280008697836:
2202109261905300004949177:
2202109261905320004987320:
2202109261905360005009032:
2202109261905370009226826:
2202109261905400007401654:
2202109261905480009339524:
2202109261905510004961715:
2202109261905540007407739:
2202109261905580007411321:
2202109261906020009253997:
2202109261906210004992022:
2202109261906520008512783:
2202109261907370006030135:
2202109261907410004970618:
2202109261907460009275335:
2202109261908330009297664:
2202109261908380008492705:
2202109261908470004929423:
2202109261910281513646659:
2202109261913400009286624:
2202109261916370008439606:
2202109261920520006022439:
2202109261921150009311703:
2202109261921210009313530:
2202109261925090007414082:
2202109261925140009252984:
2202109261925170008500312:
2202109261932410004966802:
2202109261937490009246193:
2202109261937520004985430:
2202109261938490004962723:
2202109261951320004947963:
2202109262001490006026834:
2202109262002590004963091:
2202109262004430008713215:
2202109262005100008709061:
2202109262027220008677773:
2202109262033050004958165:
2202109262107481513643510:
2202109262200380004972764:
2202109262200430007421743:
2202109262206260006036321:
3202109260725110008501288:
3202109260736290001099428:
3202109260738120008676957:
3202109260739080004991528:
3202109260739590008692290:
3202109260740190008708003:
3202109260740540006028953:
3202109260740580008494010:
3202109260742350004937222:
3202109260742350004975787:
3202109260742410005266101:
3202109260743240009234458:
3202109260744130004928640:
3202109260744220005255713:
3202109260744440004942040:
3202109260744490004930821:
3202109260744530004957621:
3202109260745240008513325:
3202109260745270008687514:
3202109260745540008692117:
3202109260746080008503303:
3202109260746350007421690:
3202109260746470005264547:
3202109260746530008498021:
3202109260747040006028957:
3202109260747070004989657:
3202109260747140008494290:
3202109260747170004989657:
3202109260747200008501953:
3202109260747320004926955:
3202109260748250009247521:
3202109260748270004988499:
3202109260748320009295891:
3202109260748350006039016:
3202109260748370004155886:
3202109260748410004936149:
3202109260748440005266098:
3202109260748500005248599:
3202109260749060004933136:
3202109260749090004972456:
3202109260749110009339792:
3202109260749140005011155:
3202109260749180005248596:
3202109260749210004966279:
3202109260749250009335560:
3202109260749270008680900:
3202109260749310008503489:
3202109260749340005250571:
3202109260749370008697764:
3202109260749400008497634:
3202109260749440009275492:
3202109260749490004986942:
3202109260749510005272252:
3202109260749530005250567:
3202109260749560004935446:
3202109260749580005254707:
3202109260750080005250566:
3202109260750110004964233:
3202109260750130005254541:
3202109260750160008689944:
3202109260750180004959868:
3202109260750280004935638:
3202109260750360008512375:
3202109260750390005264551:
3202109260750420004998074:
3202109260750440004936854:
3202109260750460009326609:
3202109260750500008712381:
3202109260750520005004742:
3202109260750570009234248:
3202109260750590004968544:
3202109260751020009306129:
3202109260751060009343384:
3202109260751090009306586:
3202109260751150005248601:
3202109260751160004994835:
3202109260751180004973922:
3202109260751230004927539:
3202109260751250009252962:
3202109260751270008711197:
3202109260751310004969304:
3202109260751340006018008:
3202109260751380004934470:
3202109260751430006030480:
3202109260751450009343149:
3202109260751470004973078:
3202109260751550004928798:
3202109260752000004942841:
3202109260752030005250568:
3202109260752070009236868:
3202109260752110003137991:
3202109260752140008698121:
3202109260752180009348776:
3202109260752260004974544:
3202109260752340006023085:
3202109260752430004928152:
3202109260752450008492549:
3202109260752500004998924:
3202109260752550004986730:
3202109260752570003117204:
3202109260753000004988205:
3202109260753130009323446:
3202109260753150009326626:
3202109260753190009233697:
3202109260753230005254535:
3202109260753260008429633:
3202109260753310009300618:
3202109260753350004994053:
3202109260753360009272418:
3202109260753460009325535:
3202109260753490004999443:
3202109260753540005265558:
3202109260754010008498188:
3202109260754050004975477:
3202109260754100005001068:
3202109260754170009305547:
3202109260754200006025823:
3202109260754230004966591:
3202109260754280009234108:
3202109260754310009339930:
3202109260754330004936029:
3202109260754450007418333:
3202109260754480008503339:
3202109260754520004923548:
3202109260754530008506766:
3202109260754570004993595:
3202109260754580004956198:
3202109260755000004966378:
3202109260755030004968592:
3202109260755050004970930:
3202109260755070009300590:
3202109260755090004935794:
3202109260755120005264549:
3202109260755150008716625:
3202109260755170005250572:
3202109260755210009324629:
3202109260755250004990107:
3202109260755290006041721:
3202109260755310009339818:
3202109260755330009342954:
3202109260755360004957118:
3202109260755380008517323:
3202109260755400008714702:
3202109260755430004928581:
3202109260755450009273013:
3202109260755470004970901:
3202109260755490005263714:
3202109260755510009339802:
3202109260755540008691341:
3202109260755570004968838:
3202109260755590003137754:
3202109260756020008516420:
3202109260756040009287195:
3202109260756060009324637:
3202109260756080005248597:
3202109260756100008518736:
3202109260756120005260613:
3202109260756150009284157:
3202109260756170004992875:
3202109260756190005263716:
3202109260756220004948881:
3202109260756250008502984:
3202109260756280005254537:
3202109260756310005254542:
3202109260756340008690203:
3202109260756370004953788:
3202109260756380009354349:
3202109260756400009337006:
3202109260756420008698315:
3202109260756440004989794:
3202109260756470005011308:
3202109260756480009280051:
3202109260756500009326658:
3202109260756520008499165:
3202109260756540005250569:
3202109260756560008514795:
3202109260756570004993672:
3202109260757000005272314:
3202109260757020009292038:
3202109260757040008515502:
3202109260757060009252970:
3202109260757090008703693:
3202109260757130009343593:
3202109260757200004965502:
3202109260757300006015460:
3202109260757340008686117:
3202109260757370008711892:
3202109260757390004937930:
3202109260757410009331842:
3202109260757430009327615:
3202109260757510007395592:
3202109260757550004948289:
3202109260757570006023662:
3202109260758000009342978:
3202109260758010009233695:
3202109260758030008493217:
3202109260758050009348603:
3202109260758070009354391:
3202109260758090008699992:
3202109260758120004931925:
3202109260758130004922422:
3202109260758200008514966:
3202109260758250005258486:
3202109260758310004929202:
3202109260758340008677829:
3202109260758410005255710:
3202109260758500005250573:
3202109260759000005248598:
3202109260759120005254933:
3202109260759160003126147:
3202109260759320005250570:
3202109260759360006032999:
3202109260759450009321321:
3202109260759470004945980:
3202109260759580005265556:
3202109260800000004967710:
3202109260800040002851487:
3202109260800080009286996:
3202109260800210004957759:
3202109260800290004990690:
3202109260800340008708560:
3202109260800490004929645:
3202109260801020002851443:
3202109260804150005012741:
3202109260804460008506597:
3202109260807470009275624:
3202109261659150008697063:
3202109261659180001099428:
3202109261700210008514966:
3202109261700340005270179:
3202109261700360009326609:
3202109261700520009234457:
3202109261701000006014941:
3202109261701030008711445:
3202109261701050009343567:
3202109261701210008704360:
3202109261701220009326658:
3202109261701260007395592:
3202109261701320005266098:
3202109261701370009275492:
3202109261701400007418333:
3202109261701420004972456:
3202109261701550008429633:
3202109261702010008686117:
3202109261702230008697764:
3202109261703390005250567:
3202109261704260002851487:
3202109261704350008692290:
3202109261704410002851487:
3202109261705260008696388:
3202109261705500005004742:
3202109261804390008499047:
3202109261831230008494010:
3202109261842570009309504:
3202109261859160009323446:
3202109261859200009273013:
3202109261859210009354582:
3202109261859230004990107:
3202109261859250009351964:
3202109261859270009342940:
3202109261859290008691341:
3202109261859310009306586:
3202109261859330009234458:
3202109261859350005248597:
3202109261859360004935446:
3202109261859390005265556:
3202109261859410009324629:
3202109261859430004986942:
3202109261859440006041721:
3202109261859470009324629:
3202109261859480008679943:
3202109261859500008680900:
3202109261859520008685403:
3202109261859530005264549:
3202109261859550009343149:
3202109261859570004968838:
3202109261859590008503339:
3202109261900030009306129:
3202109261900040004965502:
3202109261900050006018008:
3202109261900070005264547:
3202109261900090008492410:
3202109261900100005254715:
3202109261900120008714702:
3202109261900130005272252:
3202109261900150009343174:
3202109261900160008689944:
3202109261900180009346367:
3202109261900190005248601:
3202109261900210005250569:
3202109261900230008716625:
3202109261900240004155886:
3202109261900260009325535:
3202109261900280005254542:
3202109261900300004953788:
3202109261900310004942841:
3202109261900330008710216:
3202109261900340008711249:
3202109261900360008503303:
3202109261900380008687514:
3202109261900400009233695:
3202109261900420008687514:
3202109261900440009339802:
3202109261900460009348776:
3202109261900470009252970:
3202109261900490005254707:
3202109261900500004999443:
3202109261900520006023662:
3202109261900530006015460:
3202109261900550004937222:
3202109261900560009309829:
3202109261900580004948881:
3202109261901000008494201:
3202109261901010005005802:
3202109261901030008514795:
3202109261901040009253742:
3202109261901060009272418:
3202109261901070008500888:
3202109261901090009335560:
3202109261901100004994835:
3202109261901120008518736:
3202109261901140005250572:
3202109261901150008501288:
3202109261901170003137991:
3202109261901180005250572:
3202109261901200008712381:
3202109261901210005254933:
3202109261901250009330829:
3202109261901270004951537:
3202109261901280005254933:
3202109261901300004998924:
3202109261901310004989794:
3202109261901330005263716:
3202109261901350004970930:
3202109261901370006032999:
3202109261901380009325511:
3202109261901390004951537:
3202109261901410009336990:
3202109261901440006028953:
3202109261901460004993672:
3202109261901480004998055:
3202109261901520005011308:
3202109261901530005011155:
3202109261901560009252962:
3202109261901570009324879:
3202109261901590005265558:
3202109261902000005250568:
3202109261902020007402467:
3202109261902040008715839:
3202109261902060004942040:
3202109261902080006023085:
3202109261902100004957759:
3202109261902120008499165:
3202109261902140009342954:
3202109261902160009322590:
3202109261902180006031524:
3202109261902200008502984:
3202109261902210009339930:
3202109261902230008516420:
3202109261902250004970901:
3202109261902270005250571:
3202109261902280009226952:
3202109261902300008680442:
3202109261902310005248598:
3202109261902330009321321:
3202109261902350004966279:
3202109261902370009300618:
3202109261902380008499556:
3202109261902400009292038:
3202109261902410009339792:
3202109261902430004975477:
3202109261902450008693892:
3202109261902470004957118:
3202109261902480004973922:
3202109261902500004928640:
3202109261902520004973922:
3202109261902550006024859:
3202109261902560008497634:
3202109261902580006030480:
3202109261903000009324068:
3202109261903020008698795:
3202109261903030004966591:
3202109261903050004968544:
3202109261903060008701103:
3202109261903080006021991:
3202109261903110008499867:
3202109261903130005265553:
3202109261903150003126147:
3202109261903180009233697:
3202109261903200008711197:
3202109261903230008492549:
3202109261903250006039016:
3202109261903270003137754:
3202109261903290008492549:
3202109261903320004988205:
3202109261903330004964233:
3202109261903360004986730:
3202109261903390005250566:
3202109261903400008513325:
3202109261903530004994053:
3202109261904100008509836:
3202109261904150004989657:
3202109261904190004931897:
3202109261904210008703693:
3202109261904370005272314:
3202109261904550005255710:
3202109261905240004999262:
3202109261906330004956198:
3202109261906450004968679:
3202109261909000008498188:
3202109261909290003117204:
3202109261909330009309524:
3202109261909360008494964:
3202109261909490004926955:
3202109261910320008495468:
3202109261910420009234240:
3202109261911140005263714:
3202109261916040008676957:
3202109261934290009326438:
3202109261955370004996923:
3202109262000230004969304:
3202109262000250004932608:
3202109262000290009274203:
3202109262000310008698121:
3202109262000360004968250:
3202109262000380004928798:
3202109262000390004967710:
3202109262000420005255708:
3202109262000460006014941:
3202109262000570009236868:
3202109262001000009348748:
3202109262001030009230815:
3202109262001230009234248:
3202109262001270008714113:
3202109262001310004927539:
3202109262001370008680280:
3202109262001480009343384:
3202109262001550004931925:
3202109262002070005255713:
3202109262002200008507829:
3202109262002210009247521:
3202109262002260004929645:
3202109262002510009277203:
3202109262002540006022003:
3202109262003080004933136:
3202109262003090005264548:
3202109262003130004923617:
3202109262003180008445992:
3202109262003560009339144:
3202109262003590004968208:
3202109262004010004998074:
3202109262004060004937930:
3202109262004080005248596:
3202109262005450008677903:
3202109262005470008501953:
3202109262005590008677829:
3202109262006010005001068:
3202109262006030008677829:
3202109262006050004929235:
3202109262006100004934470:
3202109262006130008688253:
3202109262006150006016090:
3202109262006240005012741:
3202109262006270005255416:
3202109262006290008708560:
3202109262006360008504091:
3202109262006380004929202:
3202109262006560004993595:
3202109262006580005262035:
3202109262007010005258486:
3202109262007030004968555:
3202109262007060009286996:
3202109262007140009254002:
3202109262007160008698315:
3202109262007350008500889:
3202109262007500009348542:
3202109262008150009346063:
3202109262008450009293535:
3202109262008560008677300:
3202109262009090009254000:
3202109262009120009274874:
3202109262009150004959868:
3202109262010010008512375:
3202109262010340006042240:
3202109262010420004930821:
3202109262011580006039541:
3202109262013000008500378:
3202109262016320004928581:
3202109262016420009351758:
3202109262016470005254714:
3202109262016550006042277:
3202109262017050008498988:
3202109262017070005250573:
3202109262018410004957621:
3202109262018440005248600:
3202109262018560004936149:
3202109262021420005262034:
3202109262026010008677773:
3202109262027160009300590:
3202109262027240004927962:
3202109262027250004922422:
3202109262030270005254541:
3202109262030340005266101:
3202109262030360006026835:
3202109262033120005254931:
3202109262033160004974633:
4202109260731010009324572:
4202109260732270009234486:
4202109260734370004975255:
4202109260737030009272601:
4202109260738390008494141:
4202109260741510005001511:
4202109260743490006015165:
4202109260743550009285513:
4202109260744480009305260:
4202109260744510005264545:
4202109260744570004996470:
4202109260744590005254931:
4202109260745040001087543:
4202109260745190004936688:
4202109260745210004936293:
4202109260745240005250565:
4202109260746090009274874:
4202109260746120004928211:
4202109260747550008677903:
4202109260747590004946812:
4202109260748550004932608:
4202109260749140007398203:
4202109260749330000424167:
4202109260749460008496149:
4202109260749570005255714:
4202109260750080008690224:
4202109260750170004169060:
4202109260750480008504234:
4202109260750530007411174:
4202109260750560004991241:
4202109260751240004967114:
4202109260751340004926757:
4202109260751510004948259:
4202109260751540004967900:
4202109260751580009339817:
4202109260752010005265552:
4202109260752030006027345:
4202109260752050004921785:
4202109260752080004958669:
4202109260752100004927939:
4202109260752140005008693:
4202109260752201513653075:
4202109260752240003116965:
4202109260752260009346340:
4202109260752300008504736:
4202109260752330009226433:
4202109260752370005248602:
4202109260752410008699709:
4202109260752460005265557:
4202109260753060009253739:
4202109260753100009338161:
4202109260753130009226821:
4202109260753200008494427:
4202109260753260005264544:
4202109260753290009331044:
4202109260753300008510188:
4202109260753310004990686:
4202109260753330003916932:
4202109260753350006035802:
4202109260753420009234249:
4202109260753430006016091:
4202109260753460009311280:
4202109260753470006036336:
4202109260753490006036994:
4202109260753510004993812:
4202109260753540009339225:
4202109260753560009327620:
4202109260753570005254706:
4202109260753590004996716:
4202109260754030008499706:
4202109260754050006036997:
4202109260754080007407499:
4202109260754121513631101:
4202109260754140009341742:
4202109260754200009247696:
4202109260754330004974233:
4202109260754360004927727:
4202109260754380004929419:
4202109260754420004963073:
4202109260754440004957311:
4202109260754460004965190:
4202109260754480008695597:
4202109260754510004941228:
4202109260754530004990085:
4202109260754560006039129:
4202109260754570005004322:
4202109260754590008493340:
4202109260755010009321481:
4202109260755030009295454:
4202109260755050009253995:
4202109260755070004924511:
4202109260755090004988917:
4202109260755120009252994:
4202109260755160009324085:
4202109260755190008708992:
4202109260755210009286387:
4202109260755280007421735:
4202109260755420009324118:
4202109260755430009341511:
4202109260755480004985960:
4202109260755500004962411:
4202109260755530009342984:
4202109260756040004931038:
4202109260756070004926919:
4202109260756100008512783:
4202109260756120004952880:
4202109260756140008493895:
4202109260756160009324605:
4202109260756190008445656:
4202109260756230009336959:
4202109260756250009342143:
4202109260756270004923699:
4202109260756290008501835:
4202109260756310008503089:
4202109260756330004927575:
4202109260756360008679170:
4202109260756390009342997:
4202109260756410009352010:
4202109260756460009226797:
4202109260756480008500083:
4202109260756500008710875:
4202109260756530008500493:
4202109260756550008500142:
4202109260756580009354827:
4202109260757010008495556:
4202109260757040004179142:
4202109260757060008499047:
4202109260757070008495426:
4202109260757160004990375:
4202109260757190009324068:
4202109260757210009346055:
4202109260757230008503979:
4202109260757240009346035:
4202109260757550004938474:
4202109260757570009346685:
4202109260758010006021988:
4202109260758020004929641:
4202109260758040006036504:
4202109260758060006028960:
4202109260758070009272187:
4202109260758090001083930:
4202109260758130009226817:
4202109260758190005254710:
4202109260758220007401131:
4202109260758250008511222:
4202109260758260004929198:
4202109260758280006030145:
4202109260758420009247701:
4202109260758430006020192:
4202109260758450004993934:
4202109260758470004988966:
4202109260758530002854367:
4202109260759120007407459:
4202109260759380008719239:
4202109260759400008717694:
4202109260759460009342981:
4202109260759570004993409:
4202109260800040009231455:
4202109260800050004993409:
4202109260800120007395601:
4202109260801040006036876:
4202109260801580009230812:
4202109260804140004933960:
4202109260804320004975565:
4202109260828380000431385:
4202109261659280001077425:
4202109261659310008707911:
4202109261700520006036994:
4202109261700580009231455:
4202109261701000006036994:
4202109261701010006015165:
4202109261701040008506912:
4202109261701060008445656:
4202109261701320007395601:
4202109261701420006041088:
4202109261701480009226433:
4202109261701510004169060:
4202109261702180004993812:
4202109261702570008500142:
4202109261800410009341742:
4202109261800470009346055:
4202109261801010009305260:
4202109261801060004931038:
4202109261802460008500083:
4202109261802520008502693:
4202109261802580009324085:
4202109261803010008502693:
4202109261804180009342978:
4202109261805130008493895:
4202109261805180004967114:
4202109261859350006030145:
4202109261859420000424167:
4202109261900110004993409:
4202109261900130007401131:
4202109261900151513653075:
4202109261900190006036997:
4202109261900210008699709:
4202109261900240004936058:
4202109261900280004990375:
4202109261900290005008693:
4202109261900310008690203:
4202109261900320005248602:
4202109261900340009324118:
4202109261900360009339817:
4202109261900370005264551:
4202109261900390004952880:
4202109261900400005004322:
4202109261900420005001262:
4202109261900430007407459:
4202109261900450004990686:
4202109261900470008708992:
4202109261900480009342143:
4202109261900501513631101:
4202109261900520009336959:
4202109261900540008679170:
4202109261900550008499471:
4202109261900570008717694:
4202109261900590008719239:
4202109261901010009341511:
4202109261901020005265552:
4202109261901040004941228:
4202109261901050009250787:
4202109261901070005254710:
4202109261901090004927575:
4202109261901110009343592:
4202109261901120005254710:
4202109261901140009253995:
4202109261901160004045200:
4202109261901170005250565:
4202109261901190005255714:
4202109261901200004957855:
4202109261901220009346340:
4202109261901230008494427:
4202109261901250009342981:
4202109261901260005264544:
4202109261901280004957311:
4202109261901290007396382:
4202109261901310009252994:
4202109261901320005001511:
4202109261901340004981013:
4202109261901360004927727:
4202109261901380009283931:
4202109261901390005008358:
4202109261901410008495556:
4202109261901430004996470:
4202109261901470009280051:
4202109261901490008710875:
4202109261901510008511222:
4202109261901530004996470:
4202109261901550008690224:
4202109261901570003116965:
4202109261901590009331044:
4202109261902000009346035:
4202109261902030009343593:
4202109261902050006035802:
4202109261902060005254706:
4202109261902080009342997:
4202109261902120004164864:
4202109261902170004929419:
4202109261902190009344566:
4202109261902210004963073:
4202109261902250009247696:
4202109261902270005008697:
4202109261902290004938474:
4202109261902300004953650:
4202109261902410009234249:
4202109261902440009311280:
4202109261902460009321481:
4202109261902480006041875:
4202109261902500004928211:
4202109261902520001083930:
4202109261902530004926919:
4202109261902550008499706:
4202109261903060008500493:
4202109261903080004929641:
4202109261903100004974544:
4202109261903120004924511:
4202109261903140004974233:
4202109261903210009327620:
4202109261903250007407499:
4202109261903280004958669:
4202109261903310004968716:
4202109261903410004929198:
4202109261905100008695597:
4202109261905120006021988:
4202109261907210008517323:
4202109261907220009308083:
4202109261907420008510188:
4202109261912140009232651:
4202109261932540008494141:
4202109262000280008495972:
4202109262000300004985960:
4202109262000350008716113:
4202109262000380004949695:
4202109262000470009272187:
4202109262001210009272601:
4202109262001320004964566:
4202109262001340009290271:
4202109262001480009338161:
4202109262002240008504234:
4202109262004200009278862:
4202109262006170009278607:
4202109262006190002854367:
4202109262008180004975565:
4202109262034210002851465:
4202109262034240004963659:
4202109262122150007398203:
4202109262125580004179142:
4202109262136530009298223:
4202109262136550009305197:
4202109262147240006036876:
4202109262147290007421210:
5202109260703190008709061:
5202109260714500009307388:
5202109260729540004959001:
5202109260732550007404782:
5202109260733200004933649:
5202109260734320004981583:
5202109260735550004946517:
5202109260735580006039969:
5202109260735590007402194:
5202109260739030004924019:
5202109260739050009305457:
5202109260739090004989528:
5202109260739120005255711:
5202109260739400006025812:
5202109260739470008508219:
5202109260740590004961715:
5202109260742050009276680:
5202109260742100004966903:
5202109260742170004961787:
5202109260742380004967073:
5202109260743040005254930:
5202109260743070008676811:
5202109260743180004943327:
5202109260743250008697063:
5202109260743280004922969:
5202109260744010004976717:
5202109260744040004981298:
5202109260744100004985169:
5202109260744120008698279:
5202109260744150004995938:
5202109260744190004989816:
5202109260744240004994596:
5202109260744270008500184:
5202109260744410004995927:
5202109260745170009281193:
5202109260745190004950247:
5202109260745210004990979:
5202109260746000004957738:
5202109260746060005254923:
5202109260746150007401654:
5202109260746270004994119:
5202109260746290004961404:
5202109260746310004989948:
5202109260746400008503915:
5202109260746500004989073:
5202109260746570009230754:
5202109260746580004993674:
5202109260747070009236809:
5202109260747340008517932:
5202109260747370006032924:
5202109260747500004941773:
5202109260747530005012946:
5202109260747570004937490:
5202109260748070009230781:
5202109260748130004934727:
5202109260748270004957428:
5202109260748290004998138:
5202109260748330009296798:
5202109260748530004923016:
5202109260748550006015163:
5202109260748570002851479:
5202109260749000004949398:
5202109260749050004930576:
5202109260749100004998401:
5202109260749111513645885:
5202109260749141513653096:
5202109260749180008690529:
5202109260749200004921536:
5202109260749250007402523:
5202109260749290004951489:
5202109260749340008499208:
5202109260749430008717926:
5202109260749450005254709:
5202109260749470009339273:
5202109260749500005264543:
5202109260749510004972764:
5202109260749530004933902:
5202109260750010004988939:
5202109260750030009348762:
5202109260750050004968298:
5202109260750090004966690:
5202109260750110009280491:
5202109260750340009234480:
5202109260750360004973075:
5202109260750380009347607:
5202109260750400009352009:
5202109260750430004969726:
5202109260750450006018008:
5202109260750470005258487:
5202109260750500009305197:
5202109260750510004968004:
5202109260750540004971518:
5202109260750550007412611:
5202109260750580006041103:
5202109260751000007414082:
5202109260751050004966761:
5202109260751130004996199:
5202109260751210008512216:
5202109260751220006009777:
5202109260751260004937390:
5202109260751400008699606:
5202109260751430004966750:
5202109260751460004997809:
5202109260751480008513950:
5202109260751500008494613:
5202109260751510009226447:
5202109260751530004997873:
5202109260751550009225507:
5202109260751570008694659:
5202109260752000009232651:
5202109260752020009233710:
5202109260752220004923605:
5202109260752280004994074:
5202109260752420006028797:
5202109260752440006039493:
5202109260752460004990397:
5202109260752500007402500:
5202109260752530009346362:
5202109260753000004968261:
5202109260753050008706494:
5202109260753070004965814:
5202109260753080009282809:
5202109260753120004967512:
5202109260753140004927306:
5202109260753250008697836:
5202109260753270004950546:
5202109260753310008510716:
5202109260753340004949101:
5202109260753390009340820:
5202109260753410004932362:
5202109260753430008690941:
5202109260753450004949101:
5202109260753460008690941:
5202109260753500006024122:
5202109260753520004938202:
5202109260753530008512035:
5202109260753550004927329:
5202109260753570009288913:
5202109260753580004924182:
5202109260754000009351308:
5202109260754030008515021:
5202109260754060008508290:
5202109260754070004975166:
5202109260754090004966066:
5202109260754120008493750:
5202109260754140008503171:
5202109260754160008492776:
5202109260754200007411321:
5202109260754220009339219:
5202109260754240004930090:
5202109260754260004957235:
5202109260754280004987025:
5202109260754290008702320:
5202109260754320005268686:
5202109260754340009346170:
5202109260754360004180013:
5202109260754380008509901:
5202109260754400004992723:
5202109260754410004977027:
5202109260754430009225500:
5202109260754450005254929:
5202109260754480009241934:
5202109260754510001083110:
5202109260754530009354001:
5202109260754540004996481:
5202109260754560009286880:
5202109260754570006033090:
5202109260754590008508757:
5202109260755010006036875:
5202109260755030009346033:
5202109260755050008506434:
5202109260755070009252984:
5202109260755090008501795:
5202109260755110004990401:
5202109260755130004950845:
5202109260755170006025445:
5202109260755240009225481:
5202109260755270006016275:
5202109260755310008496310:
5202109260755330004986057:
5202109260755350008692450:
5202109260755410003892332:
5202109260755450008431645:
5202109260755470004932392:
5202109260755480009323985:
5202109260755520009280051:
5202109260755560009324076:
5202109260755580005255709:
5202109260756000009342183:
5202109260756020005011308:
5202109260756030004951177:
5202109260756050009346376:
5202109260756070006030130:
5202109260756090005266100:
5202109260756130004969384:
5202109260756150004962761:
5202109260756210009286616:
5202109260756260004968100:
5202109260756280006025807:
5202109260756300005264548:
5202109260756320008506074:
5202109260756330004967416:
5202109260756370004937089:
5202109260756380009254908:
5202109260756410008497935:
5202109260756450009341030:
5202109260756470008711892:
5202109260756490004966802:
5202109260756510004951445:
5202109260756540009327416:
5202109260756550004990111:
5202109260756570004936557:
5202109260756590009321395:
5202109260757010008691017:
5202109260757091513409863:
5202109260757120004968208:
5202109260757190004995861:
5202109260757210008501482:
5202109260757230004923454:
5202109260757240007407739:
5202109260757260006018006:
5202109260757280004922029:
5202109260757290004972420:
5202109260757310006030142:
5202109260757320009342959:
5202109260757340004966178:
5202109260757350004974855:
5202109260757370004922875:
5202109260757460009310954:
5202109260757510008506212:
5202109260757530004988966:
5202109260757580008709011:
5202109260758000008500113:
5202109260758010009232378:
5202109260758030009339821:
5202109260758040007407459:
5202109260758060008492480:
5202109260758080004984899:
5202109260758100004940881:
5202109260758110009240533:
5202109260758130009340824:
5202109260758170008494201:
5202109260758190009333812:
5202109260758250004995654:
5202109260758330008499805:
5202109260758360003920040:
5202109260758380005254708:
5202109260758400008695905:
5202109260758410004932359:
5202109260758430009279709:
5202109260758450006030118:
5202109260758470004958690:
5202109260758580008517783:
5202109260759050009254207:
5202109260759070004955246:
5202109260759120009354401:
5202109260759190004987320:
5202109260759280009226392:
5202109260759300004989365:
5202109260759370004996986:
5202109260759430006031525:
5202109260759440008493286:
5202109260759520008493366:
5202109260759590009236810:
5202109260800030008519041:
5202109260800120009298223:
5202109260800180004988793:
5202109260800210006041875:
5202109260800240009246202:
5202109260800250004997608:
5202109260800270004965754:
5202109260800290009253742:
5202109260800310008502189:
5202109260800330005009032:
5202109260800360009297056:
5202109260800380008506797:
5202109260800400004996445:
5202109260800420009339837:
5202109260800570008500312:
5202109260801480004994335:
5202109260801550009225494:
5202109260802110007410385:
5202109260802130009339834:
5202109260802150007410385:
5202109260804370009281814:
5202109260804430008703345:
5202109260805160009339803:
5202109260822070006014944:
5202109261659350004928366:
5202109261659380004995861:
5202109261659440008696894:
5202109261659490004946517:
5202109261659560008676811:
5202109261659580004989948:
5202109261700080009310727:
5202109261700200009254229:
5202109261700260006022852:
5202109261700290009298207:
5202109261700300008707911:
5202109261700330008690529:
5202109261700350004972420:
5202109261700360008506797:
5202109261700380004973700:
5202109261700410009342183:
5202109261700490001079288:
5202109261701140008510090:
5202109261701500004954090:
5202109261702140009294273:
5202109261702150006036993:
5202109261702540009254183:
5202109261702580004995116:
5202109261703160005254535:
5202109261703580004966750:
5202109261704000005255709:
5202109261704100004966066:
5202109261706320006033090:
5202109261706390004995938:
5202109261706480004962411:
5202109261708150009340483:
5202109261708250008686663:
5202109261710130004993146:
5202109261716400004927306:
5202109261716580008513950:
5202109261717090004976805:
5202109261727300004969726:
5202109261741190009351823:
5202109261801440008506766:
5202109261809340009293911:
5202109261812250008497463:
5202109261812270008508219:
5202109261855220004958690:
5202109261855300009236810:
5202109261855450009226392:
5202109261900030004988917:
5202109261900120008515502:
5202109261900140009232613:
5202109261900240008493286:
5202109261900270009342959:
5202109261900290008495616:
5202109261900310008702320:
5202109261900330008690794:
5202109261900410004951746:
5202109261900430009286616:
5202109261900450006018008:
5202109261900500004996199:
5202109261900530004931701:
5202109261900550008696238:
5202109261900570008711892:
5202109261901020004930974:
5202109261901040004923400:
5202109261901050009243147:
5202109261901070008692117:
5202109261901130004957428:
5202109261901150004940881:
5202109261901340009279481:
5202109261901360009310954:
5202109261901380004968004:
5202109261901420006039497:
5202109261901460005254923:
5202109261901500004992723:
5202109261901520009246202:
5202109261901540009346170:
5202109261901560009339834:
5202109261901580009281928:
5202109261902000008500888:
5202109261902010004046800:
5202109261902030009279709:
5202109261902050004965754:
5202109261902060004923454:
5202109261902090004992723:
5202109261902100008502189:
5202109261902120006028957:
5202109261902140009290264:
5202109261902150004975787:
5202109261902170006033902:
5202109261902190007407459:
5202109261902200004951477:
5202109261902220006036875:
5202109261902270008509901:
5202109261902300004981583:
5202109261902310004965814:
5202109261902330005255712:
5202109261902350004960782:
5202109261902360008494564:
5202109261902380008699606:
5202109261902400004951177:
5202109261902430004990397:
5202109261902470008692450:
5202109261902480004990397:
5202109261902500008517932:
5202109261902540009296798:
5202109261902560009276680:
5202109261902590004967416:
5202109261903000009296798:
5202109261903020004950546:
5202109261903030008517932:
5202109261903050006016275:
5202109261903070004932359:
5202109261903080004923605:
5202109261903100004931193:
5202109261903110004994074:
5202109261903150008512216:
5202109261903160004981298:
5202109261903190004975166:
5202109261903210004961787:
5202109261903220004957738:
5202109261903240004966761:
5202109261903260005012946:
5202109261903280009340824:
5202109261903300008493750:
5202109261903320004998401:
5202109261903340004922875:
5202109261903360004959001:
5202109261903380009352009:
5202109261903390004924182:
5202109261903410004998138:
5202109261903420004180013:
5202109261903450004994596:
5202109261903461513645885:
5202109261903480005255711:
5202109261903520008510716:
5202109261903540004989816:
5202109261903580008510716:
5202109261903590004985169:
5202109261904010005255711:
5202109261904030007402500:
5202109261904050004941773:
5202109261904070004997873:
5202109261904090006030118:
5202109261904110008717926:
5202109261904120004966903:
5202109261904140009323985:
5202109261904160009348762:
5202109261904180006039493:
5202109261904200008698279:
5202109261904230006032924:
5202109261904280006025445:
5202109261904300006032924:
5202109261904310006030142:
5202109261904340004949398:
5202109261904370004950845:
5202109261904390004967512:
5202109261904420009233710:
5202109261904440009282809:
5202109261904470009327416:
5202109261904490006037287:
5202109261904510009236809:
5202109261904530004993674:
5202109261904560004967073:
5202109261904580004937390:
5202109261905000009230781:
5202109261905020004997809:
5202109261905050007401654:
5202109261905060009326645:
5202109261905080009226412:
5202109261905100004951445:
5202109261905120004961715:
5202109261905140004989086:
5202109261905160009351308:
5202109261905190004976717:
5202109261905200004951489:
5202109261905220009354001:
5202109261905240004997608:
5202109261905260001108277:
5202109261905280009234480:
5202109261905300004969384:
5202109261905320004989365:
5202109261905340002851479:
5202109261905360004994119:
5202109261905380008515021:
5202109261905400008500184:
5202109261905420004927329:
5202109261905440004934727:
5202109261905570004961404:
5202109261906130004930090:
5202109261906250004988939:
5202109261906290008503915:
5202109261906310004968298:
5202109261906350004980727:
5202109261906370009346376:
5202109261906400009339273:
5202109261906440008701083:
5202109261908010009226812:
5202109261908350004937490:
5202109261908370009339219:
5202109261908490004989073:
5202109261908520004935186:
5202109261909520005258487:
5202109261910110009225481:
5202109261910170009281814:
5202109261910200009297056:
5202109261910330007410282:
5202109261911080004949101:
5202109261918240005248603:
5202109261918520009234486:
5202109261923220004924019:
5202109261923270004932362:
5202109261923290005270178:
5202109261923310004984899:
5202109261923330003920040:
5202109261923360008694659:
5202109261923370004955246:
5202109261923400008691017:
5202109261923420009321395:
5202109261923440004973075:
5202109261923460009225507:
5202109261923480008496310:
5202109261923490008493366:
5202109261923500009305457:
5202109261923530009347607:
5202109261923550006025812:
5202109261923570005258489:
5202109261923580009346707:
5202109261924010006030130:
5202109261924030006041715:
5202109261924040007402194:
5202109261924060006039969:
5202109261924080005266100:
5202109261924100004957545:
5202109261924110005254709:
5202109261924130004921536:
5202109261924140006031525:
5202109261924160004995927:
5202109261924180004995654:
5202109261924210009346362:
5202109261924230008500312:
5202109261924250009230754:
5202109261924260004989528:
5202109261924280009354401:
5202109261924300009225494:
5202109261924320008709011:
5202109261924330008503171:
5202109261924350009252984:
5202109261924370009341030:
5202109261924390007414082:
5202109261924430009280491:
5202109261924460004947107:
5202109261924490009341030:
5202109261925590009339824:
5202109261926030004943327:
5202109261926060009339803:
5202109261926080009303525:
5202109261926100009326612:
5202109261932190009322682:
5202109261932210007410385:
5202109261932270008698044:
5202109261942470008502364:
5202109261954210008517783:
5202109261954230004933649:
5202109261954240008706494:
5202109261954270009324076:
5202109261954300009241934:
5202109261954310009286880:
5202109261954330004967002:
5202109261955210004966690:
5202109261958560006039506:
5202109261959250008692560:
5202109262000500003892332:
5202109262000520009240533:
5202109262001460009287614:
5202109262001480005264543:
5202109262002010008714113:
5202109262002140004923159:
5202109262002160005012405:
5202109262002180008431645:
5202109262002440008494613:
5202109262002571513653096:
5202109262003230009253991:
5202109262003260005254540:
5202109262003420006016276:
5202109262003450008508290:
5202109262003470005268686:
5202109262003490006018006:
5202109262003520005012521:
5202109262004390004968208:
5202109262007120004929202:
5202109262009520004946487:
5202109262025430004930576:
5202109262032150008500113:
5202109262102080004986846:
5202109262125510009349952:
5202109262159020004926757:
5202109262159090007404782:
5202109262159120004996986:
5202109262200190004957235:
5202109262200440004923016:
5202109262200470004988793:
6202109260703020008709061:
6202109260727210006031524:
6202109260731470009326438:
6202109260733550009241075:
6202109260734000005006025:
6202109260735270005265554:
6202109260735300008517056:
6202109260737230004946192:
6202109260737490008504041:
6202109260740230004992307:
6202109260741070004953182:
6202109260741590007411542:
6202109260742060004977423:
6202109260742190004965866:
6202109260742220008499075:
6202109260742250001077425:
6202109260742270009339211:
6202109260743260008712785:
6202109260743390006040360:
6202109260744120009287614:
6202109260744320005255416:
6202109260744360009287614:
6202109260744430009292116:
6202109260745080009351758:
6202109260745250005266099:
6202109260745300004947159:
6202109260745350008708048:
6202109260745470000431430:
6202109260746010005012405:
6202109260746350009274203:
6202109260746420008494290:
6202109260746460004046800:
6202109260747010004962099:
6202109260747100004927120:
6202109260747350008493676:
6202109260747380008690234:
6202109260747420004946487:
6202109260747480004979341:
6202109260747560006039972:
6202109260748000004998663:
6202109260748160004974633:
6202109260748360008502735:
6202109260748390004951477:
6202109260748420004923400:
6202109260748590004989502:
6202109260749200008500378:
6202109260749230008681212:
6202109260749260005270182:
6202109260749290009293895:
6202109260749311513653096:
6202109260749410008689944:
6202109260749470004992155:
6202109260749500009283931:
6202109260749520009326609:
6202109260749550005009523:
6202109260749580004998194:
6202109260750000008499556:
6202109260750030004931257:
6202109260750200004998074:
6202109260750380008679943:
6202109260750530004996134:
6202109260750570004934669:
6202109260751120007412611:
6202109260751200004928604:
6202109260751230005254713:
6202109260751250005254543:
6202109260751280006039510:
6202109260751320004987532:
6202109260751420009348776:
6202109260751480006027609:
6202109260751550007402498:
6202109260751580004941774:
6202109260752070008494613:
6202109260752140006030484:
6202109260752160008715839:
6202109260752370004923159:
6202109260752410005254539:
6202109260752440008492410:
6202109260752460007398172:
6202109260752520008499867:
6202109260753090005250564:
6202109260753110004923110:
6202109260753140009325535:
6202109260753160009324879:
6202109260753190008709393:
6202109260753250009252946:
6202109260753310004975477:
6202109260753370008702698:
6202109260753420009335539:
6202109260753510009234108:
6202109260754010008683421:
6202109260754060001122577:
6202109260754090008511510:
6202109260754170006028451:
6202109260754200006039974:
6202109260754220009226812:
6202109260754260008508290:
6202109260754290004966066:
6202109260754320008497774:
6202109260754350008492776:
6202109260754380008716625:
6202109260754410004957235:
6202109260754440004987025:
6202109260754470004968194:
6202109260754490004989524:
6202109260754520005268686:
6202109260754540004990953:
6202109260754560005270179:
6202109260754590009232629:
6202109260755000005254712:
6202109260755030004957118:
6202109260755060004968679:
6202109260755080005262035:
6202109260755090004961532:
6202109260755130004987731:
6202109260755150004961532:
6202109260755180009278808:
6202109260755210008445992:
6202109260755230008693892:
6202109260755270009314247:
6202109260755300004922560:
6202109260755370009348748:
6202109260755390005263716:
6202109260755420004989820:
6202109260755450009233704:
6202109260755470004991584:
6202109260755490008714113:
6202109260755520004947993:
6202109260755540004948881:
6202109260755550001114611:
6202109260755570009343174:
6202109260755590006033000:
6202109260756010004946487:
6202109260756030009330829:
6202109260756050004045200:
6202109260756060003892332:
6202109260756080008698315:
6202109260756090004989794:
6202109260756110008431645:
6202109260756120008714837:
6202109260756140004932392:
6202109260756170009346367:
6202109260756190004967379:
6202109260756230009234457:
6202109260756260000424146:
6202109260756290009343593:
6202109260756340009232631:
6202109260756390004158333:
6202109260756480006016276:
6202109260756550004966490:
6202109260756570009308083:
6202109260756590009254908:
6202109260757000006015460:
6202109260757020008686117:
6202109260757030009285701:
6202109260757050009331842:
6202109260757070009354582:
6202109260757090009327615:
6202109260757100009343592:
6202109260757120009230815:
6202109260757140009342940:
6202109260757160009283164:
6202109260757180005254711:
6202109260757190009342978:
6202109260757210009326600:
6202109260757230006023662:
6202109260757240005254536:
6202109260757260009233695:
6202109260757280004956498:
6202109260757340009339195:
6202109260757370008711249:
6202109260757390008699992:
6202109260757410008701274:
6202109260757430004931897:
6202109260757440004922422:
6202109260757460004958069:
6202109260757480008507829:
6202109260757490009277203:
6202109260757510006018006:
6202109260757540005255708:
6202109260757560004937088:
6202109260757580009348543:
6202109260758010004921905:
6202109260758030006026834:
6202109260758050005265555:
6202109260758130004164864:
6202109260758170004953650:
6202109260758190005254540:
6202109260758220004929235:
6202109260758240005265553:
6202109260758280009240533:
6202109260758300008709488:
6202109260758320004997277:
6202109260758340008693920:
6202109260758360005006239:
6202109260758530008492065:
6202109260758560008695330:
6202109260758590006042240:
6202109260759070008704360:
6202109260759420004178213:
6202109260759530004941508:
6202109260759560009278607:
6202109260759580009342962:
6202109260800010009322590:
6202109260800030005254533:
6202109260800110009351964:
6202109260800140009282114:
6202109260800180009339144:
6202109260800210005254715:
6202109260800230007402467:
6202109260800330004936058:
6202109260800370008504091:
6202109260800450007421743:
6202109260800480008692032:
6202109260801050009290264:
6202109260801180005005802:
6202109260801200008692560:
6202109260801210009309504:
6202109260801230009230749:
6202109260802040004923617:
6202109260802080004968250:
6202109260802100004936413:
6202109260802240005263715:
6202109260802280005008528:
6202109260802300004998055:
6202109260802580008713928:
6202109260803380005012845:
6202109260859290004963347:
6202109260859340006016277:
6202109261035310009279594:
6202109261700020009226447:
6202109261701010009326609:
6202109261701120005254711:
6202109261701490009282114:
6202109261701530004990111:
6202109261701550009305547:
6202109261702140008506434:
6202109261703260009233704:
6202109261703350004922029:
6202109261703410004966066:
6202109261703500004969132:
6202109261703540009348543:
6202109261704160001114611:
6202109261704290004946192:
6202109261704320007409900:
6202109261704340005254716:
6202109261705140004994314:
6202109261705170004977423:
6202109261705370004968194:
6202109261705440004951237:
6202109261705550004178213:
6202109261707050006039972:
6202109261707110004968261:
6202109261748430005008528:
6202109261800290008492480:
6202109261801110006030482:
6202109261808520009339837:
6202109261859500004937625:
6202109261859540004990690:
6202109261859560009306586:
6202109261859580009232613:
6202109261900000009273013:
6202109261900010009351964:
6202109261900030007398172:
6202109261900050009331842:
6202109261900090009324629:
6202109261900110009331842:
6202109261900120008699992:
6202109261900140005254537:
6202109261900150009327615:
6202109261900170009343149:
6202109261900190008680900:
6202109261900240009286616:
6202109261900250008681212:
6202109261900270005248599:
6202109261900300004976407:
6202109261900310008696238:
6202109261900330008711892:
6202109261900350004966378:
6202109261900360008711892:
6202109261900380006040360:
6202109261900390008692117:
6202109261900410004965502:
6202109261900420009287195:
6202109261900440006030484:
6202109261900460004923400:
6202109261900470008494290:
6202109261900490005272252:
6202109261900510008689944:
6202109261900530004155886:
6202109261900560009337006:
6202109261900580009342962:
6202109261900590009325535:
6202109261901020009295891:
6202109261901040004927120:
6202109261901060008710216:
6202109261901070009348776:
6202109261901090004998194:
6202109261901100008692032:
6202109261901120005250570:
6202109261901130008687514:
6202109261901150004936413:
6202109261901170005250570:
6202109261901190006039497:
6202109261901210005254923:
6202109261901230008702698:
6202109261901240006039497:
6202109261901260004999443:
6202109261901280009309829:
6202109261901290004948881:
6202109261901310004936029:
6202109261901350006015460:
6202109261901370004046800:
6202109261901390006028957:
6202109261901400009290264:
6202109261901420008502189:
6202109261901430004158333:
6202109261901450004992875:
6202109261901460004975787:
6202109261901480004990953:
6202109261901500004945980:
6202109261901510008713928:
6202109261901530004990979:
6202109261901540004951477:
6202109261901560004928604:
6202109261901570004966178:
6202109261901590008501288:
6202109261902000004969598:
6202109261902020004967606:
6202109261902030008492065:
6202109261902050004989794:
6202109261902060004991528:
6202109261902080004950247:
6202109261902100004941508:
6202109261902130004923548:
6202109261902150008506597:
6202109261902260006023085:
6202109261902310009339195:
6202109261902340009284157:
6202109261902370006033000:
6202109261902390008683421:
6202109261902480004996134:
6202109261902520008497774:
6202109261902530009254908:
6202109261902590008492776:
6202109261903050009278808:
6202109261903070004975477:
6202109261903090004957118:
6202109261903110006027609:
6202109261903200008497634:
6202109261903220009324068:
6202109261903250004973078:
6202109261903270004966591:
6202109261903320004990085:
6202109261903340003916932:
6202109261903350007411542:
6202109261903390004996445:
6202109261903440004941774:
6202109261903470008493676:
6202109261903490007412611:
6202109261903530005008528:
6202109261903550008503489:
6202109261903570004991584:
6202109261903590003137754:
6202109261904010006017488:
6202109261904030008517056:
6202109261904040004966490:
6202109261904060000424167:
6202109261904070004932392:
6202109261904100008497935:
6202109261904110004977027:
6202109261904130009276489:
6202109261904150004998663:
6202109261904170009288913:
6202109261904210004968886:
6202109261904240008501482:
6202109261904280008509836:
6202109261904330008506074:
6202109261904360004989657:
6202109261905130004962761:
6202109261905220002851460:
6202109261905240005254543:
6202109261905420004999262:
6202109261906010009226812:
6202109261906210009335539:
6202109261906310009301802:
6202109261908350004979341:
6202109261910010008494964:
6202109261911150008499805:
6202109261911450008498971:
6202109261913590004927029:
6202109261927580004921905:
6202109261932320008505663:
6202109261959000008692560:
6202109261959540004967312:
6202109262000191513409863:
6202109262000210004967312:
6202109262000250009285513:
6202109262000280009240533:
6202109262000310003892332:
6202109262000340004936557:
6202109262000420004969304:
6202109262000450008516772:
6202109262000460004932608:
6202109262000560004949598:
6202109262000580006021994:
6202109262001000009287614:
6202109262001030005254533:
6202109262001050009281193:
6202109262001080006026834:
6202109262001090000431430:
6202109262001110004962099:
6202109262001130005263715:
6202109262001160004953182:
6202109262001180005266099:
6202109262001200008508757:
6202109262001220004956498:
6202109262001240004967379:
6202109262001260005254536:
6202109262001320005006239:
6202109262001340009252946:
6202109262001380004933902:
6202109262001400004987025:
6202109262001440009293895:
6202109262001470005254539:
6202109262001510008431645:
6202109262001520006025807:
6202109262001540008501795:
6202109262001560008499149:
6202109262001570008695905:
6202109262001590004997277:
6202109262002020009230749:
6202109262002050005009523:
6202109262002090005254539:
6202109262002110004928389:
6202109262002120004968100:
6202109262002140004934669:
6202109262002160004929016:
6202109262002180009285701:
6202109262002210009232631:
6202109262002220008712785:
6202109262002260009232653:
6202109262002270008494613:
6202109262002290005265554:
6202109262002310005254539:
6202109262002340005265555:
6202109262002361513653096:
6202109262002380008511510:
6202109262002430008507829:
6202109262002460004994575:
6202109262002570006024122:
6202109262002590004937088:
6202109262003010004938202:
6202109262003030008512035:
6202109262003050004948585:
6202109262003070005254540:
6202109262003090006039510:
6202109262003110004937089:
6202109262003130004931257:
6202109262003150004961532:
6202109262003170005254712:
6202109262003180004961532:
6202109262003200004958069:
6202109262003220006016276:
6202109262003240009292116:
6202109262003260008508290:
6202109262003270006018006:
6202109262003300005268686:
6202109262003320006039337:
6202109262003340007419049:
6202109262004000004989502:
6202109262004040006039129:
6202109262004060009283164:
6202109262004080005254929:
6202109262004100004987731:
6202109262004130007402512:
6202109262004160006022160:
6202109262004180005250564:
6202109262004200004923110:
6202109262004230008512859:
6202109262004260009339144:
6202109262004280009225500:
6202109262004300004998074:
6202109262004310004987532:
6202109262004370008709393:
6202109262004410006033720:
6202109262005020004928175:
6202109262005090004971518:
6202109262005330009254207:
6202109262006350008688253:
6202109262006460004993934:
6202109262006540008708560:
6202109262006570005255416:
6202109262007060004989524:
6202109262007380008698315:
6202109262007420006039130:
6202109262008260004967806:
6202109262010050006014349:
6202109262010580006042240:
6202109262012130008708048:
6202109262012150006039541:
6202109262015270006041103:
6202109262019540007407502:
6202109262019560006019315:
6202109262020010008494092:
6202109262021070009247509:
6202109262025540004992307:
6202109262027450004922422:
6202109262027470004927962:
6202109262027530009343364:
6202109262028010008708003:
6202109262028110009339211:
6202109262028140004989820:
6202109262028280005254713:
6202109262031060005266101:
6202109262034300009282101:
6202109262101550005270182:
6202109262103010009288870:
6202109262107020004967900:
6202109262107330008502735:
6202109262121060004947698:
6202109262121190004947993:
6202109262121210005254930:
6202109262121280004948259:
6202109262121310004991241:
6202109262121410005254930:
6202109262121520004948259:
6202109262121540005254930:
6202109262122020004991241:
6202109262123090007402498:
6202109262123120007398203:
6202109262123370008703345:
6202109262127400004179142:
6202109262131120008519041:
6202109262137490006028797:
6202109262158140006025823:
6202109262158330005254708:
6202109262158370008515578:
6202109262158390004926757:
6202109262158460008695330:
6202109262158480009274443:
6202109262158500009346033:
6202109262159030008714837:
6202109262200010009300413:
6202109262200030004957235:
6202109262200070004965866:
6202109262200090008690234:
6202109262200140001122577:
6202109262200170006015163:
6202109262200380004947159:
6202109262202030004922560:
6202109262203100005012845:
6202109262203130008499075:
6202109262204110004933960:
6202109262305460009241075:
6202109262305490005006025:
8202109260735370009324572:
8202109260737330007396382:
8202109260742090005001511:
8202109260745170009305260:
8202109260745220001087543:
8202109260746410004928211:
8202109260747240008511681:
8202109260747300008493092:
8202109260748041513631613:
8202109260748180008677903:
8202109260749080005001262:
8202109260749100004932608:
8202109260749400008500626:
8202109260749520009226391:
8202109260750030008496149:
8202109260750360004169060:
8202109260750450009273291:
8202109260751090008504234:
8202109260751140005008358:
8202109260751170004981013:
8202109260751290005008697:
8202109260751570004926757:
8202109260752110004967900:
8202109260752210005265552:
8202109260752320004991542:
8202109260752520009346340:
8202109260752570006027612:
8202109260753010008504736:
8202109260753030008716113:
8202109260753080005248602:
8202109260753110007421253:
8202109260753460003126360:
8202109260753580009234249:
8202109260754040006036336:
8202109260754150009311280:
8202109260754170004993812:
8202109260754190009250787:
8202109260754220009327620:
8202109260754240009296645:
8202109260754250005254706:
8202109260754280008499706:
8202109260754310006036997:
8202109260754330007407499:
8202109260754450009247696:
8202109260754480004974233:
8202109260754560009309524:
8202109260755000004929419:
8202109260755070004957311:
8202109260755160005004322:
8202109260755190006036994:
8202109260755220004924511:
8202109260755340009252994:
8202109260755430009324085:
8202109260755470009296645:
8202109260756040009341511:
8202109260756200009342984:
8202109260756230004931038:
8202109260756260008512783:
8202109260756290004926919:
8202109260756340004952880:
8202109260756360008493895:
8202109260756560004927575:
8202109260757000008679170:
8202109260757020008500083:
8202109260757120008710875:
8202109260757160008500493:
8202109260757210008500142:
8202109260757380009324068:
8202109260757400009346055:
8202109260757440008503979:
8202109260758310009346685:
8202109260758350001083930:
8202109260758460005254710:
8202109260758490004929198:
8202109260800130009231455:
8202109260802190008509836:
8202109260803260004987615:
8202109261700140009231455:
8202109261700360008501835:
8202109261700430008445656:
8202109261701000006041088:
8202109261701020004989259:
8202109261701070007395601:
8202109261701260009226433:
8202109261701300004169060:
8202109261701480003126360:
8202109261701500009324572:
8202109261701550004993812:
8202109261701570006027612:
8202109261702340008500142:
8202109261703330009324605:
8202109261703560004927939:
8202109261800070001087543:
8202109261800400004931038:
8202109261801120009342978:
8202109261801460008500083:
8202109261802370009324085:
8202109261802400009339225:
8202109261804510008493895:
8202109261804530004967114:
8202109261817180006020192:
8202109261859540009354349:
8202109261900000004990686:
8202109261900040009354349:
8202109261900070005260613:
8202109261900090005004322:
8202109261900110004990686:
8202109261900120004952880:
8202109261900140007421253:
8202109261900160005001262:
8202109261900170009246202:
8202109261900180006033902:
8202109261900200008499471:
8202109261900210008679170:
8202109261900240009352010:
8202109261900250009333812:
8202109261900260009341511:
8202109261900280009230812:
8202109261900300009250787:
8202109261900320004927575:
8202109261900350005265552:
8202109261900370008504736:
8202109261900390005254710:
8202109261900410004957855:
8202109261900420005255714:
8202109261900440009346340:
8202109261900460008693920:
8202109261900480002851443:
8202109261900510004988966:
8202109261900520004936854:
8202109261900540007396382:
8202109261900560008709488:
8202109261900570009342984:
8202109261900590009326600:
8202109261901000009252994:
8202109261901020005001511:
8202109261901040004957311:
8202109261901060009286387:
8202109261901080008495556:
8202109261901100008506212:
8202109261901110007421735:
8202109261901130000431385:
8202109261901150008493340:
8202109261901170005008358:
8202109261901190009226391:
8202109261901200008511222:
8202109261901220009280051:
8202109261901240009296645:
8202109261901250008710875:
8202109261901270005264545:
8202109261901290009343593:
8202109261901310005254706:
8202109261901370004164864:
8202109261901400006039974:
8202109261901400009295454:
8202109261901430004164864:
8202109261901450009346685:
8202109261901470006016091:
8202109261901490008498021:
8202109261901500009339818:
8202109261901520000424146:
8202109261901530009326626:
8202109261901551513631613:
8202109261901560008511681:
8202109261901580009339821:
8202109261902000009354827:
8202109261902030005254534:
8202109261902050004946812:
8202109261902070009247701:
8202109261902090005265557:
8202109261902100009226817:
8202109261902120006036336:
8202109261902140009311280:
8202109261902160009234249:
8202109261902180001083930:
8202109261902190004935638:
8202109261902210004926919:
8202109261902210008499706:
8202109261902240004965190:
8202109261902260004928211:
8202109261902280009232629:
8202109261902290004924676:
8202109261902310004968592:
8202109261902330009354391:
8202109261902350009226797:
8202109261902360004929641:
8202109261902380008500493:
8202109261902400004974544:
8202109261902420004974233:
8202109261902440004948289:
8202109261902460004936688:
8202109261902480004924511:
8202109261902520008493217:
8202109261902590009348603:
8202109261903010009327620:
8202109261903040007407499:
8202109261903160009226821:
8202109261903190004929198:
8202109261903220009253739:
8202109261903300008500626:
8202109261904030004936293:
8202109261904060004991542:
8202109261904180006021988:
8202109261904370008496149:
8202109261904380008495426:
8202109261904580004923699:
8202109261905160008512783:
8202109261906460008517323:
8202109261906550009308083:
8202109261907140004987615:
8202109261907170008510188:
8202109261910160008503089:
8202109261958040004975255:
8202109262000140009272187:
8202109262000330006036504:
8202109262000350004996716:
8202109262000370006028960:
8202109262000540007402196:
8202109262001110009290271:
8202109262001540009273291:
8202109262001560008504234:
8202109262002190009273291:
8202109262003560004939835:
8202109262005240009278607:
8202109262005360002854367:
8202109262016230008503979:
