2202109060716040006027540:
2202109060716070005006768:
2202109060719230004965716:
2202109060722130006039998:
2202109060723210005009032:
2202109060728480009307295:
2202109060732570007398914:
2202109060733000008495037:
2202109060734480006026835:
2202109060735210008698044:
2202109060736470004933649:
2202109060736560008494564:
2202109060738040009254926:
2202109060738160006022160:
2202109060738250006025806:
2202109060738300006021875:
2202109060738330004947963:
2202109060738360004972767:
2202109060738450004924346:
2202109060741230008497657:
2202109060741270009234089:
2202109060741290009246193:
2202109060741330004931010:
2202109060741390007395592:
2202109060742010009304051:
2202109060742170004995116:
2202109060742340006036321:
2202109060743420006022439:
2202109060745280004966802:
2202109060746190009279728:
2202109060746230004924676:
2202109060746570008506912:
2202109060747060007421690:
2202109060747080008506912:
2202109060747510004968208:
2202109060748040008503198:
2202109060748070009297569:
2202109060748211513646659:
2202109060748400006019430:
2202109060748590004960782:
2202109060749080009281193:
2202109060749100004950247:
2202109060749160006041088:
2202109060749200008493286:
2202109060749230004968394:
2202109060749260001079879:
2202109060749320004986846:
2202109060749390004949177:
2202109060749490004936954:
2202109060749590008680789:
2202109060750040008680442:
2202109060750070006014349:
2202109060750090007421743:
2202109060750210009283296:
2202109060750220009326618:
2202109060750430004923159:
2202109060750450004987436:
2202109060750510006031526:
2202109060751020004970618:
2202109060751070006039506:
2202109060751170004922287:
2202109060751280008682585:
2202109060751321513643510:
2202109060751340004985960:
2202109060751430008424093:
2202109060751480009290365:
2202109060752040006030135:
2202109060752090008493833:
2202109060752320008706494:
2202109060752340004967967:
2202109060752370004970306:
2202109060752431513626317:
2202109060752480008503915:
2202109060752500008429638:
2202109060752540008495972:
2202109060753040004992439:
2202109060753110009286624:
2202109060753180008681883:
2202109060753280009226826:
2202109060753490004958379:
2202109060753550004950546:
2202109060753580009339795:
2202109060754040004968716:
2202109060754050004986057:
2202109060754080008498188:
2202109060754100004986942:
2202109060754110009300596:
2202109060754140009313676:
2202109060754160004966378:
2202109060754180004947107:
2202109060754190009289101:
2202109060754210008690794:
2202109060754230009326645:
2202109060754270004946782:
2202109060754290007402482:
2202109060754310004941773:
2202109060754330000431412:
2202109060754350004924260:
2202109060754440009276908:
2202109060754520008506766:
2202109060754550004988917:
2202109060754580004948851:
2202109060755020009340824:
2202109060755060008701527:
2202109060755080008678354:
2202109060755130006033001:
2202109060755150007407459:
2202109060755170004949598:
2202109060755210009281753:
2202109060755230004967416:
2202109060755250009298207:
2202109060755260006022852:
2202109060755280004935186:
2202109060755320006029988:
2202109060755340009254229:
2202109060755370009232613:
2202109060755410004933902:
2202109060755430006030142:
2202109060755460009253997:
2202109060755491513628688:
2202109060755500004969090:
2202109060755520009226440:
2202109060755540008506907:
2202109060755570008500312:
2202109060755590009341030:
2202109060756000009278862:
2202109060756070008492705:
2202109060756100004951477:
2202109060756160009287011:
2202109060756170009275335:
2202109060756190009285701:
2202109060756210006016275:
2202109060756230004948585:
2202109060756250004921669:
2202109060756270009321334:
2202109060756290008701083:
2202109060756310009294273:
2202109060756330004969653:
2202109060756370009254002:
2202109060756400006022003:
2202109060756420004923617:
2202109060756440007415195:
2202109060756460009342035:
2202109060756480008709369:
2202109060756500004954090:
2202109060756520008696388:
2202109060756540004967806:
2202109060756560008439606:
2202109060756580004921380:
2202109060756590004968555:
2202109060757010004921380:
2202109060757020009243147:
2202109060757040008694944:
2202109060757060004163548:
2202109060757080004966490:
2202109060757100008497935:
2202109060757110009252984:
2202109060757140004975875:
2202109060757160008497276:
2202109060757190008502693:
2202109060757220009343567:
2202109060757240004940674:
2202109060757260002851478:
2202109060757290009324604:
2202109060757350008493028:
2202109060757380004931701:
2202109060757390004966178:
2202109060757430004931193:
2202109060757450004991554:
2202109060757500008711445:
2202109060757520009339144:
2202109060757540009297664:
2202109060757560009314286:
2202109060757580009346063:
2202109060758010004937625:
2202109060758040006030145:
2202109060758060008707832:
2202109060758070004928366:
2202109060758100009253991:
2202109060758120006017488:
2202109060758130004968004:
2202109060758150009283164:
2202109060758170009344566:
2202109060758190009276489:
2202109060758200008506212:
2202109060758220004963659:
2202109060758240004976805:
2202109060758240004980727:
2202109060758270009340483:
2202109060758290004989259:
2202109060758310004960160:
2202109060758330009232653:
2202109060758350007402512:
2202109060758370009346038:
2202109060758390008512859:
2202109060758400004968886:
2202109060758420004954665:
2202109060758440006039337:
2202109060758460003918790:
2202109060758500006021994:
2202109060758580008688253:
2202109060759000006016090:
2202109060759020009302534:
2202109060759040006039130:
2202109060759060003132773:
2202109060759070008495616:
2202109060759100009290271:
2202109060759120003137754:
2202109060759140004947993:
2202109060759160004966449:
2202109060759190008505663:
2202109060759220009326612:
2202109060759260006021991:
2202109060759280002851465:
2202109060759300004921466:
2202109060759320008516772:
2202109060759330009339828:
2202109060759350009288638:
2202109060759370009279481:
2202109060759400008715034:
2202109060759420001077421:
2202109060759430006042240:
2202109060759450004951746:
2202109060759480006030482:
2202109060759500006039497:
2202109060759530007419049:
2202109060759560009339524:
2202109060759590009293911:
2202109060800010009330833:
2202109060800030008709061:
2202109060800050008686663:
2202109060800070006024859:
2202109060800090008701103:
2202109060800100006026834:
2202109060800120004928175:
2202109060800140004976407:
2202109060800150006019428:
2202109060800180008496191:
2202109060800200009277203:
2202109060800220008494333:
2202109060800240007422489:
2202109060800260007409900:
2202109060800330009254207:
2202109060800350009301551:
2202109060800370008500889:
2202109060800380004927750:
2202109060800400006033720:
2202109060800420009348542:
2202109060800450004930974:
2202109060800520006041715:
2202109060800530008696894:
2202109060800560004961221:
2202109060800580004967312:
2202109060800590004990690:
2202109060801000004969598:
2202109060801050007421269:
2202109060801110004999262:
2202109060801140007421269:
2202109060801150009337903:
2202109060801180009290264:
2202109060801200006020195:
2202109060801270008497463:
2202109060801310009290264:
2202109060801350008500888:
2202109060801370009309829:
2202109060801560008494964:
2202109060802010008508587:
2202109060802050008499149:
2202109060802080004947698:
2202109060802100008698795:
2202109060802130006029990:
2202109060802250004975565:
2202109060802280006031525:
2202109060802340007402196:
2202109060802440009226412:
2202109060802460009236810:
2202109060802480009274443:
2202109060802510009340801:
2202109060802550008509836:
2202109060802570009248283:
2202109060803030004940114:
2202109060803050004953953:
2202109060803290009307388:
2202109060803400009311703:
2202109060803490009291663:
2202109060803560006022855:
2202109060804050009313530:
2202109060804230009351758:
2202109060804310007421210:
2202109060804350008510378:
2202109060804480004967606:
2202109060804540006039993:
2202109060805100008426248:
2202109060805120006028451:
2202109060805140008498988:
2202109060805320004939835:
2202109060805370009292077:
2202109060806080001089614:
2202109060806100006036505:
2202109060806380008515578:
2202109060807180009298223:
2202109060808130009226392:
2202109060808170005012845:
2202109060809060009254000:
2202109060809240004985430:
2202109060809410008710957:
2202109060810270009321319:
2202109060810470008502364:
2202109060811500006042277:
2202109060812090006019315:
2202109060812140008506632:
2202109060815230009234240:
2202109060816120009303525:
2202109060816130009339824:
2202109060818130008677773:
2202109060820140008693150:
2202109060828050009293535:
2202109060836480006014941:
2202109060838030006041103:
2202109060910230009290471:
2202109060929200009298073:
2202109060929210009310727:
2202109061700010009305547:
2202109061700030006026834:
2202109061700190004996481:
2202109061700210008494010:
2202109061701140009279481:
2202109061702260009339795:
2202109061702300009226826:
2202109061702340007421743:
2202109061702360004934727:
2202109061702380008499208:
2202109061702480006029988:
2202109061702500008494656:
2202109061702520009253997:
2202109061703030008494564:
2202109061703060006037287:
2202109061703100007401654:
2202109061703130001083110:
2202109061703150006016275:
2202109061703170004927329:
2202109061703190006016275:
2202109061703220006032924:
2202109061703240004941773:
2202109061703260008690941:
2202109061703280009296798:
2202109061703300007413810:
2202109061703320008510716:
2202109061703330004180013:
2202109061703350008517932:
2202109061703380004975875:
2202109061703400004968004:
2202109061703410004940674:
2202109061703470009232378:
2202109061703490009330833:
2202109061703500004931193:
2202109061703520009254183:
2202109061703540009340824:
2202109061703560008494333:
2202109061703580004995116:
2202109061703590009326612:
2202109061704050004967416:
2202109061704070009321334:
2202109061704090009290365:
2202109061704100008500184:
2202109061704120004931478:
2202109061704140004951445:
2202109061704220004961787:
2202109061704260004927998:
2202109061704430006030142:
2202109061704450008682585:
2202109061704500004928366:
2202109061704560004961715:
2202109061705050008503915:
2202109061705070007407459:
2202109061705210004937490:
2202109061705430009226412:
2202109061705540008701083:
2202109061705590009324604:
2202109061706260007422489:
2202109061706280009248283:
2202109061706350008694944:
2202109061706450008707832:
2202109061706480008710957:
2202109061706510009300596:
2202109061706540006751664:
2202109061711360009344566:
2202109061714030009303525:
2202109061715360009286880:
2202109061718140008505663:
2202109061720160008510378:
2202109061745300009343364:
2202109061749031513646659:
2202109061807160004985430:
2202109061846190009311703:
2202109061847540006042277:
2202109061859180009313530:
2202109061902170002851478:
2202109061902190004972767:
2202109061902430008497276:
2202109061902450004965716:
2202109061902510007415195:
2202109061902560009307295:
2202109061903180004954665:
2202109061903240004922287:
2202109061903300006019430:
2202109061903340009326618:
2202109061903380009314286:
2202109061903411513628688:
2202109061903420000431412:
2202109061903450004936954:
2202109061903470008709369:
2202109061903500006033001:
2202109061903520009301551:
2202109061903530008678354:
2202109061903550004967967:
2202109061903560009287011:
2202109061903580008701527:
2202109061904000008493028:
2202109061904020004921380:
2202109061904040008508587:
2202109061904070008429638:
2202109061904090004924346:
2202109061904180008506907:
2202109061904290004992439:
2202109061904340004950247:
2202109061904410004970306:
2202109061904420006019428:
2202109061904440004970306:
2202109061904460009325535:
2202109061904490009297569:
2202109061905180009339828:
2202109061905220009293911:
2202109061906310009275335:
2202109061906340009281753:
2202109061906380004977423:
2202109061906430004921466:
2202109061907060009297664:
2202109061909400004968394:
2202109061909440008686663:
2202109061909470009340483:
2202109061910080001079879:
2202109061910130004960160:
2202109061910130004970618:
2202109061911310008492705:
2202109061911511513643510:
2202109061915210004946782:
2202109061918380009246193:
2202109061918410008426248:
2202109061929180009236810:
2202109061932030006022439:
2202109061932080004963659:
2202109061933010004948851:
2202109061950050009286624:
2202109061953480009226392:
2202109061954380009289101:
2202109061956210006029990:
2202109061957360009307388:
2202109061957460007402482:
2202109061957530004921669:
2202109062000020009283296:
2202109062000080009276908:
2202109062000130008681883:
2202109062000160004991554:
2202109062000310009346038:
2202109062000470006021875:
2202109062000490009346038:
2202109062002090006030135:
2202109062002480004930974:
2202109062004020004947698:
2202109062004030004966802:
2202109062004150008498971:
2202109062004190005009032:
2202109062005150008496191:
2202109062006050008709061:
2202109062013380008508441:
2202109062100370004947993:
2202109062102030004947993:
2202109062256250008439606:
3202109060720570008501288:
3202109060732330001099428:
3202109060735230006036318:
3202109060736480008499556:
3202109060737100004942040:
3202109060739050008692290:
3202109060740180008494010:
3202109060741070008503303:
3202109060741510008513325:
3202109060742410009323446:
3202109060742590004968592:
3202109060743050006028953:
3202109060743100007395592:
3202109060743190005001068:
3202109060744030006039016:
3202109060744530006028957:
3202109060744570004975787:
3202109060745100008715839:
3202109060745131513637255:
3202109060745160009234458:
3202109060745190008512375:
3202109060745220003117204:
3202109060745310003137991:
3202109060745400004959868:
3202109060746130004935638:
3202109060746270004997255:
3202109060746320002851485:
3202109060746470008687514:
3202109060747080004969304:
3202109060747170009226391:
3202109060747560004931925:
3202109060748120008680900:
3202109060748240009247521:
3202109060748320008692117:
3202109060748400004972456:
3202109060748540004935446:
3202109060749080009275492:
3202109060749160009295891:
3202109060749180008494290:
3202109060749340004930821:
3202109060749370009335560:
3202109060749440004992155:
3202109060749460008713928:
3202109060749490004927539:
3202109060749530004928640:
3202109060750000004957118:
3202109060750070008497634:
3202109060750170004998924:
3202109060750200005008697:
3202109060751000004933136:
3202109060751020008711197:
3202109060751160005008358:
3202109060751200004927786:
3202109060751240004981013:
3202109060751290004989657:
3202109060751320004969994:
3202109060751340009301802:
3202109060751380009324606:
3202109060751420006023085:
3202109060751440009306586:
3202109060751460005001262:
3202109060751480006018008:
3202109060751520004935794:
3202109060751550004996406:
3202109060751580004936854:
3202109060752040004948881:
3202109060752130009306129:
3202109060752180004928152:
3202109060752210005004742:
3202109060752230008502984:
3202109060752270007402205:
3202109060752290008712381:
3202109060752310009326609:
3202109060752350004946812:
3202109060752430004155886:
3202109060752560004927156:
3202109060752590008681103:
3202109060753010009343593:
3202109060753050009236820:
3202109060753070004932886:
3202109060753100004998074:
3202109060753150009252962:
3202109060753170009339818:
3202109060753200004942841:
3202109060753220009326650:
3202109060753250009339930:
3202109060753300004999443:
3202109060753330008518736:
3202109060753370004993812:
3202109060753390009281874:
3202109060753410008501953:
3202109060753450009339254:
3202109060753480009325535:
3202109060753490006039541:
3202109060753520009343384:
3202109060753560004936149:
3202109060754070004970930:
3202109060754100006032999:
3202109060754130003126147:
3202109060754170008495972:
3202109060754240009287195:
3202109060754300006030480:
3202109060754330009234248:
3202109060755060009342954:
3202109060755080009339802:
3202109060755120004953650:
3202109060755160008689944:
3202109060755210004164864:
3202109060755240004993595:
3202109060755270004922422:
3202109060755280004990953:
3202109060755310008500378:
3202109060755340008514795:
3202109060755400009252970:
3202109060755440008691341:
3202109060755471513653821:
3202109060755500004989794:
3202109060755550004957621:
3202109060755580009348776:
3202109060756020004923548:
3202109060756180008516420:
3202109060756260004994835:
3202109060756280004973922:
3202109060756310004926955:
3202109060756330008717268:
3202109060756350009286387:
3202109060756370009337006:
3202109060756390006041721:
3202109060756400003137967:
3202109060756430004941508:
3202109060756530008507829:
3202109060756570009273013:
3202109060757000008686117:
3202109060757040008690203:
3202109060757080008699992:
3202109060757100009331842:
3202109060757120008518703:
3202109060757150008517323:
3202109060757180006023662:
3202109060757200008680280:
3202109060757240004932638:
3202109060757490004996481:
3202109060757510009233697:
3202109060758100008514966:
3202109060758160009226952:
3202109060758180008495468:
3202109060758260009300590:
3202109060758280008692032:
3202109060758300009233695:
3202109060758320008698121:
3202109060758340009324637:
3202109060758360009354391:
3202109060758390008714113:
3202109060758410009286996:
3202109060758430004929235:
3202109060758470008703693:
3202109060758500004961532:
3202109060758520009308083:
3202109060758540008429633:
3202109060759000009340470:
3202109060759030004967710:
3202109060759060008493217:
3202109060759070004975477:
3202109060759090009348603:
3202109060759110009342978:
3202109060759130008708560:
3202109060759150006015460:
3202109060759170008711892:
3202109060759200009280051:
3202109060759240005012741:
3202109060759260008697764:
3202109060759290000424007:
3202109060759410004940881:
3202109060759430004948289:
3202109060759460004929641:
3202109060800250008698315:
3202109060800410004998055:
3202109060800460004934470:
3202109060801020004991528:
3202109060801180007402467:
3202109060801210008493770:
3202109060801410008704360:
3202109060802300004990690:
3202109060802430005012633:
3202109060803170008504091:
3202109060810120008503489:
3202109060818370009275624:
3202109061659060009351768:
3202109061659380003918790:
3202109061659550009281874:
3202109061700000009335560:
3202109061700020008704360:
3202109061700040008515502:
3202109061700050008684967:
3202109061700070006028953:
3202109061700090008502984:
3202109061700100009243147:
3202109061700120008681103:
3202109061700140009284157:
3202109061700160009247521:
3202109061700170008518703:
3202109061700190009339930:
3202109061700200008503303:
3202109061700220008697063:
3202109061700240009323446:
3202109061700250009343384:
3202109061700270004932886:
3202109061700280008716625:
3202109061700300009339792:
3202109061700320009274443:
3202109061700350004934470:
3202109061700370009326650:
3202109061700390008693920:
3202109061700410008702698:
3202109061700420008681212:
3202109061700440008693920:
3202109061700450007398172:
3202109061700470004936029:
3202109061700480008714113:
3202109061700500004975787:
3202109061700510004990953:
3202109061700530001099428:
3202109061700540009351830:
3202109061700560008679943:
3202109061700580004957118:
3202109061701000009275492:
3202109061701020008687514:
3202109061701040009326609:
3202109061701070004937930:
3202109061701080004991528:
3202109061701100009252962:
3202109061701120008498021:
3202109061701140004927156:
3202109061701170008685403:
3202109061701180008712381:
3202109061701200008494201:
3202109061701220009330829:
3202109061701230007421690:
3202109061701250008693892:
3202109061701270006028451:
3202109061701290009287195:
3202109061701300008512375:
3202109061701320008495972:
3202109061701340003126147:
3202109061701360009326626:
3202109061701380000424146:
3202109061701400009354349:
3202109061701420004998924:
3202109061701440003137967:
3202109061701471513626317:
3202109061701481513637255:
3202109061701500008680280:
3202109061701520008501288:
3202109061701540004933136:
3202109061701560009234248:
3202109061701570005012633:
3202109061701590006023085:
3202109061702030004961825:
3202109061702060009331842:
3202109061702080009354825:
3202109061702110004927786:
3202109061702130006030480:
3202109061702160008691341:
3202109061702180009354582:
3202109061702200005011308:
3202109061702230004942040:
3202109061702240004158333:
3202109061702270009326658:
3202109061702280004930821:
3202109061702300006025403:
3202109061702330008686117:
3202109061702430009339195:
3202109061702470004973922:
3202109061703050009280051:
3202109061703160009232350:
3202109061703460008699992:
3202109061703490008692290:
3202109061703530008696388:
3202109061703570004965754:
3202109061704070006016090:
3202109061704080008688253:
3202109061704140009340470:
3202109061704160009337903:
3202109061704210004959868:
3202109061704470004931701:
3202109061705580006030484:
3202109061712030008693150:
3202109061712050006032999:
3202109061712200008506766:
3202109061712300009234457:
3202109061712380009233695:
3202109061712490009286996:
3202109061712580004923548:
3202109061713080009348776:
3202109061717030007402467:
3202109061748000008503489:
3202109061759390009272020:
3202109061800270009324637:
3202109061801110004928152:
3202109061801290004994835:
3202109061801370009255827:
3202109061802320009254000:
3202109061802350004985169:
3202109061802370004931925:
3202109061802410008492065:
3202109061803330008499556:
3202109061803350004998055:
3202109061803390008692032:
3202109061804060008513325:
3202109061805430007395592:
3202109061805511513653821:
3202109061805520009304051:
3202109061805540007395592:
3202109061805571513653821:
3202109061806500009309829:
3202109061809120009309504:
3202109061810520004970930:
3202109061826340008698121:
3202109061826350009274203:
3202109061859590008697764:
3202109061900010008680900:
3202109061900060004935794:
3202109061900380008494290:
3202109061900420009306129:
3202109061901040008692117:
3202109061901060008709488:
3202109061901080009324629:
3202109061901100006018008:
3202109061901120009351964:
3202109061901130009348748:
3202109061901150009226797:
3202109061901170003137991:
3202109061901190008711892:
3202109061901200009339254:
3202109061901240004155886:
3202109061901260008503339:
3202109061901280009234458:
3202109061901290006039497:
3202109061901360009306586:
3202109061901370008690203:
3202109061901410009308083:
3202109061901500008514795:
3202109061901550008711197:
3202109061901570008518736:
3202109061901590006039541:
3202109061902010008715839:
3202109061902030000439530:
3202109061902060006021991:
3202109061902080008707911:
3202109061902100008492410:
3202109061902120005004742:
3202109061902140009322602:
3202109061902160004966378:
3202109061902180009253742:
3202109061902200004972456:
3202109061902230004986942:
3202109061902250004968679:
3202109061902270004929235:
3202109061902290004998074:
3202109061902330008516420:
3202109061902350004956198:
3202109061902410004993595:
3202109061902440009325535:
3202109061902460006020195:
3202109061902480009252970:
3202109061902510008500889:
3202109061902550004975166:
3202109061903040006039016:
3202109061903070009351758:
3202109061903120009342997:
3202109061903230009324879:
3202109061903240009286387:
3202109061903310004937390:
3202109061903440004948289:
3202109061903530005001068:
3202109061904240009348542:
3202109061904410004999262:
3202109061905360008501942:
3202109061907120009326438:
3202109061913340006022420:
3202109061919550008502189:
3202109061923020008494092:
3202109061924290008677300:
3202109061957470001089614:
3202109062000200004932638:
3202109062000230005004322:
3202109062000410004989657:
3202109062000570004169060:
3202109062001000006041721:
3202109062001040003132773:
3202109062001240009327615:
3202109062001300004967710:
3202109062001340004940881:
3202109062001480004935446:
3202109062001500009273013:
3202109062001520004999443:
3202109062001540004929641:
3202109062001570000424167:
3202109062001580008498188:
3202109062002000008701103:
3202109062002030004942841:
3202109062002060009339802:
3202109062002080009342954:
3202109062002090008497634:
3202109062002120004996406:
3202109062002140006030145:
3202109062002160009290264:
3202109062002170004941508:
3202109062002200006022003:
3202109062002250009321321:
3202109062002320004928640:
3202109062002370009340801:
3202109062002450009343567:
3202109062002470009336990:
3202109062002490006025823:
3202109062003080004923617:
3202109062003100009352010:
3202109062003130003137754:
3202109062003160006036336:
3202109062003180004989794:
3202109062003520008517323:
3202109062003560009295891:
3202109062004010008698795:
3202109062004210006039974:
3202109062004230009346173:
3202109062004240004974855:
3202109062004270004994596:
3202109062004300004936322:
3202109062004310009277203:
3202109062004330004922875:
3202109062004380008677773:
3202109062004440009277203:
3202109062004460008677773:
3202109062004480005008358:
3202109062004500004975565:
3202109062004520009301802:
3202109062004550004974544:
3202109062004580005008697:
3202109062005020007421210:
3202109062005040008429633:
3202109062005180004927539:
3202109062005210009234240:
3202109062005220009339144:
3202109062005270004957621:
3202109062005320006015460:
3202109062005340006023662:
3202109062005380004936149:
3202109062005490004969304:
3202109062005510004961532:
3202109062005540008708560:
3202109062005550008698315:
3202109062005570008495468:
3202109062005590009226952:
3202109062006010004946812:
3202109062006140009236868:
3202109062006170008514966:
3202109062006180008501953:
3202109062006200008493217:
3202109062006230004924676:
3202109062006240009348603:
3202109062006260009346367:
3202109062006280009343174:
3202109062006300004948881:
3202109062006330008504091:
3202109062006380009233697:
3202109062006400005012741:
3202109062007060008493770:
3202109062007090006042240:
3202109062007110004936854:
3202109062007170006036318:
3202109062007200004926955:
3202109062007400004967900:
3202109062007580009234108:
3202109062008000002851485:
3202109062008040008494964:
3202109062008070008515578:
3202109062008270004968208:
3202109062008470009254212:
3202109062008490009324068:
3202109062009530008508441:
3202109062010560004969598:
3202109062012000004985960:
3202109062050250009300590:
3202109062054470006039998:
4202109060732210004974322:
4202109060732250009231425:
4202109060737580004926919:
4202109060738301513653075:
4202109060739430004991241:
4202109060743220009285513:
4202109060745070006015165:
4202109060746400004996470:
4202109060747020009234108:
4202109060747240007398203:
4202109060747290006027612:
4202109060748090004974233:
4202109060748110008493092:
4202109060748170009331044:
4202109060748370004974544:
4202109060748500007404978:
4202109060749110009272601:
4202109060749310008690224:
4202109060749330009346340:
4202109060749400004936293:
4202109060750120003116965:
4202109060750260004929419:
4202109060750390004936588:
4202109060750450009338161:
4202109060750470004928211:
4202109060750490004923758:
4202109060751040008504234:
4202109060751090004967114:
4202109060751170009339821:
4202109060751370009339225:
4202109060751390008500142:
4202109060751530008695597:
4202109060751570004958669:
4202109060752000001087543:
4202109060752010008495426:
4202109060752040004991542:
4202109060752090009230812:
4202109060752110006039129:
4202109060752180005001511:
4202109060752260004967900:
4202109060752480009322602:
4202109060752510007407499:
4202109060752530008493340:
4202109060752560009324085:
4202109060752570002854367:
4202109060752590008501835:
4202109060753020004965442:
4202109060753050004962411:
4202109060753100009234249:
4202109060753120005004322:
4202109060753200006022158:
4202109060753210008496149:
4202109060753230004990085:
4202109060753340008716113:
4202109060753360004927939:
4202109060753380006027345:
4202109060753410006028799:
4202109060753480006036504:
4202109060753500006028960:
4202109060753530008499706:
4202109060753550009272187:
4202109060753580008499471:
4202109060754010008499867:
4202109060754020009283323:
4202109060754140009247701:
4202109060754160006020192:
4202109060754230009253739:
4202109060754300009324605:
4202109060754340004975255:
4202109060754400004952880:
4202109060754470008512783:
4202109060754500009252994:
4202109060754520009341511:
4202109060754530004957311:
4202109060754550009327620:
4202109060754570000424167:
4202109060754590004941228:
4202109060755010004996716:
4202109060755030006036336:
4202109060755070003126360:
4202109060755170008493895:
4202109060755220009324118:
4202109060755270008679170:
4202109060755330005008693:
4202109060755430008500083:
4202109060755460008710875:
4202109060755480008494427:
4202109060755500006035802:
4202109060755520006013128:
4202109060755580009343592:
4202109060756010009234457:
4202109060756070006021988:
4202109060756090009346685:
4202109060756100004929198:
4202109060756270009226797:
4202109060756300004962137:
4202109060756330004924511:
4202109060756350003916932:
4202109060756390009226817:
4202109060756400008510188:
4202109060756420004928425:
4202109060756480004928798:
4202109060756520009295454:
4202109060756540006039974:
4202109060756560007407459:
4202109060757020004923699:
4202109060757030009342143:
4202109060757050009298206:
4202109060757130007395601:
4202109060757150009342984:
4202109060757170004953788:
4202109060757230009341742:
4202109060757260009226821:
4202109060757320009354827:
4202109060757480004988966:
4202109060757490004978162:
4202109060757520009333812:
4202109060757540009339817:
4202109060758070008695667:
4202109060758120008684967:
4202109060758140009327564:
4202109060758160001083930:
4202109060758170006020220:
4202109060758190009272020:
4202109060758200009342997:
4202109060758220009342035:
4202109060758270004179293:
4202109060758310009351768:
4202109060758350008492065:
4202109060758420009274874:
4202109060758440009226385:
4202109060758450009231455:
4202109060758470008708992:
4202109060758480006041875:
4202109060758500004936058:
4202109060758570009352010:
4202109060759000008445656:
4202109060759050004990375:
4202109060759070007401131:
4202109060759090009311280:
4202109060759200004169060:
4202109060759220008495556:
4202109060759250000431385:
4202109060759400004948259:
4202109060800250006036994:
4202109060800280008503979:
4202109060800300009226433:
4202109060800320009346035:
4202109060800340006036997:
4202109060800360008503089:
4202109060800370008499047:
4202109060801030009246202:
4202109060801050009321481:
4202109060801180004938474:
4202109060801260004933960:
4202109060802070008717694:
4202109060802590008519041:
4202109060803070009324572:
4202109060818010004921785:
4202109060827330009226399:
4202109061700170009342981:
4202109061700210006031524:
4202109061700230009322590:
4202109061700240009226385:
4202109061700570008504234:
4202109061701020004967114:
4202109061701080008500888:
4202109061701100008695597:
4202109061701140009236820:
4202109061701150008445656:
4202109061701270007401131:
4202109061701330008690224:
4202109061701370008710875:
4202109061701410006036994:
4202109061701510008493340:
4202109061701560009226433:
4202109061701580004996716:
4202109061702141513631101:
4202109061702160007402196:
4202109061702180004974322:
4202109061702190009290271:
4202109061702230009272601:
4202109061702250004927962:
4202109061702260009231425:
4202109061702280004952880:
4202109061702340008679170:
4202109061703090006035802:
4202109061703170008703693:
4202109061703190000424007:
4202109061703220009338161:
4202109061703340009253995:
4202109061703390007407459:
4202109061703410004936588:
4202109061703470009341511:
4202109061703490006027612:
4202109061704080004923699:
4202109061704140009234249:
4202109061705250006027345:
4202109061707470004926919:
4202109061800390009295454:
4202109061801400008495556:
4202109061801410009231455:
4202109061801430008500142:
4202109061801460004941228:
4202109061801590008695667:
4202109061802030008689944:
4202109061803070007421735:
4202109061803080009232613:
4202109061803160008500493:
4202109061803310005008693:
4202109061804120009342035:
4202109061804220004923758:
4202109061804250009346685:
4202109061804380000431385:
4202109061804430009346035:
4202109061804460009331044:
4202109061804480004953788:
4202109061804490009346055:
4202109061804540009343593:
4202109061805250004163548:
4202109061805280006013128:
4202109061806300009230812:
4202109061807570006039506:
4202109061817320008493895:
4202109061900580001087543:
4202109061901000007396382:
4202109061901340006019064:
4202109061902170008717694:
4202109061902210007407499:
4202109061902290008502693:
4202109061903400009226821:
4202109061905100004929198:
4202109061919210008519041:
4202109061947040009232651:
4202109061959330002854367:
4202109061959350009327564:
4202109061959380004938474:
4202109061959510009333812:
4202109061959540008499471:
4202109061959570006041875:
4202109062000070009321481:
4202109062000090006041875:
4202109062000170004990375:
4202109062000200009296645:
4202109062000220009346340:
4202109062000270006041717:
4202109062000300009342978:
4202109062000310009309524:
4202109062000360005001511:
4202109062000380009324118:
4202109062000390009342984:
4202109062000410005001262:
4202109062000430008506212:
4202109062000540006022158:
4202109062000560008512783:
4202109062000570004957311:
4202109062000590004969994:
4202109062001000009252994:
4202109062001040006021988:
4202109062001230008499706:
4202109062001271513653075:
4202109062001290008510188:
4202109062001310004931038:
4202109062001530009327620:
4202109062001550007395601:
4202109062001560008500083:
4202109062001580009324085:
4202109062002000009341742:
4202109062002050009247701:
4202109062002070008496149:
4202109062002110004974233:
4202109062002130001083930:
4202109062002210006028957:
4202109062002250006041088:
4202109062002460004928425:
4202109062003510004931010:
4202109062005050004967900:
4202109062006020004924511:
4202109062007150009354391:
4202109062007180009354581:
4202109062007200004928798:
4202109062034500008503979:
4202109062053000004975255:
4202109062100020006039129:
4202109062144110004948259:
4202109062145410006019064:
4202109062151310004991241:
4202109062200020009234108:
4202109062200040007398203:
4202109062200070007402498:
4202109062200100008493833:
5202109060724130008698279:
5202109060724560005009032:
5202109060727200002851479:
5202109060732410007402194:
5202109060732530006039969:
5202109060733140004989948:
5202109060734000004993674:
5202109060735480001079288:
5202109060735530004936322:
5202109060735550004994596:
5202109060735580007404782:
5202109060736110008698044:
5202109060736350004923016:
5202109060736490004995938:
5202109060737340004927306:
5202109060737430004989073:
5202109060738440006032924:
5202109060739050009305197:
5202109060740000008697063:
5202109060742120004924019:
5202109060742150009305457:
5202109060742200004989528:
5202109060742340004959001:
5202109060743040009296798:
5202109060743090004966690:
5202109060743220008497657:
5202109060743250004961787:
5202109060744510008512216:
5202109060744540009339839:
5202109060744570004966761:
5202109060744580004930090:
5202109060745090004966761:
5202109060745130004953485:
5202109060745190006028292:
5202109060745200004930090:
5202109060745220004960471:
5202109060745241513645885:
5202109060745260004967512:
5202109060745280004937390:
5202109060745460004995927:
5202109060745490004931478:
5202109060745520008500184:
5202109060746370005012946:
5202109060746500004968298:
5202109060747000004994119:
5202109060747060008517932:
5202109060747220004966802:
5202109060747260009276680:
5202109060747290007401654:
5202109060747350004996199:
5202109060747510004997523:
5202109060747530004957738:
5202109060747560007414082:
5202109060747570008506912:
5202109060748010006015163:
5202109060748050004967073:
5202109060748080007421690:
5202109060748230006025812:
5202109060748250008510518:
5202109060748270008494656:
5202109060748290004950845:
5202109060748310004961715:
5202109060748580004994335:
5202109060749010004985169:
5202109060749030004922875:
5202109060749060009230781:
5202109060749080004994074:
5202109060749100009232651:
5202109060749130009340820:
5202109060749150008690529:
5202109060749240009342183:
5202109060749290004998401:
5202109060749310008499208:
5202109060749390004928211:
5202109060749450004976717:
5202109060749520001108277:
5202109060750020008493286:
5202109060750040009236809:
5202109060750120004927998:
5202109060750190009226447:
5202109060750240004973075:
5202109060750270008717926:
5202109060750440007421743:
5202109060750510009346362:
5202109060750530004995654:
5202109060750550004971518:
5202109060750570004997809:
5202109060751080009234480:
5202109060751110008513950:
5202109060751150009346707:
5202109060751290004990979:
5202109060751380004951445:
5202109060752000004957428:
5202109060752020004921536:
5202109060752040009339273:
5202109060752220008699606:
5202109060752260009352009:
5202109060752290009233710:
5202109060752330004974855:
5202109060752380009225507:
5202109060752400007402523:
5202109060752470004932362:
5202109060752490007412611:
5202109060752530004946517:
5202109060752550004998138:
5202109060752580001083110:
5202109060753010009351308:
5202109060753120008706494:
5202109060753170008694659:
5202109060753190004927329:
5202109060753320008503915:
5202109060753340004930576:
5202109060753370007407739:
5202109060753400004962761:
5202109060753420004969384:
5202109060753490008509901:
5202109060753570009282809:
5202109060754050008690941:
5202109060754160003920040:
5202109060754190009351823:
5202109060754200009346170:
5202109060754220004180013:
5202109060754230008687593:
5202109060754250008706878:
5202109060754270006036875:
5202109060754300004923605:
5202109060754310008503171:
5202109060754340009347607:
5202109060754360009339795:
5202109060754380004950546:
5202109060754390004997873:
5202109060754530009241934:
5202109060754560007402500:
5202109060755060004937490:
5202109060755070009339219:
5202109060755090004992723:
5202109060755110003892332:
5202109060755120009342959:
5202109060755140004941773:
5202109060755150009321395:
5202109060755180004961404:
5202109060755210004934727:
5202109060755240006036993:
5202109060755260009280491:
5202109060755280006037287:
5202109060755310008515021:
5202109060755340009340824:
5202109060755410009348762:
5202109060755500008692450:
5202109060755520008516236:
5202109060755530009279709:
5202109060755550004924182:
5202109060756000004967416:
5202109060756030004972420:
5202109060756100006029988:
5202109060756190008510716:
5202109060756210009225481:
5202109060756220009354401:
5202109060756240006030142:
5202109060756280004937089:
5202109060756330004975166:
5202109060756350008506074:
5202109060756370008676811:
5202109060756390008506797:
5202109060756400009232187:
5202109060756420004922969:
5202109060756440009341030:
5202109060756460009286880:
5202109060756480004984899:
5202109060756500004951177:
5202109060756521513409863:
5202109060756540006033090:
5202109060756560008494613:
5202109060756590008513365:
5202109060757130006016275:
5202109060757150004923454:
5202109060757170008496310:
5202109060757180006024122:
5202109060757210009354001:
5202109060757240008701274:
5202109060757250008718216:
5202109060757290008510090:
5202109060757310006028797:
5202109060757330009327615:
5202109060757390009346376:
5202109060757410004966137:
5202109060757450006025445:
5202109060757490009323985:
5202109060757520009336990:
5202109060757550007411321:
5202109060757560009254183:
5202109060757580009252984:
5202109060758000008501942:
5202109060758020004967002:
5202109060758040009232631:
5202109060758060004958690:
5202109060758090006030118:
5202109060758110009232378:
5202109060758130008493750:
5202109060758150008500113:
5202109060758170007413810:
5202109060758190006030130:
5202109060758210004981298:
5202109060758250009346033:
5202109060758360008508757:
5202109060758380009310954:
5202109060758390009253742:
5202109060758410004965754:
5202109060758430008691017:
5202109060758450004961825:
5202109060758460004927029:
5202109060758490004968004:
5202109060758590008510316:
5202109060759010004995861:
5202109060759030008709011:
5202109060759050004996986:
5202109060759400009282101:
5202109060759440008508219:
5202109060759460009253842:
5202109060759480009231473:
5202109060800010004968261:
5202109060800040004955246:
5202109060801090009339834:
5202109060801280004997608:
5202109060801340009322682:
5202109060801500004990401:
5202109060802110008493366:
5202109060802310008695905:
5202109060803020009281814:
5202109060803040007410282:
5202109060804230009225494:
5202109060806410009339803:
5202109060807330007410385:
5202109060808040009297056:
5202109060808380009226392:
5202109060825510006009777:
5202109061659410009288638:
5202109061659500007402205:
5202109061700170008717268:
5202109061700200008711445:
5202109061700270008717268:
5202109061700340009279481:
5202109061701010004951477:
5202109061701110008680789:
5202109061701220008506632:
5202109061701330009339834:
5202109061701480008717926:
5202109061701500008515021:
5202109061701510009339795:
5202109061701550004960782:
5202109061701570009339795:
5202109061701590009339273:
5202109061702040007411321:
5202109061702050009326645:
5202109061702070007411321:
5202109061702121513645885:
5202109061702130004924182:
5202109061702150004968298:
5202109061702180009339273:
5202109061702190007407739:
5202109061702210004951177:
5202109061702240006036875:
5202109061702270004998138:
5202109061702290006037287:
5202109061702310004950546:
5202109061702320004980727:
5202109061702340008510518:
5202109061702360007401654:
5202109061702380009346170:
5202109061702410008512216:
5202109061702430008509901:
5202109061702450008699606:
5202109061702470004941773:
5202109061702490009232187:
5202109061702520004922969:
5202109061702530008692450:
5202109061702550008510716:
5202109061702570008493750:
5202109061702580009296798:
5202109061703000009352009:
5202109061703010004923454:
5202109061703030004959001:
5202109061703050004968004:
5202109061703070004994074:
5202109061703090002851479:
5202109061703110004995938:
5202109061703130009236809:
5202109061703140009348762:
5202109061703160004957738:
5202109061703180004930090:
5202109061703200009340824:
5202109061703210001108277:
5202109061703250004958379:
5202109061703260009279709:
5202109061703290004967416:
5202109061703310004949177:
5202109061703320008698279:
5202109061703340004923605:
5202109061703370009339839:
5202109061703390009354001:
5202109061703400007402500:
5202109061703420004966761:
5202109061703440004986057:
5202109061703460006030118:
5202109061703480009323985:
5202109061703510009346376:
5202109061703530009253842:
5202109061703550009282809:
5202109061703590004976717:
5202109061704010009226440:
5202109061704040009230781:
5202109061704060009234480:
5202109061704070009351823:
5202109061704090008682585:
5202109061704110006030142:
5202109061704140004961715:
5202109061704170004994335:
5202109061704190009340820:
5202109061704210004953485:
5202109061704230004960471:
5202109061704250009351308:
5202109061704260004995861:
5202109061704280008709011:
5202109061704300008503915:
5202109061704310004967512:
5202109061704330004993674:
5202109061704350008706878:
5202109061704370008718216:
5202109061704390008513950:
5202109061704420008676811:
5202109061704430004950845:
5202109061704460004989948:
5202109061704500004997873:
5202109061704520004976805:
5202109061704560004927306:
5202109061704580009325511:
5202109061704590009225481:
5202109061705010009351308:
5202109061705020004937490:
5202109061705040009226412:
5202109061705070004998401:
5202109061705090008690529:
5202109061705100006025445:
5202109061705130004961404:
5202109061705150009233710:
5202109061705180004996199:
5202109061705200004972420:
5202109061705220004955246:
5202109061705240008506797:
5202109061705260009281814:
5202109061705280006022852:
5202109061705290009254229:
5202109061705320004935186:
5202109061705330005012946:
5202109061705350007410282:
5202109061705370004969384:
5202109061705390009276680:
5202109061705420009297056:
5202109061705430009339524:
5202109061705450009248283:
5202109061705470008687593:
5202109061705500004954090:
5202109061705560008696894:
5202109061705580004946517:
5202109061706030008493286:
5202109061706170001079288:
5202109061706180006028292:
5202109061706210004997809:
5202109061706440004981298:
5202109061706500004989073:
5202109061706560008510090:
5202109061706590009339219:
5202109061707080006036993:
5202109061707150008495616:
5202109061707180009342183:
5202109061707230007402523:
5202109061707300009294273:
5202109061707330009298207:
5202109061707590004990401:
5202109061708280007398914:
5202109061710130004966690:
5202109061710500009302534:
5202109061711290004924019:
5202109061711320004984899:
5202109061711340006030130:
5202109061711370004921536:
5202109061711390004932362:
5202109061711420007414082:
5202109061711430006033090:
5202109061711450007414082:
5202109061711470008503171:
5202109061711500009346362:
5202109061711530004995927:
5202109061711550009225507:
5202109061711570008493366:
5202109061711590008496310:
5202109061712000008691017:
5202109061712020009341030:
5202109061712040008516236:
5202109061712060008694659:
5202109061712080004973075:
5202109061712110004989528:
5202109061712130009305457:
5202109061712150004995654:
5202109061712170007402194:
5202109061712190006041715:
5202109061712220009280491:
5202109061712250009346707:
5202109061712290003920040:
5202109061712320009347607:
5202109061712330009321395:
5202109061712350004947107:
5202109061712380006025812:
5202109061712400009354401:
5202109061712420006039969:
5202109061712450008497463:
5202109061712470008508219:
5202109061712490009225494:
5202109061712510009252984:
5202109061712520006031525:
5202109061712540009252984:
5202109061712560008500312:
5202109061713030009339824:
5202109061713050009253846:
5202109061713210004933649:
5202109061713230009303525:
5202109061714050008706494:
5202109061714090009241934:
5202109061714120009324076:
5202109061714280004967002:
5202109061715120009322682:
5202109061716260009339803:
5202109061716510004961221:
5202109061718260009341030:
5202109061719410007410385:
5202109061724360008517783:
5202109061742400006009777:
5202109061749350004928581:
5202109061805180004951746:
5202109061826520009285513:
5202109061832330008506632:
5202109061900280008690794:
5202109061901470006018008:
5202109061902300008510316:
5202109061902540004996134:
5202109061903210004921380:
5202109061903240009301551:
5202109061903410009310954:
5202109061903590008513365:
5202109061904140004937390:
5202109061904210004968502:
5202109061904250004956498:
5202109061904270004922029:
5202109061904310004990111:
5202109061904340004976407:
5202109061904370004968716:
5202109061904460001087528:
5202109061904470004923016:
5202109061905090004957428:
5202109061905170004928389:
5202109061905190008497657:
5202109061905210004921905:
5202109061909510004930576:
5202109061910000004946487:
5202109061911020007412611:
5202109061913350008502364:
5202109061947550004958690:
5202109061952560009226392:
5202109062001520008501835:
5202109062001580008692560:
5202109062002050004991584:
5202109062003020004992723:
5202109062003060004994119:
5202109062003200003892332:
5202109062003260005009032:
5202109062003340004997608:
5202109062003390006016276:
5202109062003410008497935:
5202109062004560004936322:
5202109062004580004969090:
5202109062005020004967073:
5202109062005280008698044:
5202109062005300008709061:
5202109062005400006028797:
5202109062005420008500113:
5202109062005500004977027:
5202109062006030008494613:
5202109062009210009240533:
5202109062009300009324068:
5202109062009360009254212:
5202109062020310008500378:
5202109062152290004991241:
5202109062218550006036321:
6202109060728430009326438:
6202109060730060006031524:
6202109060735470004965866:
6202109060736240004989502:
6202109060737030004993002:
6202109060737420008712785:
6202109060739590007411542:
6202109060740080004977423:
6202109060740140004946192:
6202109060740310008517056:
6202109060741000000431430:
6202109060743110008494141:
6202109060743150004931257:
6202109060743410008508441:
6202109060744200004946487:
6202109060744330008502735:
6202109060745040008500401:
6202109060745090008495365:
6202109060745140006040360:
6202109060745180004979341:
6202109060745310004972764:
6202109060746230004936556:
6202109060746260008499805:
6202109060746380005012405:
6202109060746400008708048:
6202109060746490008500109:
6202109060747310009287614:
6202109060747340007402498:
6202109060747360004990111:
6202109060747400005012521:
6202109060747540009236868:
6202109060747560006039972:
6202109060748080006039510:
6202109060748120004936557:
6202109060748150008492622:
6202109060748180008681212:
6202109060748220004927120:
6202109060748250005006025:
6202109060748270004953182:
6202109060748300006028757:
6202109060748330004923110:
6202109060748380004962099:
6202109060748420004986647:
6202109060748470008494290:
6202109060748500008493676:
6202109060748540006027609:
6202109060748560004046800:
6202109060749160008685403:
6202109060749230004927539:
6202109060749250004926757:
6202109060749280004957118:
6202109060749300008508290:
6202109060749320004966066:
6202109060749350009354344:
6202109060749371513631101:
6202109060749390008709393:
6202109060749460004996134:
6202109060749500009241075:
6202109060749520008714837:
6202109060750390008498971:
6202109060750430009252946:
6202109060750490004928604:
6202109060750510006016276:
6202109060750540004968194:
6202109060750570008501795:
6202109060751080009281928:
6202109060751110008511510:
6202109060751130006018008:
6202109060751160008508521:
6202109060751240009324629:
6202109060751280009346367:
6202109060751330004948881:
6202109060751361513653096:
6202109060751380006031532:
6202109060751410009326609:
6202109060751500005008528:
6202109060751530004932392:
6202109060751570009293895:
6202109060752010009343364:
6202109060752040009283931:
6202109060752080004998663:
6202109060752130009343593:
6202109060752160006037924:
6202109060752200006028762:
6202109060752220004929016:
6202109060752260004998074:
6202109060752370008683421:
6202109060752420009324879:
6202109060752440008506434:
6202109060752450005011308:
6202109060752490009284157:
6202109060752550008499458:
6202109060753030009339254:
6202109060753060007395627:
6202109060753080007412611:
6202109060753100004934669:
6202109060753140006039541:
6202109060753160009325535:
6202109060753180004934669:
6202109060753200004928389:
6202109060753220004932151:
6202109060753240004987237:
6202109060753260009335539:
6202109060753270004987532:
6202109060753290008679943:
6202109060753310009230790:
6202109060753350008693892:
6202109060753440009305547:
6202109060753460006025823:
6202109060753490009339792:
6202109060753520004922560:
6202109060753560004923400:
6202109060753580004930576:
6202109060754000006030480:
6202109060754060008499075:
6202109060754090009354581:
6202109060754110009288913:
6202109060754140001087528:
6202109060754170004994314:
6202109060754240008492410:
6202109060754270009326626:
6202109060754460004968679:
6202109060754480008689944:
6202109060754490004956198:
6202109060754510008498021:
6202109060754560001122577:
6202109060755000004987731:
6202109060755020004990953:
6202109060755050008515734:
6202109060755060006021988:
6202109060755100009351964:
6202109060755140006025807:
6202109060755170006025403:
6202109060755190007398172:
6202109060755210008492776:
6202109060755230009348776:
6202109060755270009326600:
6202109060755280008431645:
6202109060755320008702698:
6202109060755350003892332:
6202109060755370009233704:
6202109060755440009326658:
6202109060755470004963091:
6202109060755500008503339:
6202109060755550009351830:
6202109060755560009286387:
6202109060756060008512035:
6202109060756090004938202:
6202109060756120006018006:
6202109060756150008445992:
6202109060756170008709488:
6202109060756190008693920:
6202109060756220009226812:
6202109060756250007401166:
6202109060756290004937088:
6202109060756310004977027:
6202109060756340008507829:
6202109060756360004941774:
6202109060756390009331842:
6202109060756410000439530:
6202109060756430008699992:
6202109060756450008517323:
6202109060756480001114611:
6202109060756500008494201:
6202109060756510006023662:
6202109060756540008497774:
6202109060756560009300413:
6202109060756580004968502:
6202109060757060004967379:
6202109060757090004045200:
6202109060757100009254908:
6202109060757130009324068:
6202109060757150004921905:
6202109060757170008494613:
6202109060757190008513365:
6202109060757210008711249:
6202109060757230009255827:
6202109060757250006036876:
6202109060757270007421735:
6202109060757290008515502:
6202109060757310009325511:
6202109060757330004931897:
6202109060757350004923617:
6202109060757370004994575:
6202109060757390004968100:
6202109060757410004958069:
6202109060757480009342981:
6202109060757520009321321:
6202109060757550009327615:
6202109060757570008714113:
6202109060757590008716625:
6202109060758010009330829:
6202109060758030008707911:
6202109060758050000424146:
6202109060758090009286616:
6202109060758100009354582:
6202109060758120008497935:
6202109060758130004937930:
6202109060758150008501482:
6202109060758160009342962:
6202109060758180004961532:
6202109060758200009348748:
6202109060758220009340470:
6202109060758240009346173:
6202109060758260008492480:
6202109060758270009254212:
6202109060758290009342978:
6202109060758300008501942:
6202109060758320004975477:
6202109060758330009232631:
6202109060758350009240533:
6202109060758370008708560:
6202109060758380009232350:
6202109060758420009280051:
6202109060758440004922029:
6202109060758440006015460:
6202109060758470000424007:
6202109060758480004996445:
6202109060758500009339144:
6202109060758510009343174:
6202109060758530004158333:
6202109060758550009348543:
6202109060758560009354825:
6202109060758580004956498:
6202109060759000004991584:
6202109060759030004988917:
6202109060759050008506766:
6202109060759060004178213:
6202109060759090004927962:
6202109060759130009274203:
6202109060759150004948289:
6202109060759200008510316:
6202109060759230009322590:
6202109060759250006019317:
6202109060759300009339195:
6202109060759350009354349:
6202109060759380008496367:
6202109060759400004973078:
6202109060759430009253846:
6202109060759460008692560:
6202109060759480006039337:
6202109060759500008698315:
6202109060759580009278808:
6202109060800000008500493:
6202109060800230009282114:
6202109060800260008704914:
6202109060800580007402467:
6202109060801000006026834:
6202109060801130008502189:
6202109060801270006030484:
6202109060801460004997277:
6202109060801500005006239:
6202109060802290009309829:
6202109060802330009292116:
6202109060802470008504091:
6202109060804430008494092:
6202109060805300004989820:
6202109060813200007407502:
6202109060813280008677300:
6202109060816360009309504:
6202109060817120008504041:
6202109060818070009339211:
6202109060818120009275624:
6202109060824240005000296:
6202109060911150006022420:
6202109060930080009279594:
6202109061659110009305547:
6202109061659120006026834:
6202109061659140004966449:
6202109061659200008496367:
6202109061659350009282114:
6202109061659370009292116:
6202109061659400004969653:
6202109061659440007402512:
6202109061659460008711445:
6202109061659500005008528:
6202109061659570008717268:
6202109061700050009233704:
6202109061700070008500109:
6202109061700080001077421:
6202109061700110004988917:
6202109061700130009283931:
6202109061700250003918790:
6202109061700470009232653:
6202109061700520008517056:
6202109061700540007404782:
6202109061700590008711249:
6202109061701100008714113:
6202109061701140004990953:
6202109061701210004957118:
6202109061701250009346033:
6202109061701270009354344:
6202109061701280009326609:
6202109061701300009285701:
6202109061701320006021994:
6202109061701340007421743:
6202109061701470006019317:
6202109061701530004948585:
6202109061702030006030482:
6202109061702070004987731:
6202109061702100004946192:
6202109061702120006033720:
6202109061702160004967379:
6202109061702180003137967:
6202109061702200008715034:
6202109061702230004966066:
6202109061702280000431430:
6202109061702310009331842:
6202109061702350004994575:
6202109061702370009335539:
6202109061702430001122577:
6202109061702480009281193:
6202109061702520004987532:
6202109061703100004922560:
6202109061703180004994314:
6202109061703360004923110:
6202109061703500008712785:
6202109061703560008709393:
6202109061704160004968261:
6202109061704230004931257:
6202109061704290004962761:
6202109061704340009340470:
6202109061705020004937625:
6202109061705140008701274:
6202109061705160009325511:
6202109061705170008701274:
6202109061705230004936556:
6202109061705290004928175:
6202109061705310008506434:
6202109061705390009278862:
6202109061705440004046800:
6202109061705460008511510:
6202109061706080009348543:
6202109061706100008495365:
6202109061706200004937089:
6202109061707000009281928:
6202109061707190008499047:
6202109061707580005012405:
6202109061708090009288913:
6202109061708410004927120:
6202109061710440009226812:
6202109061710460009252946:
6202109061712490009253846:
6202109061713020009233695:
6202109061713040008506766:
6202109061713530004986647:
6202109061717180007402467:
6202109061718030004996445:
6202109061718060004968716:
6202109061718090004991584:
6202109061718120004962099:
6202109061718130004977027:
6202109061718160008683421:
6202109061718180006018006:
6202109061718210008695905:
6202109061718270004958069:
6202109061718300008692560:
6202109061718320009286616:
6202109061718350004929016:
6202109061718380008704914:
6202109061718410009254908:
6202109061718430006027609:
6202109061718460004990979:
6202109061718480006040360:
6202109061718510006028762:
6202109061718540004976407:
6202109061718570008513365:
6202109061719000004932392:
6202109061719420007421269:
6202109061721450009226399:
6202109061758300009293535:
6202109061758340006041103:
6202109061759180004933960:
6202109061801000004939835:
6202109061801140007411542:
6202109061801320003116965:
6202109061803090009274874:
6202109061803150006039972:
6202109061804410004951746:
6202109061807240009309829:
6202109061810240008500401:
6202109061813120008516772:
6202109061832000004987237:
6202109061856010009346063:
6202109061900160008680900:
6202109061900350008697764:
6202109061900440004990690:
6202109061900510004963091:
6202109061900590004990690:
6202109061901020008499149:
6202109061901040008494290:
6202109061901060009232631:
6202109061901090009253991:
6202109061901120004949598:
6202109061901150008506074:
6202109061901200008501795:
6202109061901250004968886:
6202109061901270004934669:
6202109061901290006039510:
6202109061901320009337006:
6202109061901410004973078:
6202109061901430009339254:
6202109061901450008711892:
6202109061901480004155886:
6202109061901520004968194:
6202109061901580001114611:
6202109061902040008492776:
6202109061902060008510316:
6202109061902140006039541:
6202109061902150006028757:
6202109061902190008515734:
6202109061902210004958069:
6202109061902300008695905:
6202109061902320004958069:
6202109061902340006021991:
6202109061902360004996134:
6202109061902380006040360:
6202109061902430006025806:
6202109061902450009254908:
6202109061902470006018006:
6202109061902480006028762:
6202109061902500009286616:
6202109061902520008683421:
6202109061902550009231473:
6202109061902560004932392:
6202109061902590008508290:
6202109061903021513409863:
6202109061903040004928604:
6202109061903060009278808:
6202109061903080008508757:
6202109061903140004998074:
6202109061903180008492622:
6202109061903200006015163:
6202109061903220004979341:
6202109061903250004178213:
6202109061903270007409900:
6202109061903280008513365:
6202109061903300006027609:
6202109061903380004937088:
6202109061903460004997277:
6202109061903510004937088:
6202109061903520004968502:
6202109061903540005006239:
6202109061903590007401166:
6202109061904030004968716:
6202109061904050006037924:
6202109061904060009287614:
6202109061904110009226447:
6202109061904120009276489:
6202109061904140004976407:
6202109061904190008493676:
6202109061904240007395627:
6202109061904260009292077:
6202109061904280001087528:
6202109061904310004953182:
6202109061904370004989502:
6202109061904410004933902:
6202109061904430004967312:
6202109061904580009254207:
6202109061905140004999262:
6202109061905410004977423:
6202109061905550008492480:
6202109061906000008501942:
6202109061909120004927029:
6202109061909330008499805:
6202109061909470008508521:
6202109061909490008499805:
6202109061910080004993002:
6202109061910100004929016:
6202109061910120004923400:
6202109061910410007412611:
6202109061913450006024859:
6202109061913520009349952:
6202109061916490004968100:
6202109061916540004967806:
6202109061916570004998663:
6202109061918170008502735:
6202109061920090008502189:
6202109061923170009298223:
6202109061927110007407502:
6202109061927140006019315:
6202109061947160009254002:
6202109061954030008498988:
6202109061956540009305197:
6202109062000010004936293:
6202109062000020004936688:
6202109062000050008504736:
6202109062000360004932638:
6202109062000430005004322:
6202109062000480004981013:
6202109062000510008499471:
6202109062000560004989657:
6202109062001130004169060:
6202109062001320003132773:
6202109062001350008692560:
6202109062001390004991584:
6202109062001490009300413:
6202109062001510009327615:
6202109062001530009293895:
6202109062001550004967710:
6202109062001570004930974:
6202109062002010009283164:
6202109062002040004972764:
6202109062002060004999443:
6202109062002150009273013:
6202109062002170006015165:
6202109062002180004929641:
6202109062002290004932151:
6202109062002380004987436:
6202109062002390003916932:
6202109062002410008497634:
6202109062002430004923159:
6202109062002440004990085:
6202109062002460006039130:
6202109062002510004965866:
6202109062002531513653096:
6202109062002580003892332:
6202109062003010004941774:
6202109062003030008498971:
6202109062003060004996445:
6202109062003140006039337:
6202109062003180008497935:
6202109062003190006016276:
6202109062003210008498971:
6202109062003290008499458:
6202109062003340005012521:
6202109062003360003137754:
6202109062003390009352010:
6202109062003400006036336:
6202109062003450004923617:
6202109062003500004989794:
6202109062003560008497774:
6202109062003590007419049:
6202109062004140008517323:
6202109062004210008698795:
6202109062004270008714837:
6202109062005050008704914:
6202109062005160005008358:
6202109062005200004990979:
6202109062005220004974544:
6202109062005240004977027:
6202109062005260004962099:
6202109062005350008512035:
6202109062005370004927539:
6202109062005390004938202:
6202109062005430008494613:
6202109062005440009339144:
6202109062005560006015460:
6202109062005580006036876:
6202109062006020006023662:
6202109062006040004969304:
6202109062006220008708560:
6202109062006260004961532:
6202109062006280008698315:
6202109062006300008495468:
6202109062006450008501953:
6202109062006490008514966:
6202109062006520004948881:
6202109062006550006025807:
6202109062006570008504091:
6202109062007300006042240:
6202109062007340003117204:
6202109062007430008431645:
6202109062008210009234108:
6202109062008240008494964:
6202109062008540004968208:
6202109062009010009240533:
6202109062009090006022160:
6202109062009150008512859:
6202109062010200008499075:
6202109062010260005006025:
6202109062011060004967606:
6202109062011080004969598:
6202109062011170005012845:
6202109062018440004989820:
6202109062023540004936557:
6202109062024440004996986:
6202109062024450004926757:
6202109062034190005000296:
6202109062043420009339211:
6202109062045360006014349:
6202109062045450006024122:
6202109062045480009230790:
6202109062045520004927750:
6202109062049590008501482:
6202109062050010004966490:
6202109062200580007402498:
6202109062201000009234108:
6202109062201020009241075:
6202109062201040008493833:
6202109062201060007398203:
8202109060732530009231425:
8202109060732560004974322:
8202109060737530007396382:
8202109060738220004926919:
8202109060742100004996923:
8202109060747331513631613:
8202109060747360008511681:
8202109060747540006027612:
8202109060747570009234108:
8202109060748270009309524:
8202109060748320004974233:
8202109060748340008493092:
8202109060748500004963073:
8202109060749010004974544:
8202109060749210000424545:
8202109060749590009346340:
8202109060750010004936688:
8202109060750030008690224:
8202109060750380009273291:
8202109060750460004929419:
8202109060750590004936588:
8202109060751200004967114:
8202109060751220008504234:
8202109060751310008500626:
8202109060751380008677903:
8202109060751520004931038:
8202109060752010008500142:
8202109060752220001087543:
8202109060752240009250787:
8202109060752400005001511:
8202109060752440004967900:
8202109060752460006041717:
8202109060752540008504736:
8202109060753110007407499:
8202109060753140008493340:
8202109060753170006016091:
8202109060753290009234249:
8202109060753370005004322:
8202109060753410006022158:
8202109060753440008496149:
8202109060753460008716113:
8202109060753510009296645:
8202109060754030006028799:
8202109060754140008499706:
8202109060754210009272187:
8202109060754270008499471:
8202109060754390009247701:
8202109060754530004975255:
8202109060755040008512783:
8202109060755060009346055:
8202109060755090004952880:
8202109060755130009341511:
8202109060755160009252994:
8202109060755170004957311:
8202109060755200009327620:
8202109060755220004941228:
8202109060755280006036336:
8202109060755320003126360:
8202109060755380008493895:
8202109060755500009253995:
8202109060755520008679170:
8202109060755530005008693:
8202109060756040008500083:
8202109060756070008710875:
8202109060756170006013128:
8202109060756340009346685:
8202109060756360004929198:
8202109060756450004924511:
8202109060756520004962137:
8202109060757360009342984:
8202109060757390004923699:
8202109060757410007395601:
8202109060757470009226821:
8202109060758190015629857:
8202109060758390009272020:
8202109060758420001083930:
8202109060758460004179293:
8202109060759050009226385:
8202109060759090009231455:
8202109060759150004936029:
8202109060759210008445656:
8202109060759390004169060:
8202109060759450008495556:
8202109060800200004928581:
8202109060803280009324572:
8202109061700040009226385:
8202109061700270006020220:
8202109061700290004958669:
8202109061700310004967114:
8202109061700320008493092:
8202109061700340008504234:
8202109061700360008708992:
8202109061700390008500888:
8202109061700420006016091:
8202109061700440008445656:
8202109061700471513631613:
8202109061700510004997523:
8202109061700530008708048:
8202109061700540004179293:
8202109061700560009298206:
8202109061700580006036994:
8202109061701000009342962:
8202109061701020008690224:
8202109061701040009342962:
8202109061701050004936588:
8202109061701090008710875:
8202109061701100004045200:
8202109061701120009343592:
8202109061701130004978162:
8202109061701220006028799:
8202109061701330008493340:
8202109061701360009226433:
8202109061701390004996716:
8202109061701460003126360:
8202109061701500004974322:
8202109061701510007402196:
8202109061701540009290271:
8202109061701570009272601:
8202109061702000009231425:
8202109061702030004927962:
8202109061702060004952880:
8202109061702120009273291:
8202109061702140008679170:
8202109061702200009273291:
8202109061702330004993812:
8202109061702430008494427:
8202109061702460000424007:
8202109061703020004966178:
8202109061703190009341511:
8202109061703230004935638:
8202109061703250004975477:
8202109061703260006027612:
8202109061703300004965442:
8202109061703350004962411:
8202109061703390004953650:
8202109061703420004923699:
8202109061703440009342143:
8202109061703460009234249:
8202109061703480006017488:
8202109061703520004927939:
8202109061703540009272187:
8202109061704020008680442:
8202109061704110004968555:
8202109061704400006036504:
8202109061704420006028960:
8202109061704460004929419:
8202109061705010004963073:
8202109061705040006027345:
8202109061706340007404978:
8202109061707030009253739:
8202109061707180004926919:
8202109061707350004928211:
8202109061708290009326600:
8202109061709030009324605:
8202109061713320008506912:
8202109061800240004988966:
8202109061800590004936058:
8202109061801080004997255:
8202109061801100008500142:
8202109061801140008495556:
8202109061801160009231455:
8202109061801240004941228:
8202109061801350008695667:
8202109061801390008689944:
8202109061802090000424545:
8202109061802350007421735:
8202109061802500008500493:
8202109061802510009232613:
8202109061803110005008693:
8202109061803190004996470:
8202109061803210009226391:
8202109061803360007421253:
8202109061803390008500626:
8202109061803430009346685:
8202109061803500009342035:
8202109061803570015629857:
8202109061803590004923758:
8202109061804130000431385:
8202109061804260009346055:
8202109061804330009343593:
8202109061804350009311280:
8202109061804480004163548:
8202109061805300009246202:
8202109061806010009230812:
8202109061817160008493895:
8202109061900240001087543:
8202109061900270007396382:
8202109061901520008717694:
8202109061902040007407499:
8202109061902060008502693:
8202109061903160009226821:
8202109061904550004929198:
8202109061906380004971518:
8202109061906410008677903:
8202109061908100008494141:
8202109061908160006026835:
8202109061953310008503089:
8202109061959540009346340:
8202109061959550009296645:
8202109061959570009250787:
8202109062000010006041717:
8202109062000040009309524:
8202109062000060009342978:
8202109062000080009354827:
8202109062000110009342984:
8202109062000130005001511:
8202109062000160008506212:
8202109062000190005001262:
8202109062000210004957311:
8202109062000230008512783:
8202109062000250004969994:
8202109062000260008499867:
8202109062000280009252994:
8202109062000300009226817:
8202109062000310009283323:
8202109062000330009339818:
8202109062000370009339821:
8202109062000380006021988:
8202109062000400004968592:
8202109062001020008499706:
8202109062001030008510188:
8202109062001050004931038:
8202109062001060008716113:
8202109062001240009339817:
8202109062001260004962137:
8202109062001280009327620:
8202109062001290008500083:
8202109062001310007395601:
8202109062001330004927575:
8202109062001340008495426:
8202109062001360009324085:
8202109062001370009247701:
8202109062001390006036997:
8202109062001410004991542:
8202109062001430008496149:
8202109062001450004974233:
8202109062001470006041088:
8202109062001490001083930:
8202109062001500009339225:
8202109062001520008511681:
8202109062001540006020192:
8202109062001550008509836:
8202109062001570006028957:
8202109062002010004164864:
8202109062002030004989259:
8202109062002050004164864:
8202109062002190009324572:
8202109062002210004928425:
8202109062005400004924511:
8202109062006460009354581:
8202109062006480009354391:
8202109062006510004928798:
8202109062052160004966137:
8202109062052180004996923:
8202109062052280004975255:
8202109062143450004948259:
