2202109160008580003920040:
2202109160010480004973075:
2202109160010550008512059:
2202109160011010009252984:
2202109160011220007410385:
2202109160011330006031525:
2202109160030000004975875:
2202109160031320009339524:
2202109160036460004930576:
2202109160000430009340824:
2202109160000460004967416:
2202109160000490008517932:
2202109160000520009296798:
2202109160007440007414082:
2202109160135060006751664:
2202109160157200009322682:
2202109160213300007402523:
2202109160215450008694944:
2202109160216220007398914:
2202109160728320009254926:
2202109160732300004965716:
2202109160733160008497657:
2202109160735260006026835:
2202109160737220006021875:
2202109160737300004924346:
2202109160740210006031526:
2202109160741150009246193:
2202109160744090009246193:
2202109160744490004973075:
2202109160744550004992439:
2202109160745160006036321:
2202109160745190008494564:
2202109160745300004986846:
2202109160745460004980727:
2202109160745590006014349:
2202109160746030004970306:
2202109160746100004931478:
2202109160746210008495037:
2202109160746250007398914:
2202109160746531513628688:
2202109160746550009281193:
2202109160746570004950247:
2202109160747230006022160:
2202109160747260006025806:
2202109160747310006022160:
2202109160747330004972764:
2202109160747510004967312:
2202109160748300008497276:
2202109160748340009297569:
2202109160749010004968716:
2202109160749440004972767:
2202109160749500008680442:
2202109160750170004932362:
2202109160750210008429638:
2202109160750260009234089:
2202109160750280009283296:
2202109160750330008681883:
2202109160750510009253997:
2202109160750530008505663:
2202109160750590006041088:
2202109160751040004969090:
2202109160751120005270182:
2202109160751150007402500:
2202109160751170006030135:
2202109160751190004968394:
2202109160751240005254541:
2202109160751310005254716:
2202109160751340008706494:
2202109160751390009346707:
2202109160751540004996923:
2202109160751580009326618:
2202109160752000008503198:
2202109160752060004922287:
2202109160752130008698795:
2202109160752180004936954:
2202109160752210007402523:
2202109160753010004960782:
2202109160753040008716113:
2202109160753090006016275:
2202109160753110007413810:
2202109160753150006039493:
2202109160753200006037287:
2202109160753220009340824:
2202109160753240006019430:
2202109160753260004950845:
2202109160753290004968004:
2202109160753310004994575:
2202109160753400009335539:
2202109160753570004921669:
2202109160754060009226826:
2202109160754080004921669:
2202109160754120007395592:
2202109160754180006022439:
2202109160754220008694944:
2202109160754240008512059:
2202109160754260004967416:
2202109160754290007402482:
2202109160754300006039541:
2202109160754320004954090:
2202109160754350009326645:
2202109160754370009252984:
2202109160754390008678354:
2202109160754410004965814:
2202109160754440009243147:
2202109160755000004976407:
2202109160755040004966802:
2202109160755060004933902:
2202109160755110009276908:
2202109160755140007402482:
2202109160755160004966802:
2202109160755180000431412:
2202109160755210009302534:
2202109160755220009253846:
2202109160755240004948585:
2202109160755260008492705:
2202109160755270009314286:
2202109160755290004924676:
2202109160755310009287011:
2202109160755320008506912:
2202109160755340007421690:
2202109160755360004941773:
2202109160755400008701083:
2202109160755440004989259:
2202109160755500008680789:
2202109160755520008512859:
2202109160755540007402512:
2202109160755570004990690:
2202109160755590009321334:
2202109160756010004931701:
2202109160756030009233710:
2202109160756060004961715:
2202109160756080005263713:
2202109160756110004967967:
2202109160756120008498971:
2202109160756140004928175:
2202109160756160004967806:
2202109160756180008690794:
2202109160756190009339828:
2202109160756210005270181:
2202109160756220009340483:
2202109160756240001079879:
2202109160756260009297664:
2202109160756290009341030:
2202109160756300004923758:
2202109160756330005254710:
2202109160756340004949598:
2202109160756360008698044:
2202109160756380006039497:
2202109160756390009226393:
2202109160756410008709061:
2202109160756430004991554:
2202109160756440004921380:
2202109160756461513643510:
2202109160756470007415195:
2202109160756490004921380:
2202109160756510009290365:
2202109160756560008701527:
2202109160756580008709369:
2202109160757000006019428:
2202109160757010009275335:
2202109160757030006029990:
2202109160757050004975875:
2202109160757060006751664:
2202109160757080004968555:
2202109160757120009313676:
2202109160757150008713215:
2202109160757180006036993:
2202109160757210008506907:
2202109160757220005248600:
2202109160757250008516772:
2202109160757270004158333:
2202109160757280007407459:
2202109160757300008691017:
2202109160757320005254540:
2202109160757340009285701:
2202109160757380009314286:
2202109160757400004937625:
2202109160757410006030142:
2202109160757430004929016:
2202109160757440008497935:
2202109160757460009276489:
2202109160758010006022003:
2202109160758030004928366:
2202109160758070008513365:
2202109160758090009298207:
2202109160758100007414082:
2202109160758120009293911:
2202109160758130008690203:
2202109160758150006033720:
2202109160758170009301551:
2202109160758220009346038:
2202109160758240002851478:
2202109160758260004940674:
2202109160758280004946782:
2202109160758300006033090:
2202109160758320009226440:
2202109160758340005254538:
2202109160758350009232653:
2202109160758370007421269:
2202109160758380008506212:
2202109160758400009240533:
2202109160758420007421269:
2202109160758430004951477:
2202109160758470004970618:
2202109160758490006039506:
2202109160758520009339524:
2202109160758540008697836:
2202109160758560009254183:
2202109160758580008707832:
2202109160759000004947698:
2202109160759020004947993:
2202109160759040009232631:
2202109160759050006039130:
2202109160759070009326612:
2202109160759090004963659:
2202109160759100004954665:
2202109160759120005254536:
2202109160759140005254714:
2202109160759150004963659:
2202109160759170009309829:
2202109160759200004931193:
2202109160759210009283164:
2202109160759230006042277:
2202109160759240008424093:
2202109160759260009339144:
2202109160759280004967002:
2202109160759290008686663:
2202109160759310009330833:
2202109160759330009289101:
2202109160759350009307388:
2202109160759370004997608:
2202109160759380007421210:
2202109160759470009279481:
2202109160759490008696388:
2202109160759500009290271:
2202109160759520009230815:
2202109160759530004966178:
2202109160759560007402467:
2202109160759570009281928:
2202109160800000007419049:
2202109160800020006020195:
2202109160800040009292116:
2202109160800060008504041:
2202109160800070008500889:
2202109160800090009346063:
2202109160800100004968886:
2202109160800120004927029:
2202109160800130006017488:
2202109160800150003137754:
2202109160800170007402196:
2202109160800210009349952:
2202109160800240009286624:
2202109160800270004923617:
2202109160800300006033902:
2202109160800320006030482:
2202109160800340006024859:
2202109160800360008495616:
2202109160800380004995116:
2202109160800400009277203:
2202109160800430009342183:
2202109160800520009278862:
2202109160801020009300590:
2202109160801070008701103:
2202109160801110004960160:
2202109160801140004927750:
2202109160801150006021991:
2202109160801190008508587:
2202109160801200008500312:
2202109160801220009294273:
2202109160801240008426248:
2202109160801390008695905:
2202109160801410009253991:
2202109160801430008499149:
2202109160801450009322682:
2202109160801470009290264:
2202109160801500004999262:
2202109160801520006041715:
2202109160801570008493286:
2202109160801590006031525:
2202109160802060006026834:
2202109160802090004948851:
2202109160802140008509836:
2202109160802170009321319:
2202109160802230009291663:
2202109160802250004924260:
2202109160802270008510090:
2202109160802300008696894:
2202109160802320008510090:
2202109160802360008502364:
2202109160802390006036505:
2202109160802420009234240:
2202109160802510009226412:
2202109160802590006028451:
2202109160803130009336990:
2202109160803140006014941:
2202109160803160008500888:
2202109160803180006039337:
2202109160803200009343567:
2202109160803330004939835:
2202109160803360005270178:
2202109160803510004947107:
2202109160803550009288638:
2202109160803570007409900:
2202109160803590008506632:
2202109160804040004962723:
2202109160804370008494964:
2202109160804420009292077:
2202109160804490004975565:
2202109160804530009346020:
2202109160805040004973700:
2202109160805190004966378:
2202109160806010008498988:
2202109160806170009254229:
2202109160806190008693150:
2202109160806520006027540:
2202109160807240009279728:
2202109160807280008677773:
2202109160807320004967606:
2202109160807360009226392:
2202109160808210008712416:
2202109160810080008494092:
2202109160810120006019315:
2202109160810210004985430:
2202109160810420004940114:
2202109160816120009254000:
2202109160837040004953953:
2202109160910540009290471:
2202109160920280004930974:
2202109160934410009310727:
2202109161334080009311703:
2202109161342480004947963:
2202109161356470008439606:
2202109161403510009313530:
2202109161413221513646659:
2202109161700500008514966:
2202109161700590004928152:
2202109161701060002851478:
2202109161701570009297569:
2202109161702000009307295:
2202109161702050004972767:
2202109161702230007415195:
2202109161702260008693150:
2202109161702380008497276:
2202109161703010006751664:
2202109161703380004922287:
2202109161704410005254540:
2202109161706150007402196:
2202109161710560004927120:
2202109161711540004941773:
2202109161712540008510378:
2202109161712560009321334:
2202109161713090006016275:
2202109161713290004965814:
2202109161714180008515021:
2202109161716040008508587:
2202109161716110009287011:
2202109161716470006030135:
2202109161716590008492705:
2202109161717110009297664:
2202109161717280004970618:
2202109161718000004960160:
2202109161718030004965716:
2202109161718050006019430:
2202109161718060009326618:
2202109161718090008709369:
2202109161718171513628688:
2202109161718200008701527:
2202109161718220008678354:
2202109161718250004967967:
2202109161718280001079879:
2202109161718410000431412:
2202109161718560008429638:
2202109161719030009314286:
2202109161719310004968394:
2202109161719530008506907:
2202109161720020004992439:
2202109161720090009340483:
2202109161735270004985430:
2202109161800350004923159:
2202109161803390008703693:
2202109161803420006026834:
2202109161803570004946782:
2202109161809360004968555:
2202109161828500009236810:
2202109161840341513646659:
2202109161844060009307388:
2202109161844120004921669:
2202109161844140009283296:
2202109161844350006029990:
2202109161845150008426248:
2202109161845190007402482:
2202109161846240007402482:
2202109161846400008712416:
2202109161849400009289101:
2202109161849480006022439:
2202109161849580009286624:
2202109161859020008494010:
2202109161859340009226392:
2202109161900000006021875:
2202109161900030006017488:
2202109161900050004970306:
2202109161900070009346038:
2202109161900090004954665:
2202109161900120004991554:
2202109161900150009276908:
2202109161900590006019428:
2202109161901000004924346:
2202109161901020004936954:
2202109161901200008497657:
2202109161901210005263713:
2202109161901270008681883:
2202109161901490004990690:
2202109161901520005255716:
2202109161902150005254538:
2202109161902220005255715:
2202109161902380004963659:
2202109161903120004962723:
2202109161903200007421690:
2202109161906370004965814:
2202109161911460008494564:
2202109161912010004981583:
2202109161912430007402500:
2202109161912530006037287:
2202109161916330004966802:
2202109161921130009275335:
2202109161927590009326438:
2202109161930550004948851:
2202109161937070009311703:
2202109161937100009313530:
2202109161956130006033720:
2202109162000000005248600:
2202109162000050005258487:
2202109162000130005248600:
2202109162000150004996406:
2202109162000340004975875:
2202109162001010004969726:
2202109162001170009330833:
2202109162001230009232378:
2202109162002450006030142:
2202109162003170009226412:
2202109162003220008709061:
2202109162003250004961715:
2202109162005150004947698:
2202109162005290004927962:
2202109162005310004929419:
2202109162005360004963073:
2202109162006470006042277:
2202109162022580004991241:
2202109162121560009346063:
2202109162122120004968004:
2202109162201050004986846:
2202109162201090008492776:
2202109162201110006039130:
2202109162201370004940674:
2202109162202040004961221:
2202109162202330008701083:
2202109162203190007414082:
2202109162203300009294273:
2202109162203320008495616:
2202109162204580008500312:
2202109162205010009252984:
2202109162309500008512059:
2202109162317570008694944:
2202109162318090004995116:
2202109162318120004931193:
2202109162318160008495037:
2202109162318180008707832:
2202109162318200007398914:
2202109162318250008508219:
2202109162318270007402523:
3202109160726020008501288:
3202109160738000001099428:
3202109160739180004969304:
3202109160739490006036318:
3202109160739580003117204:
3202109160741590004937222:
3202109160742020004973078:
3202109160742050004975787:
3202109160742530005248601:
3202109160742550004994835:
3202109160743010005254932:
3202109160743030004994835:
3202109160743550005263714:
3202109160744000004928640:
3202109160744220004969682:
3202109160744240008513325:
3202109160744300008498021:
3202109160744330008503303:
3202109160744430004959868:
3202109160745450005001068:
3202109160745510006028957:
3202109160745550008494290:
3202109160746300008494010:
3202109160746530009275492:
3202109160747070005006025:
3202109160747370009295891:
3202109160747400006039016:
3202109160747440008512375:
3202109160748110008708003:
3202109160748140004974633:
3202109160748250005248596:
3202109160748320008692290:
3202109160748440004931925:
3202109160748480008680900:
3202109160748500008514795:
3202109160748530008499165:
3202109160748560005254707:
3202109160749000004930821:
3202109160749030004994053:
3202109160749060004972456:
3202109160749210006018008:
3202109160749230008503339:
3202109160749270004934470:
3202109160749310008497634:
3202109160749350004935638:
3202109160749370004986942:
3202109160749400004935446:
3202109160749430009306586:
3202109160749500008503489:
3202109160749530004992155:
3202109160749550008692290:
3202109160749580008692117:
3202109160750020004981013:
3202109160750070008501953:
3202109160750140004998074:
3202109160750170009234248:
3202109160750210009301802:
3202109160750240008710216:
3202109160750280009323446:
3202109160750440004989657:
3202109160751120009335560:
3202109160751170004155886:
3202109160751200005270179:
3202109160751230009343149:
3202109160751250004155886:
3202109160751280008717268:
3202109160751390009247521:
3202109160751470008713928:
3202109160751500008714702:
3202109160751520009343384:
3202109160752070008685403:
3202109160752120006023085:
3202109160752150004942841:
3202109160752190004999443:
3202109160752220004998924:
3202109160752250009339792:
3202109160752270005248599:
3202109160752310005266098:
3202109160752330008687514:
3202109160752350009300618:
3202109160752370009325535:
3202109160752400004933136:
3202109160752550004935794:
3202109160752580008492549:
3202109160753190009252970:
3202109160753230009348776:
3202109160753250004936854:
3202109160753280009236868:
3202109160753410008680280:
3202109160753520004926955:
3202109160753570004996406:
3202109160754000009326609:
3202109160754020009327615:
3202109160754040004993595:
3202109160754060009324637:
3202109160754080004928152:
3202109160754120006041721:
3202109160754150005258488:
3202109160754170003137967:
3202109160754200004968679:
3202109160754220008689944:
3202109160754250004970930:
3202109160754270004974544:
3202109160754320008498188:
3202109160754370005266101:
3202109160754400008502984:
3202109160754440009306129:
3202109160754490008697764:
3202109160754530008692032:
3202109160754560009324068:
3202109160755000009343593:
3202109160755040009287195:
3202109160755070007418333:
3202109160755090006030480:
3202109160755120009284157:
3202109160755150005004322:
3202109160755200009339930:
3202109160755220009273013:
3202109160755260008691341:
3202109160755291513653821:
3202109160755310005248597:
3202109160755340004948881:
3202109160755380008711197:
3202109160755410007395592:
3202109160755440006042240:
3202109160755490009272418:
3202109160755510009339195:
3202109160755530004927539:
3202109160755550005248598:
3202109160756100008716625:
3202109160756140004973922:
3202109160756310005254933:
3202109160756340001077421:
3202109160756360008429633:
3202109160756380003137991:
3202109160756410004923548:
3202109160756430009339802:
3202109160756450008516420:
3202109160756470009337006:
3202109160756590009342978:
3202109160757020008517323:
3202109160757060004961532:
3202109160757070009339818:
3202109160757110008506766:
3202109160757190004942040:
3202109160757240004957759:
3202109160757270009308083:
3202109160757300009331842:
3202109160757370004940881:
3202109160757410009233697:
3202109160757440009322602:
3202109160757460008699992:
3202109160757490004948289:
3202109160757560004929641:
3202109160757590004164864:
3202109160758010003126147:
3202109160758040008698315:
3202109160758060004953650:
3202109160758080008507829:
3202109160758200008514966:
3202109160758280008686117:
3202109160758340009226952:
3202109160758350008495468:
3202109160758390004957621:
3202109160758420008714113:
3202109160758440004922422:
3202109160758460004929235:
3202109160758480008711892:
3202109160758560004936149:
3202109160758580006023662:
3202109160759000006015460:
3202109160759040008698121:
3202109160759070005263716:
3202109160759160004941508:
3202109160759240009286996:
3202109160759300004967710:
3202109160759460005254537:
3202109160759500005012741:
3202109160759540002851487:
3202109160801090008708560:
3202109160801540008500378:
3202109160802300008506597:
3202109160802560008518736:
3202109160803110004999262:
3202109160803460004998055:
3202109160811290008504091:
3202109160823040009275624:
3202109161300200006014941:
3202109161659490009331842:
3202109161659520009348748:
3202109161700010005254537:
3202109161700030009302534:
3202109161700050007395592:
3202109161700060008711249:
3202109161700080009306129:
3202109161700090008717268:
3202109161700110009339802:
3202109161700130009326609:
3202109161700140009324629:
3202109161700160009287195:
3202109161700180008681212:
3202109161700190009348776:
3202109161700210004975477:
3202109161700220003137967:
3202109161700240008689944:
3202109161700260007398172:
3202109161700270004935794:
3202109161700290008687514:
3202109161700320009252970:
3202109161700330004973922:
3202109161700360004923548:
3202109161700380008712381:
3202109161700400008494201:
3202109161700420009351830:
3202109161700440001077421:
3202109161700460009346020:
3202109161700480008501288:
3202109161700500005248597:
3202109161700510009337006:
3202109161700530006030480:
3202109161700570004935446:
3202109161700590008710216:
3202109161701020004045200:
3202109161701030008714113:
3202109161701090009342962:
3202109161701190008709488:
3202109161701270008693920:
3202109161701300008515502:
3202109161701310001099428:
3202109161701330008684967:
3202109161701350004930821:
3202109161701370009354582:
3202109161701400009326658:
3202109161701420009272418:
3202109161701440009295891:
3202109161701520009324879:
3202109161701540009280051:
3202109161701550008686117:
3202109161701580005011308:
3202109161702010000424146:
3202109161702030009326626:
3202109161702060006041721:
3202109161702080008697764:
3202109161702100006020195:
3202109161702120004998924:
3202109161702140004948289:
3202109161702170004942841:
3202109161702270009275492:
3202109161702300006023662:
3202109161702330004999443:
3202109161702500008697063:
3202109161703040008696388:
3202109161703240009342143:
3202109161703280004988917:
3202109161703390009343592:
3202109161704020002851487:
3202109161704160008693892:
3202109161704200005264549:
3202109161704331513653821:
3202109161704380005264549:
3202109161704450004996481:
3202109161706370009301802:
3202109161706520009354581:
3202109161707280004929235:
3202109161708470008711197:
3202109161709170004931701:
3202109161709410006042240:
3202109161710320009342940:
3202109161711070008691341:
3202109161711080005254932:
3202109161711180005254543:
3202109161711470009323446:
3202109161712220009327615:
3202109161712240008692117:
3202109161712340005248601:
3202109161712470004155886:
3202109161713180007418333:
3202109161713210005263716:
3202109161713420000439530:
3202109161715070009286996:
3202109161715180008499165:
3202109161720020006024859:
3202109161720110009292038:
3202109161752100008708003:
3202109161800010009233695:
3202109161800030005254715:
3202109161800070005001262:
3202109161800120005248599:
3202109161800160004937222:
3202109161800490004967710:
3202109161800530008502984:
3202109161801100005270179:
3202109161801170004994835:
3202109161801200005258486:
3202109161801310005248596:
3202109161801330009230815:
3202109161801390008711445:
3202109161801520008493217:
3202109161801540009348603:
3202109161801580008703693:
3202109161802010009306586:
3202109161802020008680280:
3202109161802050004975787:
3202109161802230004937930:
3202109161802320009234248:
3202109161802470004937625:
3202109161802560003137991:
3202109161803010006018008:
3202109161803250008494290:
3202109161803430004940881:
3202109161803470005264547:
3202109161803520008699992:
3202109161804000008680900:
3202109161804320009308083:
3202109161804340004969682:
3202109161804510008677829:
3202109161805000009305547:
3202109161805030008498188:
3202109161805050008495468:
3202109161805470005248598:
3202109161806070005254542:
3202109161806120008492549:
3202109161806400006033000:
3202109161807120008698795:
3202109161808150004968555:
3202109161808370008692290:
3202109161808460006016090:
3202109161812030008677773:
3202109161822160008503489:
3202109161828270009233697:
3202109161831420009274203:
3202109161831450008698121:
3202109161849550009274874:
3202109161900030009322602:
3202109161900120008445992:
3202109161900140009243147:
3202109161900160009343384:
3202109161900220008517323:
3202109161900250009234458:
3202109161900280006023085:
3202109161900310008506597:
3202109161900420008503339:
3202109161901030004942040:
3202109161903040008702698:
3202109161903110004959868:
3202109161903370006039541:
3202109161904100008715839:
3202109161904120004926955:
3202109161904140005001068:
3202109161904170005264548:
3202109161904330006022003:
3202109161905570007402467:
3202109161906170004936854:
3202109161906250008713928:
3202109161906270005254933:
3202109161906280009247521:
3202109161906300009324068:
3202109161906570009336990:
3202109161907020009335560:
3202109161907060009230749:
3202109161908120008676957:
3202109161908420004965754:
3202109161908460008518736:
3202109161908590008506632:
3202109161909130009322590:
3202109161909240004933136:
3202109161910260009343567:
3202109161910300004931925:
3202109161910390008690203:
3202109161910420004931925:
3202109161910450005264551:
3202109161910550006028953:
3202109161911010009290264:
3202109161911090009283931:
3202109161911550008514795:
3202109161912050004972456:
3202109161914420003137754:
3202109161925340006025823:
3202109161930400009348542:
3202109161932540008494092:
3202109161933170009351758:
3202109161958040009343149:
3202109161958060009273013:
3202109161958180008714702:
3202109161958200009324637:
3202109161958220005254707:
3202109161959160009300618:
3202109161959230005004742:
3202109161959310009309829:
3202109161959330008500889:
3202109161959350009325535:
3202109161959370004948881:
3202109161959400000424167:
3202109161959420003126147:
3202109161959440009321321:
3202109161959460004928640:
3202109161959480008497634:
3202109162000050008495972:
3202109162000120004966378:
3202109162000130004966178:
3202109162000180004994053:
3202109162000230004970901:
3202109162000280009226952:
3202109162000350009343593:
3202109162000460005263714:
3202109162000490004998055:
3202109162000520008679943:
3202109162000540009339792:
3202109162000560004968208:
3202109162000580008506766:
3202109162001040004923617:
3202109162001080009339144:
3202109162001110009284157:
3202109162001130008513325:
3202109162001140008512375:
3202109162001160006015460:
3202109162001180004934470:
3202109162001190004967606:
3202109162001210006039016:
3202109162001230008507829:
3202109162001240008492065:
3202109162001260004927539:
3202109162001290005266098:
3202109162001300009234240:
3202109162001320004986942:
3202109162001490006039497:
3202109162001510009277203:
3202109162001530005254541:
3202109162002080005012741:
3202109162002110005258488:
3202109162002140004961532:
3202109162002180008708560:
3202109162002220005255416:
3202109162002280008504091:
3202109162002420006021991:
3202109162003350004968679:
3202109162003520004998074:
3202109162005190008677903:
3202109162005270006026835:
3202109162005300008701103:
3202109162005490004993595:
3202109162005570004956198:
3202109162006180005254714:
3202109162006300005266101:
3202109162007260004957621:
3202109162007280004936149:
3202109162008240008677300:
3202109162008260006036318:
3202109162009120004922422:
3202109162009140004989657:
3202109162009170008716113:
4202109160737190008494141:
4202109160737291513653075:
4202109160739390009234486:
4202109160739440009285513:
4202109160740390004996470:
4202109160741160009232629:
4202109160742550006015165:
4202109160742570009272601:
4202109160745490007398203:
4202109160745580004928798:
4202109160746140008445656:
4202109160746170006022420:
4202109160746250004936688:
4202109160746350008493092:
4202109160749220009250787:
4202109160749250008690224:
4202109160750020000424167:
4202109160750130009234249:
4202109160750160004962411:
4202109160750250006027345:
4202109160750450008496149:
4202109160750470008493895:
4202109160750490004967114:
4202109160751010004946812:
4202109160751140004975255:
4202109160751200004958669:
4202109160751330008493340:
4202109160751350008695597:
4202109160751400006036336:
4202109160751590009305260:
4202109160752020008677903:
4202109160752040009226817:
4202109160752090009338161:
4202109160752170009339225:
4202109160752190005008358:
4202109160752210004932608:
4202109160752320009346340:
4202109160752350003126360:
4202109160752440008499706:
4202109160752490004974233:
4202109160752570009226391:
4202109160753080004179142:
4202109160753140006039129:
4202109160753240009309524:
4202109160753250004996716:
4202109160753330001087543:
4202109160753360004928211:
4202109160753420008504234:
4202109160753560004929419:
4202109160754000006027612:
4202109160754010006035802:
4202109160754030008494427:
4202109160754070004929198:
4202109160754080005001511:
4202109160754120004993812:
4202109160754220006028799:
4202109160754500002854367:
4202109160754530009327564:
4202109160754550004957311:
4202109160754570009342997:
4202109160754590009346055:
4202109160755010006022158:
4202109160755030006016091:
4202109160755050004967900:
4202109160755080005248602:
4202109160755110008699709:
4202109160755140005254931:
4202109160755180004941228:
4202109160755210004990085:
4202109160755250009327620:
4202109160755310004988966:
4202109160755330009354827:
4202109160755350006030145:
4202109160755360008710875:
4202109160755380008679170:
4202109160755400009342984:
4202109160755430008500083:
4202109160755470004963073:
4202109160755490007404978:
4202109160755530009234108:
4202109160755550009324572:
4202109160755590009324085:
4202109160756080004978162:
4202109160756100008511222:
4202109160756120009283323:
4202109160756140004926919:
4202109160756180004931038:
4202109160756230009226821:
4202109160756250008717694:
4202109160756270008500493:
4202109160756290007407499:
4202109160756320009253995:
4202109160756350008495556:
4202109160756360004985960:
4202109160756380009247696:
4202109160756400009230812:
4202109160756420009247701:
4202109160756440009341511:
4202109160756460009252994:
4202109160756480009324605:
4202109160756500004927575:
4202109160756510006020192:
4202109160756530009253739:
4202109160756540008501835:
4202109160756570008512783:
4202109160757000009339817:
4202109160757070009321481:
4202109160757090009226797:
4202109160757100003916932:
4202109160757130004927939:
4202109160757160004988917:
4202109160757190009311280:
4202109160757250009272187:
4202109160757280006036504:
4202109160757290006028960:
4202109160757320002851443:
4202109160757340004923699:
4202109160757360009342143:
4202109160757390004952880:
4202109160757430009341742:
4202109160757460005008693:
4202109160757490009232613:
4202109160757510004924511:
4202109160757530006036994:
4202109160757550009226433:
4202109160757570004964566:
4202109160758000008499867:
4202109160758060007411174:
4202109160758090004923758:
4202109160758110005254710:
4202109160758140007395601:
4202109160758250007401131:
4202109160758270004936058:
4202109160758290003116965:
4202109160758320009231455:
4202109160758340004927962:
4202109160758360008499047:
4202109160758400004948259:
4202109160758440009346685:
4202109160758450006041875:
4202109160758470006021988:
4202109160759100009342981:
4202109160759130004928581:
4202109160759170008492065:
4202109160759170008719239:
4202109160759220008499471:
4202109160759270008500142:
4202109160759300009346035:
4202109160759390008503979:
4202109160759500004169060:
4202109160800060004991241:
4202109160800100004990375:
4202109160800130009292038:
4202109160800220000431385:
4202109160800410004938474:
4202109160800470008519041:
4202109160800560009352010:
4202109160800590009246202:
4202109160801050008503089:
4202109160801070009333812:
4202109160801190004933960:
4202109160801340009293535:
4202109160802150006036876:
4202109160807080004921785:
4202109161700300004931038:
4202109161700320001077425:
4202109161701030002851443:
4202109161701070007401131:
4202109161701090008445656:
4202109161701110006036994:
4202109161701150005001511:
4202109161701170008516420:
4202109161701190009342978:
4202109161701210004952880:
4202109161701250009339817:
4202109161701290009346685:
4202109161701310005270181:
4202109161701380008716625:
4202109161701420004968592:
4202109161701440008509836:
4202109161701450008493092:
4202109161701470008717694:
4202109161701490004990375:
4202109161701550004993812:
4202109161701570005254710:
4202109161701590009250787:
4202109161702010009296645:
4202109161702030006030145:
4202109161702110009321481:
4202109161702130006041875:
4202109161702140007407459:
4202109161702161513631613:
4202109161702190009346055:
4202109161702310009246202:
4202109161702320009352010:
4202109161702340004957311:
4202109161702360009324085:
4202109161702380009339225:
4202109161702500009234249:
4202109161702520009341511:
4202109161702540008499471:
4202109161702550006036336:
4202109161702570004968716:
4202109161703020006027612:
4202109161703040009226821:
4202109161703050005008693:
4202109161703090004946812:
4202109161703110008679170:
4202109161703250009230812:
4202109161703310009232613:
4202109161703370009226433:
4202109161703481513631101:
4202109161703510004926919:
4202109161704220004974544:
4202109161704320004929198:
4202109161705040004964566:
4202109161705320006027345:
4202109161705341513653075:
4202109161705350008499706:
4202109161706010004928211:
4202109161706180005004322:
4202109161706230007407499:
4202109161709160009342984:
4202109161710260009272601:
4202109161723200004974233:
4202109161723210009346340:
4202109161728090008501953:
4202109161800080004926757:
4202109161800300008504736:
4202109161800320004927575:
4202109161801350009247701:
4202109161801430009253995:
4202109161802060009290271:
4202109161802310009283323:
4202109161802460008504234:
4202109161803170009231455:
4202109161803190008500142:
4202109161804300008495556:
4202109161804520001087543:
4202109161804530004927939:
4202109161804570007396382:
4202109161808180009278862:
4202109161810230009305260:
4202109161812410004158333:
4202109161813051513653096:
4202109161813350008494141:
4202109161858230009232651:
4202109161900440004967114:
4202109161900470004169060:
4202109161900490008493895:
4202109161900510008695597:
4202109161900570006028799:
4202109161900580003116965:
4202109161901370004941228:
4202109161901440004932608:
4202109161901460004969304:
4202109161902120006021988:
4202109161902150004975565:
4202109161902370007421735:
4202109161903400009327620:
4202109161905120005264546:
4202109161907370004938474:
4202109161910170007395601:
4202109161910190006041088:
4202109161910210008500083:
4202109161910400008699709:
4202109161911200009341742:
4202109161912230008719239:
4202109161915530004974633:
4202109161927170004947993:
4202109161950220008519041:
4202109161958560004929419:
4202109162000010004927962:
4202109162000030004929419:
4202109162000050004927962:
4202109162000070004941508:
4202109162000090004963073:
4202109162000100006035802:
4202109162000160009338161:
4202109162000200004927962:
4202109162000290006020192:
4202109162000310008710875:
4202109162000320004996470:
4202109162000340008512783:
4202109162000360009252994:
4202109162000430005248602:
4202109162001170009342981:
4202109162001210009326600:
4202109162001230009346035:
4202109162001250008690224:
4202109162001280009247696:
4202109162006050009234108:
4202109162007590004967900:
4202109162019080004179142:
4202109162019150005006025:
4202109162020080004948259:
4202109162200010007402498:
4202109162200070007398203:
4202109162200230004933960:
5202109160000260009234486:
5202109160000420008680789:
5202109160000570004954090:
5202109160000590004995861:
5202109160001030004928366:
5202109160001080004996199:
5202109160002450006017488:
5202109160003420006039129:
5202109160003470008494964:
5202109160004330008506797:
5202109160004540006025812:
5202109160005520004955246:
5202109160006110009346707:
5202109160008200003920040:
5202109160008380008709011:
5202109160010350009252984:
5202109160011440008691017:
5202109160013010008503171:
5202109160015240004947107:
5202109160027400009340820:
5202109160027430004985169:
5202109160027490004997608:
5202109160027540004922875:
5202109160027570004950845:
5202109160029100008698279:
5202109160029130004937490:
5202109160029180006009777:
5202109160029210006039493:
5202109160029240004969384:
5202109160029260004986057:
5202109160029290004989365:
5202109160029310007413810:
5202109160029330009339524:
5202109160030550008500113:
5202109160033040008515578:
5202109160049040009285513:
5202109160100060009340824:
5202109160000080008697836:
5202109160000100009296798:
5202109160000140008517932:
5202109160000160004967416:
5202109160000260009354001:
5202109160002400009276680:
5202109160002450004949177:
5202109160006460009324076:
5202109160006530009225507:
5202109160006590007414082:
5202109160007010009321395:
5202109160007030008694659:
5202109160007040009321395:
5202109160007060009341030:
5202109160007200009280491:
5202109160007250004984899:
5202109160007280009341030:
5202109160008450006030118:
5202109160008470009253842:
5202109160018140008517783:
5202109160015080009241934:
5202109160015100004966690:
5202109160058020004981298:
5202109160058150004974855:
5202109160058510009225494:
5202109160058540004960782:
5202109160058550004974855:
5202109160000050009232378:
5202109160100060004992723:
5202109160100100008503915:
5202109160100120004951177:
5202109160100150004997873:
5202109160100180004967512:
5202109160100200004994596:
5202109160100230005009032:
5202109160100280004981298:
5202109160100320004992723:
5202109160107090009281814:
5202109160107270007410282:
5202109160112580006022855:
5202109160113170009297056:
5202109160124180004933649:
5202109160127340008493286:
5202109160127400008510090:
5202109160127590006022852:
5202109160128130004972420:
5202109160128150008676811:
5202109160128180004989948:
5202109160128220009254229:
5202109160128240009342183:
5202109160128270008495616:
5202109160128310009342959:
5202109160128350008696894:
5202109160128370004946517:
5202109160128410006036993:
5202109160128430009294273:
5202109160128440008702320:
5202109160211510004995116:
5202109160211520009254183:
5202109160211550008707832:
5202109160211580008494333:
5202109160212390004931193:
5202109160212460007402523:
5202109160212480008508219:
5202109160212500008495037:
5202109160215540007398914:
5202109160734000008497657:
5202109160738470004966761:
5202109160739570009305457:
5202109160739590004989528:
5202109160740030004924019:
5202109160740050004989073:
5202109160740090004921536:
5202109160741320007402194:
5202109160741360004921536:
5202109160741380006039969:
5202109160741440004989948:
5202109160743110004959001:
5202109160745020006032924:
5202109160746200008698279:
5202109160746270004995938:
5202109160746300006028292:
5202109160746370004923016:
5202109160746520001079288:
5202109160747260004976717:
5202109160747300004967073:
5202109160748170004985169:
5202109160748200008517932:
5202109160748250004966690:
5202109160748270004981583:
5202109160748340006018008:
5202109160748490005012946:
5202109160748530008499208:
5202109160749050008500184:
5202109160749130004933649:
5202109160749400005254923:
5202109160749470009225500:
5202109160749540005254929:
5202109160749570004998401:
5202109160750000004994074:
5202109160750050006015163:
5202109160750240004957428:
5202109160750260004957738:
5202109160750301513645885:
5202109160750320009339273:
5202109160750350004968298:
5202109160750400004923400:
5202109160750430006022855:
5202109160750450005266100:
5202109160750520004932362:
5202109160750560006028797:
5202109160750580009230754:
5202109160751190004961787:
5202109160751230009282809:
5202109160751260004996134:
5202109160751310009226447:
5202109160751360004997809:
5202109160751390008508290:
5202109160751410004966066:
5202109160751440009296798:
5202109160751470007402500:
5202109160751540009234480:
5202109160751580004937490:
5202109160752140008706494:
5202109160752161513653096:
5202109160752180005258487:
5202109160752210009286880:
5202109160752220008699606:
5202109160752310007401654:
5202109160752400004981298:
5202109160752430008690529:
5202109160752460007412611:
5202109160752490009346362:
5202109160752510004990979:
5202109160752570009233704:
5202109160753000004994596:
5202109160753060004923605:
5202109160753080007402523:
5202109160753130009346033:
5202109160753150008516236:
5202109160753160008694659:
5202109160753180004996199:
5202109160753200009352009:
5202109160753230004922875:
5202109160753260009346170:
5202109160753280004998138:
5202109160753300005012521:
5202109160753370001108277:
5202109160753400009351308:
5202109160753430005254709:
5202109160753510006016275:
5202109160753560004993674:
5202109160753580008692450:
5202109160753590008697063:
5202109160754010004995654:
5202109160754020009340820:
5202109160754040006025812:
5202109160754050004969726:
5202109160754080008510518:
5202109160754100009340820:
5202109160754110009340824:
5202109160754130004969726:
5202109160754140004968004:
5202109160754160004950845:
5202109160754170004180013:
5202109160754190006037287:
5202109160754220008709011:
5202109160754240009225507:
5202109160754260004997873:
5202109160754280004927329:
5202109160754340003920040:
5202109160754360009305197:
5202109160754390004950546:
5202109160754420008509901:
5202109160754480005258489:
5202109160754500009321395:
5202109160754530006018006:
5202109160754550007411321:
5202109160754560004922969:
5202109160754580004969384:
5202109160755000004967416:
5202109160755060008515021:
5202109160755080009280491:
5202109160755110009348762:
5202109160755130004992723:
5202109160755150009252984:
5202109160755170004965814:
5202109160755190008506434:
5202109160755220009241934:
5202109160755290004974855:
5202109160755330004966750:
5202109160755370009327416:
5202109160755390008503171:
5202109160755420009280051:
5202109160755470008512216:
5202109160755490009347607:
5202109160755560004966802:
5202109160755580006036875:
5202109160756000004934727:
5202109160756020004994335:
5202109160756040009346376:
5202109160756050004930090:
5202109160756070008496310:
5202109160756100009324076:
5202109160756120004946517:
5202109160756140004984899:
5202109160756160001114611:
5202109160756180004941773:
5202109160756200009323985:
5202109160756220004988917:
5202109160756240008506766:
5202109160756250008501942:
5202109160756270004975166:
5202109160756310004949177:
5202109160756320001083110:
5202109160756340009225481:
5202109160756360008506074:
5202109160756380004996481:
5202109160756400004927727:
5202109160756470004961715:
5202109160756500004968208:
5202109160756520008718216:
5202109160756550008703693:
5202109160756580009354401:
5202109160757000006029988:
5202109160757030009232651:
5202109160757050009254002:
5202109160757070004961404:
5202109160757090009341030:
5202109160757180009339219:
5202109160757200008512035:
5202109160757220006024122:
5202109160757230004938202:
5202109160757250006021994:
5202109160757270003892332:
5202109160757280008676811:
5202109160757300004951445:
5202109160757310006022852:
5202109160757330004990401:
5202109160757350004935186:
5202109160757360008495972:
5202109160757380008702320:
5202109160757400009342959:
5202109160757420004977027:
5202109160757430004924182:
5202109160757460004923454:
5202109160757480009276680:
5202109160757500008717926:
5202109160757510008711892:
5202109160757580009254908:
5202109160758000008513950:
5202109160758020004968100:
5202109160758030008492480:
5202109160758060009236810:
5202109160758090005254540:
5202109160758120007407459:
5202109160758140006016276:
5202109160758150004975477:
5202109160758170004951177:
5202109160758180005254534:
5202109160758210004986057:
5202109160758220009232378:
5202109160758240006030142:
5202109160758260009348542:
5202109160758440004994119:
5202109160758460004996986:
5202109160758500007414082:
5202109160758531513409863:
5202109160758550008508757:
5202109160758570009354001:
5202109160758580008494613:
5202109160759000006025807:
5202109160759020009230781:
5202109160759030008493366:
5202109160759050006033090:
5202109160759070008506797:
5202109160759080004967512:
5202109160759100009226440:
5202109160759120008500113:
5202109160759140004966438:
5202109160759160004937390:
5202109160759210008503915:
5202109160759240009253842:
5202109160759250004986647:
5202109160759300004990953:
5202109160759340009253742:
5202109160759360004965754:
5202109160759390008493750:
5202109160759410006025445:
5202109160759440008502189:
5202109160759450006016090:
5202109160759480004972420:
5202109160759500004995861:
5202109160759510009325511:
5202109160759540004931897:
5202109160759550008701274:
5202109160800020008517783:
5202109160800060009310954:
5202109160800090004955246:
5202109160800120009339834:
5202109160800140009339821:
5202109160800170004997608:
5202109160800240004989365:
5202109160800290009298223:
5202109160800350008692560:
5202109160800370008696238:
5202109160800390006030118:
5202109160800400004958379:
5202109160800420009351823:
5202109160801510004958690:
5202109160802030006041103:
5202109160802100008508219:
5202109160802490009297056:
5202109160803050004961221:
5202109160803080008696894:
5202109160803130007410282:
5202109160804080002851479:
5202109160804360005254708:
5202109160806540007410385:
5202109160808020009226392:
5202109160810180009225494:
5202109160818260009281814:
5202109160912090006016277:
5202109161700430009310954:
5202109161700440008711892:
5202109161701120004951477:
5202109161701160004990979:
5202109161702110004966438:
5202109161702120009254908:
5202109161702150004931257:
5202109161702320008676811:
5202109161702340008501942:
5202109161702360007413810:
5202109161702370009280051:
5202109161702420004924511:
5202109161702550004929016:
5202109161702580004923016:
5202109161703160008513365:
5202109161703470004977027:
5202109161703500004976407:
5202109161703550004996134:
5202109161703590007402196:
5202109161704040005254540:
5202109161705110008680789:
5202109161705140004966750:
5202109161705470004966066:
5202109161706070008502189:
5202109161706150004967312:
5202109161707030009293911:
5202109161707080009301551:
5202109161707170009339828:
5202109161707330004921380:
5202109161708050004976717:
5202109161708130009326612:
5202109161709360004923400:
5202109161710490004998138:
5202109161710510004924182:
5202109161710530004990401:
5202109161710550004927750:
5202109161710560008499208:
5202109161710590007401654:
5202109161711030008500184:
5202109161711050008493750:
5202109161711070004931478:
5202109161711140004941773:
5202109161711170004937390:
5202109161711220002851479:
5202109161711250004922969:
5202109161711370004973700:
5202109161711540004967073:
5202109161711560004997809:
5202109161711580008699606:
5202109161712000004980727:
5202109161712020009339273:
5202109161712040004985169:
5202109161712070004180013:
5202109161712101513645885:
5202109161712120009321334:
5202109161712190004966761:
5202109161712250004950546:
5202109161712270004927329:
5202109161712290004994119:
5202109161712350006016275:
5202109161713000001083110:
5202109161713110009290365:
5202109161713300005012946:
5202109161713340004993674:
5202109161713400004989073:
5202109161713410006029988:
5202109161713430008515021:
5202109161714230001108277:
5202109161714260009234480:
5202109161716040004935186:
5202109161718060008686663:
5202109161718080009226393:
5202109161718220006041715:
5202109161718240004973075:
5202109161720350006025812:
5202109161720370009346362:
5202109161720400009230754:
5202109161724110009346707:
5202109161731220006022855:
5202109161800540004931897:
5202109161800570008701274:
5202109161801120009254229:
5202109161802400009346170:
5202109161803450006018008:
5202109161804270008680900:
5202109161808430009236810:
5202109161813590004939835:
5202109161814151513653096:
5202109161819480009293535:
5202109161821020009298073:
5202109161846130004958690:
5202109161901040008494613:
5202109161901070007411321:
5202109161901080008717926:
5202109161901110009253997:
5202109161902120008431645:
5202109161902550004957428:
5202109161903160009325511:
5202109161903230004934727:
5202109161903280008703345:
5202109161903560006039541:
5202109161905210007412611:
5202109161906110004965814:
5202109161906190008502364:
5202109161906370004989948:
5202109161907050006036875:
5202109161909190009254183:
5202109161910130004924019:
5202109161910150004995861:
5202109161910180004928366:
5202109161910200004923605:
5202109161910230004972420:
5202109161910250005270178:
5202109161910280008516236:
5202109161910310009352009:
5202109161910370009327416:
5202109161910510004995654:
5202109161910530009354401:
5202109161910560008512216:
5202109161910570004957738:
5202109161911010004951177:
5202109161911040009342183:
5202109161911060004959001:
5202109161911080008692450:
5202109161911100009347607:
5202109161911120008510518:
5202109161911130009339834:
5202109161911150004989528:
5202109161911180005254709:
5202109161911200004981298:
5202109161911230009347607:
5202109161911260004995938:
5202109161911290004981583:
5202109161911350004960782:
5202109161911550004975166:
5202109161911580004994074:
5202109161912010007402500:
5202109161912140004958379:
5202109161912160004986057:
5202109161912190006037287:
5202109161912230004930090:
5202109161912290009326645:
5202109161912400009226826:
5202109161912460009346376:
5202109161912510008698279:
5202109161912590004933649:
5202109161914520006036875:
5202109161922540008698044:
5202109161923130004967002:
5202109161931460004947993:
5202109161957230004928581:
5202109161957270007421210:
5202109161959020008714702:
5202109161959030009273013:
5202109161959050009343149:
5202109161959070009324637:
5202109161959130008692032:
5202109161959200008702320:
5202109162000020004957759:
5202109162000050008702320:
5202109162000260004969726:
5202109162000290009230781:
5202109162000320006032924:
5202109162000360004922875:
5202109162000500004974855:
5202109162000520004997873:
5202109162000550009351308:
5202109162001030009351823:
5202109162001150004961404:
5202109162001260009348762:
5202109162001280004994596:
5202109162001310004992723:
5202109162001340004950845:
5202109162001360009323985:
5202109162001410004967512:
5202109162001410009323985:
5202109162001460004923454:
5202109162001490008509901:
5202109162001500009288638:
5202109162001520004932362:
5202109162001550008718216:
5202109162001570009305457:
5202109162002000009276680:
5202109162002020009305457:
5202109162002040004921536:
5202109162002070008493366:
5202109162002090006033090:
5202109162002110005266100:
5202109162002130006030142:
5202109162002160009226440:
5202109162002170006039493:
5202109162002200004998401:
5202109162002210009339524:
5202109162002230004969384:
5202109162002260004961715:
5202109162002280006039969:
5202109162002290006028292:
5202109162002300004989365:
5202109162002320004937490:
5202109162002360006025445:
5202109162002380009226412:
5202109162002430004961715:
5202109162002460008709061:
5202109162002550009240533:
5202109162003380004968298:
5202109162004550009340820:
5202109162006360004954090:
5202109162009400009343364:
5202109162022330004991241:
5202109162050080009346063:
5202109162101090008508290:
5202109162121450004968004:
5202109162135040006009777:
5202109162146530008500113:
5202109162148080009285513:
5202109162148120009234486:
5202109162200071513643510:
5202109162200100004971518:
5202109162200120009281193:
5202109162200170004937088:
5202109162200190004927727:
5202109162200290008692560:
5202109162200310004986846:
5202109162200360009346033:
5202109162200380008513950:
5202109162200400009290365:
5202109162200410009233710:
5202109162200430003892332:
5202109162200440009282809:
5202109162200470008691017:
5202109162200490004967416:
5202109162200520009296798:
5202109162200530004949177:
5202109162200550008517932:
5202109162201000004951445:
5202109162201020005258489:
5202109162201030004984899:
5202109162201070003920040:
5202109162201100009225481:
5202109162201130004961787:
5202109162201150009321334:
5202109162201170009340824:
5202109162201200008503915:
5202109162201220004997608:
5202109162201240009339219:
5202109162201270008694659:
5202109162201290009297056:
5202109162201310007410282:
5202109162201330009281814:
5202109162201350007402194:
5202109162201360009321395:
5202109162201380008503915:
5202109162201400009321395:
5202109162201420004994335:
5202109162201440009225507:
5202109162201460001079288:
5202109162201480008493286:
5202109162201520009286880:
5202109162201550008701083:
5202109162201570009341030:
5202109162202010008503171:
5202109162202060008506797:
5202109162202080009298207:
5202109162202100006022852:
5202109162202120004996199:
5202109162202140006036993:
5202109162202160008496310:
5202109162202200009354001:
5202109162202210008510090:
5202109162202240006030118:
5202109162202270008690529:
5202109162202280008696894:
5202109162202300009342959:
5202109162202330004946517:
5202109162202350009253842:
5202109162202370004947107:
5202109162202400009341030:
5202109162202420008697836:
5202109162202460008495616:
5202109162202490009294273:
5202109162202520007414082:
5202109162202550004955246:
5202109162203170008517783:
5202109162203210009280491:
5202109162203320009324076:
5202109162203410004966690:
5202109162204230007410385:
5202109162204240009225494:
5202109162204260008706494:
5202109162204270006031525:
5202109162204290008709011:
5202109162204310008500312:
5202109162204320009252984:
5202109162204570009241934:
5202109162206180004966690:
5202109162223140009322682:
6202109160000140006039510:
6202109160000190004927029:
6202109160001020009247509:
6202109160724480008501288:
6202109160732550009326438:
6202109160733280006031524:
6202109160733310009234458:
6202109160733400008508441:
6202109160737160008517056:
6202109160738470004946192:
6202109160739210007411542:
6202109160740070004989502:
6202109160742230008493676:
6202109160743240008690234:
6202109160745260008494290:
6202109160745310004046800:
6202109160745340008712785:
6202109160745500008502735:
6202109160746060004931257:
6202109160746110008501833:
6202109160746410005254539:
6202109160746450009241075:
6202109160746540008499556:
6202109160747240004923110:
6202109160747300008499805:
6202109160747370008711445:
6202109160747410005011308:
6202109160747450005266099:
6202109160748110009293895:
6202109160748140006028757:
6202109160748360008681212:
6202109160748420004991528:
6202109160748580009305547:
6202109160748590006025823:
6202109160749030004962099:
6202109160749110004932392:
6202109160749140009339211:
6202109160749160009351758:
6202109160749190004946487:
6202109160749210007402498:
6202109160749320008710216:
6202109160749350005254934:
6202109160749410009287614:
6202109160749440006028953:
6202109160750020008500401:
6202109160750240005012405:
6202109160750320009283931:
6202109160750360008708048:
6202109160750550004979341:
6202109160750570004923400:
6202109160751000004968194:
6202109160751020006027609:
6202109160751050004993002:
6202109160751090006039510:
6202109160751120009288913:
6202109160751140008683421:
6202109160751240008492410:
6202109160751280008685403:
6202109160751300009326626:
6202109160751340009343592:
6202109160751360009234457:
6202109160751420004996134:
6202109160751550004926757:
6202109160752000004966066:
6202109160752010008508290:
6202109160752040009325535:
6202109160752090004965866:
6202109160752120009252946:
6202109160752140001077425:
6202109160752170004928604:
6202109160752230008499075:
6202109160752290006040360:
6202109160752341513653096:
6202109160752360004998663:
6202109160752470009348776:
6202109160752550005254713:
6202109160752590008715839:
6202109160753010004934669:
6202109160753050004987731:
6202109160753080007412611:
6202109160753170009233704:
6202109160753180009326609:
6202109160753200008698795:
6202109160753220004996406:
6202109160753250008445992:
6202109160753260008679943:
6202109160753290009324637:
6202109160753320004956198:
6202109160753340004968679:
6202109160753360008693892:
6202109160753430004930576:
6202109160753460008714837:
6202109160753480008689944:
6202109160754071513631101:
6202109160754120004923159:
6202109160754160004941774:
6202109160754240009343593:
6202109160754260004971518:
6202109160754290009324629:
6202109160754390009314247:
6202109160754440004970901:
6202109160754460005004322:
6202109160754490001122577:
6202109160754520004922029:
6202109160754560009326600:
6202109160754580009226812:
6202109160755000004948881:
6202109160755070006042240:
6202109160755100009282101:
6202109160755150006018006:
6202109160755170006039541:
6202109160755200006033000:
6202109160755230005254712:
6202109160755250004927539:
6202109160755270009351830:
6202109160755300008511510:
6202109160755310008501795:
6202109160755330004936557:
6202109160755350008716625:
6202109160755460009278808:
6202109160755480009346367:
6202109160755520009324879:
6202109160755540008677829:
6202109160755570009354581:
6202109160755590004987532:
6202109160756000009280051:
6202109160756030008497774:
6202109160756060004933902:
6202109160756080004994314:
6202109160756110005254711:
6202109160756130009348748:
6202109160756140004921905:
6202109160756160004990111:
6202109160756180009286387:
6202109160756200008492776:
6202109160756260000424146:
6202109160756290009300413:
6202109160756320009342978:
6202109160756340008517323:
6202109160756350001114611:
6202109160756400004961532:
6202109160756430008501942:
6202109160756500004962761:
6202109160756560008709488:
6202109160756580008693920:
6202109160757020008684967:
6202109160757040009308083:
6202109160757060009331842:
6202109160757080008498971:
6202109160757090007422489:
6202109160757110004968208:
6202109160757130009322602:
6202109160757170009326658:
6202109160757190008431645:
6202109160757210008698315:
6202109160757230008699992:
6202109160757250004927120:
6202109160757270004953182:
6202109160757310008709393:
6202109160757330008507829:
6202109160757350000439530:
6202109160757370009354349:
6202109160757390007398172:
6202109160757400008494201:
6202109160757420004045200:
6202109160757440004927962:
6202109160757480004967379:
6202109160757500003892332:
6202109160757510008495468:
6202109160757530009286616:
6202109160757570009226952:
6202109160757590008495972:
6202109160758000004977027:
6202109160758020004953788:
6202109160758040009342962:
6202109160758050008714113:
6202109160758060004922422:
6202109160758080008676957:
6202109160758120008492776:
6202109160758150009348543:
6202109160758170009254908:
6202109160758190008711249:
6202109160758210005254715:
6202109160758230006037924:
6202109160758250006023662:
6202109160758270006015460:
6202109160758280007421735:
6202109160758300004929016:
6202109160758310009354582:
6202109160758320008515502:
6202109160758340006016276:
6202109160758370008497935:
6202109160758470004958069:
6202109160758500009342940:
6202109160758520004937930:
6202109160758540005008528:
6202109160758560004967710:
6202109160758590008513365:
6202109160759020009278607:
6202109160759050004966490:
6202109160759080004937088:
6202109160759110009274203:
6202109160759120008695330:
6202109160759140009231473:
6202109160759150008494613:
6202109160759180005254533:
6202109160759210009321321:
6202109160759230006025807:
6202109160759250004968502:
6202109160759270008712381:
6202109160759290005004742:
6202109160759320009240533:
6202109160759340009343174:
6202109160759370004996445:
6202109160759390008513733:
6202109160759420008501482:
6202109160759450009322590:
6202109160759470004990953:
6202109160759580009354391:
6202109160800040008702698:
6202109160800070008493217:
6202109160800170005254714:
6202109160800230009339144:
6202109160800250009233695:
6202109160800270009309829:
6202109160800390004178213:
6202109160800440008708560:
6202109160800530008692560:
6202109160800580008696238:
6202109160801080004923617:
6202109160801390005006239:
6202109160801420004997277:
6202109160801440008496367:
6202109160801480004947993:
6202109160802010004927750:
6202109160802430006026834:
6202109160802520009230749:
6202109160803580009274874:
6202109160804230005263715:
6202109160804380004989820:
6202109160805320008703345:
6202109160805570009288870:
6202109160806010009339837:
6202109160810200008493833:
6202109160811570008677300:
6202109160812280007407502:
6202109160813180005012845:
6202109160813390009247509:
6202109160822490009275624:
6202109160824300008515578:
6202109160831380009298073:
6202109160911160004963347:
6202109161700100009331842:
6202109161700120008503303:
6202109161700170009279481:
6202109161700240008711892:
6202109161700320007395592:
6202109161700340009326609:
6202109161700370004958069:
6202109161700380009339195:
6202109161700400009348776:
6202109161700420009287195:
6202109161700440004962099:
6202109161700460004996445:
6202109161700490004975477:
6202109161700510008689944:
6202109161700520004990979:
6202109161700560008497774:
6202109161701060005254712:
6202109161701090009285701:
6202109161701110008499149:
6202109161701140009339837:
6202109161701180004948585:
6202109161701250004965866:
6202109161701320008710216:
6202109161701380004928175:
6202109161701410004967379:
6202109161701430009233704:
6202109161701450006030482:
6202109161701470001122577:
6202109161701480004931257:
6202109161701520009254908:
6202109161701530004931257:
6202109161701560004996986:
6202109161701590009253846:
6202109161702020008513365:
6202109161702040005008528:
6202109161702060006015163:
6202109161702080004987532:
6202109161702100004987731:
6202109161702110004922029:
6202109161702131513409863:
6202109161702150008501942:
6202109161702170006027609:
6202109161702190004950247:
6202109161702250004929016:
6202109161702360004997277:
6202109161702380008695905:
6202109161702400004953182:
6202109161702420008695905:
6202109161702440009314247:
6202109161702470004923110:
6202109161702480004932392:
6202109161702500008512859:
6202109161702530004946192:
6202109161702540007409900:
6202109161703010004046800:
6202109161703030008506434:
6202109161703090008501482:
6202109161703120007407459:
6202109161703140009276489:
6202109161703170009288913:
6202109161703190008506074:
6202109161703210005254711:
6202109161703230004994314:
6202109161703260006040360:
6202109161703280004977027:
6202109161703300004976407:
6202109161703310008683421:
6202109161703340004996134:
6202109161703390005254540:
6202109161703450005254923:
6202109161703470009286616:
6202109161703500006025806:
6202109161703540006039337:
6202109161703560008498971:
6202109161703590006016276:
6202109161704030008492480:
6202109161704070004962761:
6202109161704110005254539:
6202109161704150004990111:
6202109161704170008696238:
6202109161704190004927029:
6202109161704370005254539:
6202109161704410004928604:
6202109161704450001114611:
6202109161704500007411542:
6202109161705020004968194:
6202109161705060009226812:
6202109161705160005254716:
6202109161705220008496367:
6202109161705260004966066:
6202109161705270008508757:
6202109161705320008502189:
6202109161705460004938202:
6202109161705540008517056:
6202109161706170008493676:
6202109161706220009225500:
6202109161706280004994575:
6202109161706300004998663:
6202109161706460004178213:
6202109161706480008511510:
6202109161707320004966490:
6202109161707560004968886:
6202109161708260009348543:
6202109161708540004930974:
6202109161709170004923400:
6202109161710030006042240:
6202109161710270004927120:
6202109161710350004927750:
6202109161712420008497935:
6202109161713220004155886:
6202109161718110002854367:
6202109161719440009231473:
6202109161722310009292077:
6202109161730210007422489:
6202109161736080009247509:
6202109161800000009253742:
6202109161800100004979341:
6202109161800230006024122:
6202109161800280008512035:
6202109161800310009233695:
6202109161800330005001262:
6202109161801030004967710:
6202109161801070009253991:
6202109161801120008712785:
6202109161801150005012405:
6202109161801180005263715:
6202109161801210009335539:
6202109161801230008502984:
6202109161801280009252946:
6202109161801360009232653:
6202109161801380008501833:
6202109161801450008513733:
6202109161801490008501795:
6202109161801510004990085:
6202109161801530004949598:
6202109161802100009232631:
6202109161802140006037924:
6202109161802260009292116:
6202109161802580006026834:
6202109161803390008494290:
6202109161804120008699992:
6202109161804300005254934:
6202109161804330009283164:
6202109161804350005254708:
6202109161804400007402512:
6202109161806020004934669:
6202109161806280006039510:
6202109161807170007421269:
6202109161811100003916932:
6202109161814250004968502:
6202109161815270009298073:
6202109161818500006041103:
6202109161820520009310727:
6202109161829410009275624:
6202109161833100004973078:
6202109161833210004930576:
6202109161833580004946487:
6202109161843280008505663:
6202109161849420009349952:
6202109161859450009234457:
6202109161900050009278808:
6202109161900080006018006:
6202109161900360008445992:
6202109161900430008494613:
6202109161900450008517323:
6202109161900550006023085:
6202109161901350009305197:
6202109161901490008431645:
6202109161903010008499805:
6202109161903030008709393:
6202109161903060004921905:
6202109161903110004941774:
6202109161903190007419049:
6202109161903300005254929:
6202109161905020007412611:
6202109161905150008713215:
6202109161905290006028757:
6202109161906190007402467:
6202109161908110004936557:
6202109161908130008690234:
6202109161911310009290264:
6202109161911560005006239:
6202109161913350004991528:
6202109161914550008502364:
6202109161914580003137754:
6202109161916040008498988:
6202109161918470004963347:
6202109161930580007407502:
6202109161955020009300590:
6202109161955060008508441:
6202109161955090006033720:
6202109161958140009339211:
6202109161958170004989820:
6202109161958310005254713:
6202109161958330008500401:
6202109161958390009273013:
6202109161958410009343149:
6202109161958430009324637:
6202109161959080006028451:
6202109161959150004996406:
6202109161959210008499556:
6202109161959320005254536:
6202109161959380009300618:
6202109162000010004948881:
6202109162000030009325535:
6202109162000060009309829:
6202109162000070000424167:
6202109162000120008516772:
6202109162000150008497634:
6202109162000170004928640:
6202109162000290008495972:
6202109162000430004953788:
6202109162000530009343593:
6202109162001020009226447:
6202109162001120004970901:
6202109162001230004968208:
6202109162001270004923617:
6202109162001290009339144:
6202109162001430006015460:
6202109162001450008507829:
6202109162001480004927539:
6202109162001510009234240:
6202109162001550005266099:
6202109162002320009240533:
6202109162002440004961532:
6202109162002460008708560:
6202109162002480005255416:
6202109162002530008504091:
6202109162002560006025807:
6202109162002590004968100:
6202109162004080004998074:
6202109162005410006039497:
6202109162005530006014349:
6202109162007450004957621:
6202109162008540004967900:
6202109162009360004922422:
6202109162009380008716113:
6202109162009390004989657:
6202109162013540009298223:
6202109162014010006028797:
6202109162020430009241075:
6202109162037270008677300:
6202109162049290006036876:
6202109162100420006022160:
6202109162100520008508290:
6202109162100530006021994:
6202109162102210004933902:
6202109162105020004993002:
6202109162159330009281193:
6202109162159380008502735:
6202109162159430005270182:
6202109162200000004937088:
6202109162200020004972764:
6202109162200030005264543:
6202109162200050009293895:
6202109162200070009287614:
6202109162200090004967806:
6202109162200110008692560:
6202109162200120009287614:
6202109162200140009346033:
6202109162200160009288870:
6202109162200180005254533:
6202109162200200003892332:
6202109162200220006039130:
6202109162200240008492776:
6202109162200300008695330:
6202109162200410008499075:
6202109162200460004989502:
6202109162200570007398203:
6202109162201030008714837:
6202109162201320009254002:
6202109162201500006039129:
6202109162201590008493833:
6202109162202360005012521:
6202109162203110005012845:
6202109162205340006036321:
8202109160746310004928798:
8202109160746360008445656:
8202109160746440008511681:
8202109160746590007396382:
8202109160747010008493092:
8202109160748440008500626:
8202109160749520008690224:
8202109160750010004968592:
8202109160750040005008697:
8202109160750360009234249:
8202109160751050008496149:
8202109160751100008493895:
8202109160751120004967114:
8202109160751160009273291:
8202109160751250004946812:
8202109160751360004975255:
8202109160751490004991542:
8202109160751530008493340:
8202109160752241513631613:
8202109160752260009305260:
8202109160752300008677903:
8202109160752350005001262:
8202109160752380005008358:
8202109160752400004932608:
8202109160752420008504736:
8202109160752560009346340:
8202109160753060008499706:
8202109160753110004974233:
8202109160753460009309524:
8202109160753530004996923:
8202109160753550001087543:
8202109160754020004928211:
8202109160754110008504234:
8202109160754220006027612:
8202109160754280008494427:
8202109160754300008716113:
8202109160754330004929198:
8202109160754340005001511:
8202109160754380004993812:
8202109160754420009296645:
8202109160754460006028799:
8202109160755100007421253:
8202109160755220004957311:
8202109160755260009346055:
8202109160755270006022158:
8202109160755370004941228:
8202109160755470009327620:
8202109160755500004967900:
8202109160755590008710875:
8202109160756010008679170:
8202109160756030008500083:
8202109160756070009342984:
8202109160756200009234108:
8202109160756240009324085:
8202109160756380004926919:
8202109160756400004931038:
8202109160756430009226821:
8202109160756460008717694:
8202109160756510007407499:
8202109160756570008495556:
8202109160757030009230812:
8202109160757060009247701:
8202109160757080009341511:
8202109160757090009252994:
8202109160757150004927575:
8202109160757180008512783:
8202109160757420009311280:
8202109160758110005008693:
8202109160758370005254710:
8202109160758400007395601:
8202109160758420009231455:
8202109160759090006021988:
8202109160759120009346685:
8202109160759470008719239:
8202109160759520008499471:
8202109161700020004936688:
8202109161700090004931038:
8202109161700140004970930:
8202109161700300008445656:
8202109161700520006036994:
8202109161700540005001511:
8202109161700560009226797:
8202109161700570009342978:
8202109161700590004952880:
8202109161701010008685403:
8202109161701020008498021:
8202109161701040004996716:
8202109161701060008496149:
8202109161701070005270181:
8202109161701090009346685:
8202109161701100004936058:
8202109161701120007404978:
8202109161701130008716625:
8202109161701150008509836:
8202109161701170008717694:
8202109161701190008493092:
8202109161701200004978162:
8202109161701220004968592:
8202109161701250006016091:
8202109161701270004993812:
8202109161701280009250787:
8202109161701310005254710:
8202109161701320008506212:
8202109161701340009296645:
8202109161701370008680442:
8202109161701390003126360:
8202109161701410008500888:
8202109161701471513631613:
8202109161701510008500888:
8202109161701530009333812:
8202109161701550008493340:
8202109161701570009246202:
8202109161701590004957311:
8202109161702010009339818:
8202109161702030004981013:
8202109161702050000431385:
8202109161702060009352010:
8202109161702080008500888:
8202109161702100009354827:
8202109161702120009324085:
8202109161702140009339225:
8202109161702150005254534:
8202109161702170009341511:
8202109161702190009253739:
8202109161702210009234249:
8202109161702230004926919:
8202109161702240006036336:
8202109161702260008506912:
8202109161702290008499471:
8202109161702300004935638:
8202109161702320006027612:
8202109161702350009342997:
8202109161702420009226821:
8202109161702440005008693:
8202109161702450004946812:
8202109161702470008679170:
8202109161702540009230812:
8202109161703000004999262:
8202109161703010009311280:
8202109161703050009281928:
8202109161703060005008358:
8202109161703090009226433:
8202109161703130009232613:
8202109161703150008499047:
8202109161703210004989259:
8202109161703310004991542:
8202109161703530004974544:
8202109161704070004929198:
8202109161704270004962411:
8202109161704290006033902:
8202109161704470005008358:
8202109161704560006027345:
8202109161705010006028960:
8202109161705050006036504:
8202109161705140008499706:
8202109161705180004923758:
8202109161705350004928211:
8202109161705530009327564:
8202109161705550005004322:
8202109161705570007407499:
8202109161708500009342984:
8202109161709040004996923:
8202109161711180009232629:
8202109161722070005264544:
8202109161722560004974233:
8202109161723000009346340:
8202109161726030004958669:
8202109161727360009226817:
8202109161727410009309524:
8202109161727450008501953:
8202109161732310004928798:
8202109161759080008690794:
8202109161759410004926757:
8202109161759440008708048:
8202109161800000008504736:
8202109161800020004927575:
8202109161800320009346367:
8202109161800460009343174:
8202109161801180009247701:
8202109161801450009290271:
8202109161802020004164864:
8202109161802050004953650:
8202109161802110009283323:
8202109161802130008504234:
8202109161802150009286387:
8202109161802520009231455:
8202109161802540008500142:
8202109161803340008495556:
8202109161803580004927939:
8202109161804000009272187:
8202109161804280001087543:
8202109161804310007396382:
8202109161804500009236868:
8202109161809590009305260:
8202109161814040004975255:
8202109161858410009278607:
8202109161900210004169060:
8202109161900250008493895:
8202109161900320009324605:
8202109161900360009273291:
8202109161900410006015165:
8202109161901020008500626:
8202109161901150007421253:
8202109161901170004941228:
8202109161901190008511681:
8202109161901220004932608:
8202109161901240004969304:
8202109161901310006021988:
8202109161901440009339821:
8202109161901480004924676:
8202109161902100007421735:
8202109161902230008511222:
8202109161903160009327620:
8202109161903210008429633:
8202109161903500009354391:
8202109161904310006028957:
8202109161904430004985960:
8202109161904570005008697:
8202109161906420008494427:
8202109161906520003117204:
8202109161909350009324572:
8202109161909560006041088:
8202109161909580007395601:
8202109161909590008501835:
8202109161910010007395601:
8202109161910020008500083:
8202109161910130009354349:
8202109161910500009341742:
8202109161911210004923699:
8202109161911250006039506:
8202109161911300005264545:
8202109161912060008719239:
8202109161914380006031524:
8202109161915410004974633:
8202109161918080008503089:
8202109161923530007411174:
8202109161959480008503979:
8202109161959580006020192:
8202109162000070008710875:
8202109162000080009252994:
8202109162000100008512783:
8202109162000130008499867:
8202109162000170005248602:
8202109162001100008500493:
8202109162002020009226391:
8202109162005500009234108:
