1202302240000060008921475:
1202302240000090013840243:
1202302240000280004961715:
1202302240000350003920040:
1202302240000380013841679:
1202302240001010008917776:
1202302240001030005256125:
1202302240001040009254170:
1202302240001170013842874:
1202302240001190013825321:
1202302240001220013856718:
1202302240001250009000048:
1202302240001290008917703:
1202302240001310013860249:
1202302240001340013835810:
1202302240001380008495616:
1202302240001420013915676:
1202302240001450013857328:
1202302240002010013870564:
1202302240004010013902395:
1202302240005300013857496:
1202302240007240008958696:
1202302240011380013834104:
1202302240014230004933649:
1202302240014260008962128:
1202302240005080013838853:
1202302240005120013840285:
1202302240005170013842991:
1202302240005400004989524:
1202302240032230013825943:
1202302240045300008709011:
1202302240058100008958163:
1202302240100020004989551:
1202302240100060008998167:
1202302240100080008934512:
1202302240100150013859282:
1202302240100170013863115:
1202302240100210004982239:
1202302240100250013918530:
1202302240100280008977550:
1202302240100320013858711:
1202302240100370004963035:
1202302240102030009252984:
2202302240001060013841679:
2202302240001320008917776:
2202302240002320013870564:
2202302240007430008958696:
2202302240007450013857496:
2202302240100020005268448:
2202302240100030013964166:
2202302240100100008499792:
2202302240100130004155439:
2202302240100160005272111:
2202302240202300005268444:
2202302240202330007398914:
2202302240232500009339824:
2202302240413480008508219:
2202302240413500008978157:
2202302240413520004966050:
2202302240413540009003852:
2202302240413590007402523:
2202302240414020009002699:
2202302240716420006042277:
2202302242034160006042277:
6202302240012240009232376:
6202302240012300009285513:
6202302240005160004989524:
