4202304170656320000424146:
8202304171533040000424146:
3202304170655570000424165:
3202304171537310000424165:
4202304170653270000424167:
8202304171534540000424167:
4202304170657190000431385:
8202304171533130000431385:
2202304170655270000431412:
2202304171539250000431412:
6202304170647480000431430:
6202304171537210000431430:
1202304170656440000442293:
6202304171733370000442293:
2202304170650480001079879:
2202304171730550001079879:
4202304170657140001087543:
8202304171535070001087543:
6202304170652460001088074:
6202304171536480001088074:
1202304170652150001108277:
1202304172204120001108277:
6202304170657460001114611:
6202304171535280001114611:
4202304170648570002851459:
8202304171533250002851459:
1202304170657140002851478:
1202304171532490002851478:
3202304170650390003126145:
8202304171531010003126145:
1202304170658140003126147:
3202304171537340003126147:
8202304170657050003126360:
8202304171533310003126360:
1202304170658100003132773:
3202304171531120003132773:
1202304170645380003137964:
1202304171533440003137964:
1202304170649390003137990:
1202304171736140003137990:
1202304170652020003137991:
1202304171535580003137991:
1202304170652000003920040:
2202304172101320003920040:
4202304170642310004154147:
8202304171530570004154147:
4202304170644020004154153:
8202304171532270004154153:
2202304170658050004154154:
3202304171530000004154154:
1202304170649280004154825:
1202304171735540004154825:
4202304170722250004155436:
2202304170655090004155438:
2202304171732320004155438:
2202304170654000004155439:
2202304171733530004155439:
2202304170657050004155440:
1202304171732460004155440:
1202304170659060004155886:
3202304171534290004155886:
6202304170637080004158136:
6202304171530420004158136:
1202304170656280004158137:
1202304171736050004158137:
2202304170654300004158333:
3202304171734020004158333:
8202304170639590004159570:
8202304171532540004159570:
6202304170656440004159579:
6202304171530400004159579:
2202304170655120004160641:
4202304171543290004160641:
6202304170644540004162135:
6202304171730040004162135:
3202304170651020004162160:
4202304171536020004162160:
1202304170657470004162428:
1202304171534060004162428:
3202304170658310004162432:
3202304171531420004162432:
2202304170653240004162433:
2202304171734460004162433:
4202304170658030004162744:
6202304171634060004162744:
1202304170659350004162747:
1202304171537180004162747:
3202304170653110004162749:
3202304171534120004162749:
6202304170645190004162750:
1202304171531080004162750:
4202304170655590004163900:
8202304171531570004163900:
1202304170652130004163901:
1202304171735590004163901:
2202304170654490004163902:
6202304171731560004163902:
3202304170648240004163935:
3202304171531280004163935:
3202304170654110004164224:
3202304171534090004164224:
1202304170649200004164227:
2202304171734090004164227:
3202304170649180004164228:
4202304171536150004164228:
1202304170656210004164229:
1202304171739110004164229:
1202304170650220004164230:
4202304171538220004164230:
4202304170657490004164864:
4202304171535240004164864:
4202304170651580004165522:
1202304171532270004165522:
1202304170648020004165524:
1202304171546350004165524:
3202304170657080004165525:
3202304171532270004165525:
6202304170649020004165527:
1202304171534510004165527:
2202304170659520004165529:
4202304171535430004165529:
3202304170652170004165753:
6202304171539040004165753:
2202304170650550004165755:
4202304171536480004165755:
2202304170650590004165756:
4202304171536270004165756:
2202304170651440004165890:
1202304171533390004165890:
2202304170659160004167712:
1202304171536530004167712:
2202304170653050004167848:
1202304172203450004167848:
1202304170659360004167849:
4202304171538260004167849:
4202304170657430004169060:
8202304171533350004169060:
6202304170648240004179472:
6202304171535370004179472:
1202304170659190004596347:
1202304171732100004596347:
3202304170657180004599514:
3202304171536250004599514:
1202304170656510004599825:
1202304172203410004599825:
2202304170654180004599831:
2202304171730540004599831:
1202304170647420004599832:
6202304171732450004599832:
2202304170652160004602276:
2202304171731260004602276:
6202304170655050004602277:
6202304171531350004602277:
2202304170651560004604850:
2202304171539490004604850:
6202304170642170004604852:
1202304171533110004604852:
1202304170656110004605842:
1202304172204170004605842:
4202304170648160004605843:
8202304171531490004605843:
2202304170645210004605848:
2202304171731200004605848:
6202304170650190004605849:
6202304171543510004605849:
3202304170650160004921352:
3202304171531380004921352:
2202304170653510004921536:
3202304171532090004921536:
6202304170652590004921563:
6202304171543560004921563:
2202304170634550004921669:
2202304171732090004921669:
3202304170653500004923548:
3202304171531100004923548:
6202304170707130004923771:
6202304171735140004923771:
1202304170658200004924182:
1202304172204340004924182:
6202304170650360004926646:
6202304171535100004926646:
1202304170659090004926757:
1202304171536500004926757:
6202304170656470004927029:
6202304171535290004927029:
1202304170655310004927365:
1202304172203540004927365:
4202304170653440004927575:
8202304171531100004927575:
6202304170659530004928581:
1202304171624480004928581:
6202304170644500004928616:
6202304171531280004928616:
2202304170652320004929016:
6202304171533380004929016:
4202304170651360004929419:
8202304170652050004929419:
6202304170645410004929423:
6202304171533010004929423:
2202304170634490004929491:
2202304171732220004929491:
3202304170701090004929645:
3202304171536180004929645:
2202304170658230004930389:
2202304171730390004930389:
2202304170652230004930576:
6202304171618050004930576:
3202304170653540004930608:
3202304171723370004930608:
6202304170652390004931257:
1202304171536000004931257:
4202304170656280004931925:
8202304171533450004931925:
2202304170649410004932362:
1202304171733320004932362:
3202304170648160004933136:
3202304171535170004933136:
2202304170635010004933649:
1202304172110060004933649:
6202304170653240004933902:
4202304171532480004933902:
2202304170657190004934727:
2202304172204270004934727:
1202304170643030004934927:
2202304172204480004934927:
3202304170654430004935367:
3202304171533170004935367:
3202304170654370004935446:
3202304171531400004935446:
8202304170653100004935891:
8202304171532240004935891:
4202304170647510004936058:
8202304171530200004936058:
2202304170655470004936413:
3202304171532590004936413:
6202304170654080004936685:
1202304171537050004936685:
4202304170655010004936688:
8202304171536310004936688:
3202304170652460004936854:
8202304171533480004936854:
3202304170656190004937930:
3202304171536030004937930:
2202304170656080004941508:
2202304171532030004941508:
1202304170658230004941773:
6202304171532030004941773:
3202304170649160004942841:
8202304171534060004942841:
1202304170652560004944745:
1202304171537200004944745:
6202304170650010004946192:
4202304171532340004946192:
1202304170657340004946517:
3202304171530150004946517:
6202304170623410004946775:
6202304171531360004946775:
6202304170649170004947445:
4202304171532020004947445:
2202304170642360004947963:
2202304171726100004947963:
2202304170648140004948851:
2202304171726340004948851:
2202304170652210004949598:
6202304171542470004949598:
1202304170700240004949734:
4202304171533540004949734:
6202304170655160004949833:
1202304171533520004949833:
1202304170645220004950845:
1202304171734410004950845:
2202304170650380004951177:
1202304171535260004951177:
1202304170641420004951327:
6202304171735310004951327:
1202304170654030004951445:
2202304171733510004951445:
1202304170657520004952169:
1202304171535400004952169:
4202304170656010004953135:
8202304171531350004953135:
4202304170655190004953437:
8202304171530540004953437:
2202304170656140004953650:
2202304171532400004953650:
1202304170655250004953788:
8202304171534350004953788:
2202304170704450004953953:
2202304171711180004953953:
2202304170653030004954665:
2202304171538570004954665:
3202304170658230004956498:
3202304171530020004956498:
4202304170658090004957428:
8202304171534480004957428:
1202304170653390004957738:
1202304171739010004957738:
1202304170659170004958069:
6202304171532360004958069:
1202304170652060004958690:
2202304171730320004958690:
1202304170657420004959001:
1202304171739350004959001:
2202304170655320004960160:
2202304171731020004960160:
1202304170656410004961333:
6202304171533360004961333:
1202304170639120004961532:
1202304171548030004961532:
2202304170700440004961715:
1202304171733150004961715:
1202304170651310004962579:
1202304171530290004962579:
1202304170657300004962972:
3202304171535430004962972:
2202304170645110004963035:
1202304172302270004963035:
4202304170655410004963073:
8202304171530150004963073:
4202304170651090004963091:
8202304171534240004963091:
1202304170651170004963630:
1202304171732200004963630:
8202304170650000004963659:
4202304171740160004963659:
2202304170707090004964407:
8202304171547500004964407:
1202304170702350004964545:
6202304171700170004964545:
2202304170700070004964719:
1202304172103410004964719:
1202304170655150004964878:
6202304171532500004964878:
4202304170654080004965031:
4202304171532260004965031:
4202304170641230004965170:
8202304171531180004965170:
4202304170655450004965343:
8202304171532170004965343:
2202304170649160004965482:
2202304171542150004965482:
1202304170657080004965794:
1202304171534440004965794:
3202304170650280004965814:
3202304171534370004965814:
6202304170643320004965866:
1202304171536170004965866:
2202304170649390004965968:
1202304171531470004965968:
2202304170649510004966050:
2202304171732330004966050:
2202304170653310004966178:
8202304171536210004966178:
6202304170653320004966362:
4202304171533360004966362:
2202304170657300004966449:
8202304171716280004966449:
1202304170658290004966750:
4202304171535060004966750:
2202304170644010004966802:
2202304171731350004966802:
2202304170638210004967002:
1202304171750070004967002:
2202304170659090004967216:
2202304171714320004967216:
2202304170659240004967379:
6202304171535340004967379:
1202304170650170004967416:
2202304171732490004967416:
1202304170658070004967606:
8202304171536400004967606:
4202304170657580004967900:
6202304172302000004967900:
2202304170643420004967967:
2202304171730440004967967:
2202304170749500004968004:
1202304171732070004968004:
6202304170639270004968173:
6202304171637240004968173:
1202304170657160004968178:
4202304171534160004968178:
2202304170656030004968208:
3202304171534540004968208:
3202304170650370004968250:
3202304171534400004968250:
3202304170651190004968261:
3202304171537590004968261:
2202304170650250004968472:
3202304171732090004968472:
6202304170644180004968502:
1202304171533160004968502:
2202304170654130004968555:
6202304171732520004968555:
2202304170655530004968592:
2202304171730220004968592:
3202304170650130004968679:
3202304171531050004968679:
2202304170650360004968761:
6202304171531440004968761:
2202304170659290004968886:
4202304171535320004968886:
3202304170657530004969304:
8202304171532560004969304:
2202304170658380004969384:
2202304171734040004969384:
1202304170657170004969598:
3202304171531260004969598:
6202304170655220004969965:
1202304171535300004969965:
3202304170642180004972171:
3202304171533560004972171:
2202304170658570004972420:
6202304171532180004972420:
4202304170657440004972482:
8202304171533420004972482:
2202304170641260004972793:
2202304171728490004972793:
4202304170654270004972892:
8202304171535380004972892:
4202304170643530004973514:
8202304171545060004973514:
3202304170658110004973922:
3202304171540010004973922:
3202304170635190004974136:
3202304171540050004974136:
4202304170656190004974233:
8202304171532370004974233:
1202304170651300004975531:
2202304172205430004975531:
6202304170653520004975690:
6202304171536190004975690:
2202304170656230004975875:
2202304171733190004975875:
6202304170649570004976589:
6202304171546300004976589:
3202304170658380004977423:
3202304171537390004977423:
1202304170656190004980727:
1202304172204450004980727:
3202304170658180004980976:
3202304171533190004980976:
4202304170657470004981013:
8202304171536280004981013:
2202304170659220004982239:
2202304171735120004982239:
1202304170638080004986846:
4202304171535270004986846:
4202304170655140004987744:
8202304171530390004987744:
3202304170653340004988026:
3202304171532130004988026:
8202304170656450004988205:
1202304171530250004988205:
1202304170651200004989073:
1202304171735250004989073:
4202304170653350004989524:
1202304172213300004989524:
1202304170645320004989528:
1202304172204000004989528:
2202304170658200004989551:
1202304171735360004989551:
4202304170657560004990107:
8202304171531310004990107:
4202304170651150004990375:
8202304171531460004990375:
4202304170650290004990686:
8202304171531430004990686:
6202304170647370004990979:
6202304171534220004990979:
4202304170652180004991241:
4202304171730350004991241:
4202304170649480004991542:
8202304171533190004991542:
6202304170653380004992022:
6202304171534040004992022:
6202304170625030004992307:
6202304171720590004992307:
1202304170700120004992723:
1202304171734480004992723:
2202304170654530004993146:
2202304171731420004993146:
3202304170657290004993934:
3202304171537420004993934:
6202304170655470004994314:
1202304171535080004994314:
6202304170642570004994575:
6202304171533550004994575:
3202304170643370004995665:
3202304171533140004995665:
3202304170653150004995927:
3202304171537040004995927:
2202304170657400004996210:
4202304171537150004996210:
6202304170659030004996445:
1202304171532420004996445:
1202304170659310004996470:
1202304171534240004996470:
2202304170652420004997665:
2202304171730590004997665:
3202304170643580004998074:
6202304171538480004998074:
6202304170630460004998719:
2202304171537010004998719:
3202304170653400004999443:
3202304171537520004999443:
3202304170643460005004742:
3202304171537090005004742:
1202304170653160005004848:
8202304171653050005004848:
6202304170657510005005063:
6202304171731050005005063:
4202304170654300005006315:
8202304171537270005006315:
2202304170652300005006768:
2202304171725410005006768:
1202304170640330005006958:
4202304171530360005006958:
2202304170814380005007161:
2202304171557160005007161:
6202304170642530005008853:
1202304171531580005008853:
1202304170656380005008865:
1202304171734320005008865:
2202304170654220005009382:
1202304171534360005009382:
3202304170637280005011155:
3202304171605540005011155:
2202304170652370005012405:
1202304171531110005012405:
2202304170657390005012521:
4202304171541430005012521:
2202304170728370005248387:
1202304172124160005248387:
1202304170655240005248391:
1202304171536280005248391:
2202304170704280005248393:
2202304171716280005248393:
1202304170658190005248394:
1202304171732370005248394:
1202304170647330005248395:
6202304172201030005248395:
6202304170644590005248396:
6202304171532330005248396:
8202304170646260005248457:
8202304171531590005248457:
3202304170649430005248502:
3202304171533010005248502:
3202304170654190005248597:
8202304171535430005248597:
2202304170658080005248599:
1202304171533330005248599:
6202304170645050005248988:
6202304171732370005248988:
2202304170654350005249559:
1202304171533220005249559:
1202304170651130005249645:
1202304172202160005249645:
2202304170652050005249648:
2202304171731070005249648:
6202304170654320005249653:
6202304171535080005249653:
3202304170654470005249713:
3202304171534560005249713:
6202304170645470005249720:
1202304171536120005249720:
2202304170647080005249724:
4202304170653120005250568:
8202304171532090005250568:
3202304170648370005250572:
3202304171537540005250572:
2202304170659020005250644:
2202304171731150005250644:
2202304170658460005250927:
2202304172205480005250927:
1202304170648250005251014:
6202304171538560005251014:
1202304170647200005251015:
2202304171533500005251015:
4202304170651240005251017:
8202304171531290005251017:
4202304170657040005251020:
8202304171534200005251020:
2202304170653530005251353:
6202304171532130005251353:
3202304170657210005251358:
3202304171536220005251358:
1202304170656300005251361:
1202304171543130005251361:
2202304170658100005251556:
1202304171535380005251556:
2202304170659110005251559:
3202304171536350005251559:
1202304170651540005251564:
1202304171533190005251564:
2202304170700320005252016:
4202304171535560005252016:
2202304170712590005252017:
2202304171539320005252017:
4202304170700220005252028:
4202304171538040005252028:
2202304170657220005252030:
1202304171534290005252030:
4202304170656370005252070:
6202304171635230005252070:
1202304170647260005252149:
1202304171537420005252149:
3202304170657220005252996:
3202304171536240005252996:
2202304170654150005252997:
2202304171733030005252997:
1202304170651420005253081:
1202304171537070005253081:
2202304170650220005253082:
1202304171531400005253082:
2202304170652010005253450:
4202304171730170005253450:
1202304170656480005253569:
6202304171534000005253569:
4202304170658100005254424:
3202304171727490005254424:
4202304170651540005254534:
8202304171531560005254534:
3202304170656070005254537:
3202304171538200005254537:
6202304170648500005254539:
1202304171537390005254539:
3202304170658240005254706:
3202304171534480005254706:
3202304170652400005254707:
3202304171535260005254707:
1202304170652330005254711:
1202304171533360005254711:
6202304170653590005254712:
6202304171532040005254712:
3202304170657100005254715:
3202304171532550005254715:
4202304170653280005254716:
8202304171730010005254716:
6202304170641210005254931:
2202304171537030005254931:
3202304170655040005254932:
3202304171530130005254932:
4202304170652210005255627:
1202304171537270005255627:
6202304170656490005255628:
6202304171532000005255628:
1202304170700180005255712:
8202304171533290005255712:
1202304170651450005256125:
2202304171732530005256125:
6202304170652530005257308:
2202304171533480005257308:
4202304170654280005257309:
4202304171537490005257309:
2202304170649570005257310:
6202304171737140005257310:
3202304170656160005257314:
3202304171538260005257314:
6202304170701230005257315:
6202304171533480005257315:
6202304170637440005257617:
6202304171535530005257617:
3202304170650050005258213:
3202304171535380005258213:
1202304170656220005258227:
4202304171530350005258227:
6202304170654020005258230:
6202304171533110005258230:
1202304170651530005258469:
1202304171534560005258469:
2202304170655540005258472:
6202304171536450005258472:
1202304170653320005258489:
1202304172203350005258489:
2202304170704380005258557:
2202304171717480005258557:
6202304170648350005258558:
6202304171539540005258558:
4202304170656500005259619:
1202304171531380005259619:
2202304170654410005259638:
3202304171641480005259638:
4202304170655340005259965:
1202304171534180005259965:
1202304170656400005261060:
8202304171531520005261060:
3202304170657550005261504:
3202304171534530005261504:
1202304170651560005261506:
1202304171535160005261506:
6202304170656040005261578:
6202304171531560005261578:
1202304170652590005262048:
8202304172012110005262048:
2202304170657510005262049:
4202304171539460005262049:
4202304170655460005262050:
4202304171536580005262050:
6202304170636480005262500:
6202304171531300005262500:
6202304170648010005262554:
6202304171530280005262554:
4202304170657410005262555:
2202304171532130005262555:
6202304170652130005263444:
6202304171536350005263444:
4202304170650310005263919:
8202304171533230005263919:
3202304170657380005263920:
4202304171536550005263920:
6202304170644350005264164:
4202304171534410005264164:
4202304170655070005264170:
8202304171532110005264170:
6202304170651420005264312:
6202304171539150005264312:
4202304170649020005264374:
4202304171536380005264374:
4202304170659170005264375:
1202304171643100005264375:
6202304170654410005264381:
6202304171532150005264381:
2202304170801420005264545:
2202304171631580005264545:
2202304170655220005264548:
4202304171547330005264548:
3202304170654010005264549:
4202304171537280005264549:
6202304170654260005264726:
1202304171534100005264726:
4202304170651460005265078:
8202304171535490005265078:
6202304170653190005265082:
1202304171533000005265082:
1202304170649310005265555:
1202304171531520005265555:
1202304170659230005266099:
6202304171732390005266099:
1202304170654000005266100:
1202304171532550005266100:
1202304170658340005266259:
6202304171535140005266259:
3202304170653090005266674:
3202304171532570005266674:
4202304170658140005266871:
8202304171533260005266871:
1202304170658260005266872:
1202304171534020005266872:
6202304170656240005267056:
1202304171537520005267056:
2202304170657090005267343:
6202304171807210005267343:
2202304170648030005267345:
6202304171729510005267345:
1202304170657390005267476:
2202304171536240005267476:
2202304170657270005267479:
2202304171736550005267479:
1202304170654350005267480:
2202304172204500005267480:
6202304170649300005268162:
6202304171533150005268162:
2202304170647000005268163:
1202304171534310005268163:
2202304170656460005268310:
2202304171539210005268310:
6202304170636580005268312:
6202304171530560005268312:
3202304170658060005268314:
3202304171536120005268314:
2202304170648570005268448:
2202304171734390005268448:
3202304170657400005268449:
3202304171536390005268449:
6202304170649080005268451:
6202304171532010005268451:
3202304170648220005268686:
1202304171537290005268686:
2202304170656330005270000:
1202304172030280005270000:
2202304170702080005270001:
2202304172205490005270001:
1202304170642380005270003:
1202304172206300005270003:
6202304170657110005270006:
6202304171530090005270006:
6202304170639140005270169:
4202304171538540005270169:
2202304170646290005270174:
2202304171532570005270174:
2202304170657360005270175:
6202304171715460005270175:
1202304170642430005270178:
1202304171733090005270178:
6202304170633580005270415:
6202304171534240005270415:
2202304170659350005270416:
1202304171533320005270416:
1202304170655490005270417:
1202304172202250005270417:
6202304170655200005270418:
1202304171537120005270418:
1202304170653210005270419:
6202304171546380005270419:
4202304170651110005270720:
1202304171532140005270720:
6202304170653440005270772:
2202304171533300005270772:
4202304170655460005271886:
8202304171535160005271886:
3202304170639020005271888:
6202304171715570005271888:
6202304170647270005271892:
1202304171538560005271892:
3202304170656290005271893:
3202304171537170005271893:
6202304170654040005272103:
1202304171534220005272103:
4202304170659280005272104:
8202304171538130005272104:
2202304170652250005272110:
1202304172302390005272110:
2202304170657310005272111:
1202304171736540005272111:
6202304170656110005272190:
4202304171537050005272190:
2202304170656360005272191:
1202304171534470005272191:
6202304170641240005272226:
1202304171531490005272226:
6202304170654180005272290:
6202304171530440005272290:
2202304170643180005272291:
3202304171622230005272291:
6202304170659090005272292:
6202304171533210005272292:
2202304170714330005272317:
2202304171549040005272317:
6202304170655380005272371:
6202304171535440005272371:
1202304170653570005272907:
2202304171532300005272907:
1202304170654380005272911:
1202304171535060005272911:
2202304170644390005272914:
1202304171541190005272914:
6202304170638270005272916:
6202304171530540005272916:
6202304170657280005273379:
6202304171535500005273379:
4202304170657160005273381:
8202304171531030005273381:
2202304170648090005273382:
2202304171730270005273382:
1202304170654570005273785:
8202304171534320005273785:
8202304171538220006010458:
2202304170656310006014349:
6202304171937340006014349:
2202304170651090006014941:
1202304171536010006014941:
2202304170706500006014944:
2202304171629100006014944:
8202304170644590006015165:
8202304171536010006015165:
3202304170644020006015460:
3202304171533200006015460:
2202304170655560006016252:
1202304171532110006016252:
1202304170657460006016276:
1202304171733180006016276:
1202304170650540006018005:
4202304171533580006018005:
1202304170653250006018006:
6202304171534330006018006:
1202304170655430006018008:
1202304171533590006018008:
6202304170654540006018009:
1202304171532230006018009:
1202304170700150006019315:
2202304171736110006019315:
2202304170658500006021991:
6202304171734480006021991:
2202304170700540006021994:
6202304171536090006021994:
1202304170658120006022159:
3202304171533580006022159:
6202304170652070006022160:
4202304171534420006022160:
2202304170655430006022439:
2202304171531360006022439:
2202304170657550006024859:
3202304171532040006024859:
6202304170656290006025807:
1202304171531430006025807:
2202304170704000006027540:
2202304171726360006027540:
1202304170647400006028298:
6202304171732480006028298:
2202304170706070006028797:
2202304171558130006028797:
4202304170653460006028799:
8202304171532500006028799:
2202304170655010006028953:
1202304171538500006028953:
8202304170639570006028957:
8202304171536030006028957:
6202304170643150006029910:
3202304171535240006029910:
6202304170647140006029988:
6202304171531050006029988:
2202304170648250006030145:
1202304171533400006030145:
3202304170638050006031524:
3202304171533020006031524:
1202304170654060006032903:
1202304171734310006032903:
4202304170650330006032924:
8202304171532410006032924:
2202304170656190006033000:
3202304171531070006033000:
1202304170657400006033090:
1202304171735140006033090:
6202304170659450006033720:
1202304171534520006033720:
2202304170658150006036336:
8202304171534310006036336:
2202304170624190006036505:
2202304172213530006036505:
3202304170655550006036875:
3202304171534390006036875:
2202304170648450006036876:
4202304171709300006036876:
2202304170650120006036993:
2202304171734180006036993:
4202304170655390006036994:
8202304171530510006036994:
1202304170648400006037924:
1202304171531190006037924:
4202304170648210006039129:
4202304171535580006039129:
2202304170655510006039493:
8202304171537560006039493:
2202304170656580006039507:
6202304171532240006039507:
6202304170650300006039510:
6202304171538150006039510:
1202304170645560006039969:
2202304171734350006039969:
2202304170658310006039972:
2202304172205040006039972:
2202304170653550006039973:
1202304171534330006039973:
2202304170656070006039974:
3202304171537130006039974:
2202304170725300006039993:
6202304170645100006040284:
2202304171731330006040284:
3202304170657020006041721:
3202304171531340006041721:
2202304170721440006042277:
2202304170705040006042873:
1202304172158340006042873:
2202304170642380006751664:
1202304172311330006751664:
6202304170655270007395627:
1202304171546200007395627:
4202304170642300007396382:
8202304171530420007396382:
6202304170639240007398159:
6202304171536070007398159:
4202304170639130007398203:
1202304172302450007398203:
2202304170659060007398914:
2202304171733140007398914:
4202304170655360007401131:
4202304171546360007401131:
8202304170700190007401654:
1202304171551050007401654:
1202304170645530007402194:
2202304171733370007402194:
4202304170654120007402498:
6202304172302030007402498:
1202304170648180007402500:
2202304171734440007402500:
2202304170649330007402523:
1202304172310220007402523:
4202304170656340007407459:
8202304171532120007407459:
2202304170657060007407502:
6202304171720500007407502:
4202304170653210007409900:
4202304171530210007409900:
1202304170655030007412611:
6202304171535010007412611:
1202304170656520007419049:
6202304171530130007419049:
2202304170641020007421735:
2202304171731060007421735:
2202304170645530008424093:
2202304171726260008424093:
2202304170658400008426248:
2202304171737160008426248:
2202304170651520008429633:
3202304171747300008429633:
2202304170645480008429638:
2202304171730400008429638:
6202304170651360008431645:
6202304171536130008431645:
6202304170657440008491998:
6202304171534160008491998:
3202304170657060008492410:
3202304171535150008492410:
1202304170654360008492480:
1202304171532460008492480:
1202304170655290008492636:
1202304171735520008492636:
1202304170658380008492776:
1202304171531370008492776:
2202304170723330008493028:
1202304170652350008493092:
1202304171532250008493092:
3202304170647270008494201:
4202304171536030008494201:
3202304170653270008494246:
3202304171532260008494246:
4202304170654370008494267:
1202304171533580008494267:
4202304170644400008494427:
8202304171533110008494427:
1202304170635360008494564:
2202304171733340008494564:
6202304170639590008494910:
6202304171536310008494910:
2202304170700340008494964:
1202304171537550008494964:
1202304170657110008495616:
6202304171734240008495616:
2202304170652110008496310:
2202304171734370008496310:
2202304170656170008496367:
1202304171530190008496367:
2202304170659310008497463:
1202304172311360008497463:
2202304170619280008497657:
2202304171730210008497657:
1202304170653300008498021:
3202304171534140008498021:
1202304170657030008499149:
6202304171531510008499149:
3202304170653380008499165:
3202304171536450008499165:
1202304170652070008499208:
2202304171534100008499208:
4202304170651050008499471:
8202304171531450008499471:
6202304170643210008499805:
6202304171535240008499805:
6202304170700040008499867:
8202304171535030008499867:
2202304170643220008500113:
1202304172206200008500113:
6202304170649360008500142:
6202304171732500008500142:
1202304170656430008500184:
6202304171535040008500184:
2202304170650200008500401:
6202304171646030008500401:
8202304170645050008500626:
8202304171532430008500626:
3202304170654330008500889:
3202304171535310008500889:
6202304170657050008501795:
6202304171533350008501795:
8202304170653130008501835:
8202304171631080008501835:
2202304170705480008502364:
2202304171717320008502364:
1202304170653510008503171:
6202304171734170008503171:
3202304170646390008503303:
3202304171534330008503303:
1202304170653500008503915:
1202304172204330008503915:
2202304170641130008504041:
3202304170656380008504180:
8202304171540500008504180:
4202304170642280008504234:
8202304171534190008504234:
6202304170656090008506074:
6202304171538310008506074:
6202304170656270008506212:
4202304171536570008506212:
4202304170649290008506766:
8202304171535110008506766:
4202304170657030008506912:
8202304171546090008506912:
3202304170658100008507829:
3202304171531500008507829:
2202304170706140008508219:
1202304171751590008508219:
3202304170636580008508441:
3202304171559300008508441:
1202304170658390008510090:
1202304172302210008510090:
2202304170658110008510316:
2202304171536550008510316:
2202304170700580008510378:
4202304171535530008510378:
6202304170637010008510716:
6202304171534110008510716:
4202304170655110008511222:
8202304171534120008511222:
6202304170658450008511515:
3202304171536330008511515:
8202304170651550008511681:
8202304171531480008511681:
3202304170655090008511694:
8202304171534040008511694:
1202304170648140008512216:
2202304171733270008512216:
4202304170657010008512783:
8202304171531320008512783:
1202304170655090008513950:
1202304171734040008513950:
2202304170650160008516420:
6202304171735440008516420:
4202304171730200008517783:
1202304170639300008517932:
2202304171732420008517932:
3202304170654520008518736:
3202304171536200008518736:
4202304170703030008519041:
4202304171634020008519041:
1202304170642190008676811:
2202304171734420008676811:
4202304170656220008677259:
6202304171544160008677259:
3202304170658200008677569:
3202304171535040008677569:
3202304170657320008677829:
8202304171533550008677829:
4202304170649260008677903:
4202304171538400008677903:
3202304170654280008679943:
3202304171531200008679943:
3202304170655260008680442:
8202304171534390008680442:
2202304170646100008681883:
2202304171730340008681883:
1202304170658310008683123:
6202304171534520008683123:
6202304170647400008683421:
6202304171534060008683421:
2202304170651240008685403:
2202304171731120008685403:
3202304170655370008686117:
3202304171531510008686117:
2202304170700360008686301:
4202304171536500008686301:
3202304170649020008687514:
3202304171536100008687514:
3202304170649070008691341:
3202304171533590008691341:
3202304170653200008692117:
3202304171746490008692117:
3202304170649250008692290:
3202304171534240008692290:
1202304170649020008692742:
1202304171537230008692742:
3202304170658280008693892:
8202304171535050008693892:
3202304170654030008693920:
8202304171534490008693920:
1202304170646360008694659:
1202304171733330008694659:
4202304170659040008697594:
4202304171550280008697594:
2202304170653080008697836:
2202304171732350008697836:
2202304170700090008698044:
2202304171732300008698044:
1202304170642570008698279:
2202304171733300008698279:
6202304170646190008698315:
3202304171540150008698315:
3202304170658080008698795:
3202304171537430008698795:
1202304170653110008699606:
1202304172203370008699606:
4202304170654390008699709:
3202304171533500008699709:
2202304170655490008701527:
2202304171731220008701527:
2202304170648200008702320:
1202304171734160008702320:
2202304170654080008703345:
6202304172008050008703345:
4202304170644360008703693:
2202304171736330008703693:
1202304170657480008704021:
1202304171532170008704021:
6202304170646500008704914:
1202304171558110008704914:
1202304170650530008706494:
1202304172124180008706494:
6202304170637040008706878:
6202304171532270008706878:
3202304170651130008707911:
1202304171534200008707911:
4202304170649310008708048:
8202304171531070008708048:
3202304170656100008708992:
3202304171532210008708992:
1202304170652370008709011:
1202304172207120008709011:
2202304170700420008709061:
2202304171731190008709061:
2202304170652190008709369:
2202304171540560008709369:
4202304170654430008710875:
8202304171533080008710875:
4202304170648290008711197:
4202304171536110008711197:
2202304170658020008713215:
6202304171544240008713215:
3202304170657240008713928:
3202304171538030008713928:
1202304170659040008714113:
3202304171536550008714113:
6202304170658240008717044:
3202304171534200008717044:
6202304170657480008717268:
6202304171535410008717268:
1202304170653560008718216:
1202304171733230008718216:
3202304170701060008913936:
3202304171534420008913936:
6202304170650250008913988:
6202304171534420008913988:
1202304170654260008913993:
2202304172204310008913993:
2202304170648130008914086:
2202304171737180008914086:
2202304170648280008914088:
6202304171556580008914088:
6202304170649390008914089:
6202304171533230008914089:
1202304170658460008915275:
1202304171734390008915275:
6202304170657020008915469:
6202304171536250008915469:
1202304170656350008915538:
1202304172205080008915538:
4202304170658190008915574:
8202304171631110008915574:
1202304170657220008916457:
3202304171535360008916457:
3202304170642360008916495:
3202304171537560008916495:
4202304170635030008916501:
4202304171533110008916501:
1202304170659130008916502:
3202304171532530008916502:
6202304170653030008916532:
6202304171537350008916532:
4202304170651140008916557:
8202304171534370008916557:
1202304170653230008916642:
1202304171536330008916642:
2202304170654280008916697:
1202304171533420008916697:
2202304170656380008916700:
2202304171732280008916700:
2202304170703590008916841:
2202304171734550008916841:
1202304170658420008917364:
1202304171742480008917364:
6202304170641270008917446:
1202304171531460008917446:
4202304170656310008917514:
8202304171531400008917514:
6202304170651080008917544:
6202304171532310008917544:
2202304170701530008917701:
2202304171726300008917701:
1202304170635330008917703:
1202304171733450008917703:
1202304170639340008917723:
6202304171733100008917723:
1202304170646000008917728:
4202304171536430008917728:
1202304170649000008917764:
4202304171541450008917764:
2202304170651330008917776:
2202304171733160008917776:
1202304170650450008917809:
1202304172204220008917809:
2202304170657340008918021:
8202304171537130008918021:
2202304170650570008918414:
2202304171728170008918414:
4202304170655020008918431:
1202304171535530008918431:
3202304170649580008918564:
8202304171547040008918564:
8202304170656210008918566:
8202304171531380008918566:
3202304170646320008920018:
3202304171531140008920018:
6202304170655340008920127:
2202304171536570008920127:
6202304170657250008920296:
6202304171537300008920296:
1202304170658500008921067:
1202304171546460008921067:
1202304170659220008921437:
3202304171531450008921437:
1202304170650500008921475:
1202304171735200008921475:
6202304170650270008921659:
2202304171534040008921659:
6202304170656070008921772:
6202304171534350008921772:
1202304170654510008921781:
1202304171734370008921781:
2202304170659050008921814:
6202304171539130008921814:
4202304170657590008921827:
1202304171531270008921827:
6202304170658210008921868:
1202304171535280008921868:
2202304170655230008921990:
2202304172204140008921990:
3202304170657340008922237:
1202304171531000008922237:
2202304170657450008923688:
1202304171531140008923688:
6202304170643240008923700:
1202304171530500008923700:
6202304170648440008923718:
6202304171532340008923718:
2202304170659500008923736:
6202304171534560008923736:
2202304170708420008923926:
6202304171557300008923926:
6202304170654150008923933:
6202304171539010008923933:
3202304170655400008923971:
3202304171532240008923971:
6202304170650330008923976:
6202304171537410008923976:
4202304170656290008925084:
1202304171532280008925084:
1202304170641380008927874:
2202304171733410008927874:
2202304170649560008930815:
2202304171731440008930815:
6202304170643270008931904:
6202304171541050008931904:
2202304170700220008931954:
1202304171551020008931954:
3202304170651480008931959:
4202304171535450008931959:
4202304170649560008932027:
4202304171731130008932027:
4202304170654510008932048:
4202304171537000008932048:
1202304170650110008932258:
1202304171536300008932258:
1202304170648160008932260:
1202304171531150008932260:
6202304170656180008932264:
4202304171533380008932264:
6202304170658030008932440:
1202304171532310008932440:
6202304170655240008932537:
6202304171535420008932537:
2202304170642480008932952:
3202304171641520008932952:
2202304170655300008932958:
2202304171733490008932958:
3202304170654550008932994:
3202304171535020008932994:
2202304170649020008932999:
2202304171730520008932999:
4202304170654250008933249:
4202304171536050008933249:
1202304170648550008933271:
6202304171731340008933271:
4202304170658120008933930:
8202304171530300008933930:
1202304170654150008934512:
2202304171735100008934512:
6202304170640050008934530:
6202304171732350008934530:
6202304170643010008934540:
6202304171535520008934540:
2202304170700180008934651:
1202304171732560008934651:
3202304170654040008934685:
8202304171534080008934685:
1202304170651580008934717:
1202304171534550008934717:
2202304170644590008934998:
2202304171538550008934998:
1202304170657500008935006:
8202304171532530008935006:
6202304170654220008935038:
2202304171735500008935038:
3202304170652370008936199:
3202304171531460008936199:
6202304170637240008936935:
1202304171532180008936935:
1202304170657320008936972:
1202304172101070008936972:
2202304170647030008936997:
2202304171730060008936997:
6202304170641020008936999:
2202304171533560008936999:
2202304170656270008937014:
2202304171733050008937014:
3202304170659080008937070:
3202304171537360008937070:
4202304170651490008937078:
8202304171530360008937078:
1202304170655050008937083:
1202304171532090008937083:
3202304170658260008937801:
3202304171535480008937801:
1202304170644110008939109:
2202304172203590008939109:
1202304170644140008939115:
1202304171732260008939115:
1202304170646290008940154:
2202304171733120008940154:
2202304170657480008942210:
1202304171532370008942210:
4202304170653200008942542:
8202304171531360008942542:
2202304170657160008942559:
1202304171531010008942559:
4202304170657180008942591:
8202304171531040008942591:
1202304170658040008942604:
1202304172030180008942604:
3202304170656350008943359:
3202304171533370008943359:
3202304170642080008943401:
3202304171532400008943401:
3202304170650440008943425:
3202304171533110008943425:
3202304170644190008943753:
4202304171530230008943753:
4202304170652590008944551:
4202304171536080008944551:
6202304170636120008946732:
1202304171531320008946732:
2202304170703330008949220:
2202304171532460008949220:
6202304170653050008949237:
1202304171535450008949237:
1202304170659290008949246:
4202304171535220008949246:
4202304170642580008949319:
8202304171532340008949319:
3202304170650080008949593:
3202304171533060008949593:
1202304170646210008949614:
1202304172205070008949614:
1202304170656460008949625:
6202304171733350008949625:
6202304170651380008949626:
1202304171534490008949626:
2202304170649370008950354:
1202304171530070008950354:
2202304170657240008950650:
2202304171730500008950650:
2202304170654440008950839:
2202304171631540008950839:
4202304170651390008950897:
4202304171530170008950897:
3202304170656120008951044:
3202304171535540008951044:
4202304170653580008951250:
1202304171532530008951250:
1202304170653030008951280:
8202304171530210008951280:
3202304170654400008951287:
8202304171533470008951287:
2202304170704220008951525:
2202304171715120008951525:
4202304170651370008951535:
4202304171537100008951535:
6202304170649420008951706:
1202304171533450008951706:
1202304170643050008951863:
1202304172204570008951863:
4202304170649460008951935:
1202304171530390008951935:
1202304170654530008952632:
2202304171534290008952632:
3202304170640520008952977:
8202304171542270008952977:
4202304170653150008953371:
8202304171533530008953371:
4202304170653550008953473:
1202304171535490008953473:
6202304170655290008953914:
6202304171534090008953914:
3202304170655310008953925:
3202304171531230008953925:
6202304170635440008953960:
1202304171530360008953960:
3202304170650110008954083:
8202304171541360008954083:
6202304170648530008954096:
1202304171535430008954096:
3202304170649100008954132:
3202304171535560008954132:
1202304170654290008954144:
2202304171733470008954144:
6202304170651570008954400:
6202304171533430008954400:
2202304170657500008954444:
1202304171532060008954444:
2202304170653390008954637:
1202304171534260008954637:
2202304170658370008956976:
1202304172244440008956976:
2202304170653470008958070:
6202304171731580008958070:
3202304170656580008958088:
3202304171531480008958088:
6202304170648410008958098:
6202304171537040008958098:
1202304170643150008958106:
6202304171546020008958106:
2202304170656400008958163:
2202304171733200008958163:
6202304170646460008958172:
1202304171534590008958172:
3202304170647400008958210:
3202304171533520008958210:
2202304170654270008958211:
8202304171530270008958211:
2202304170705120008958218:
1202304172259370008958218:
1202304170646400008958578:
1202304171537530008958578:
1202304170658410008958696:
1202304171736180008958696:
2202304170656160008959312:
2202304171533370008959312:
6202304170649340008959322:
4202304171532390008959322:
6202304170648380008959338:
6202304171546070008959338:
1202304170654330008959695:
6202304171539100008959695:
1202304170700140008959774:
1202304171536080008959774:
1202304170651220008959815:
2202304171733110008959815:
1202304170653150008959816:
6202304171533530008959816:
6202304170652430008959817:
1202304171531440008959817:
2202304170658160008959833:
8202304171532250008959833:
6202304170639460008960121:
1202304171544080008960121:
4202304170650350008960159:
8202304171532400008960159:
6202304170646400008960168:
6202304171533160008960168:
6202304170653420008960178:
6202304171531320008960178:
1202304170705040008960187:
4202304171710130008960187:
1202304170647310008960361:
1202304171732140008960361:
4202304170657210008960412:
8202304171533100008960412:
3202304170653030008960476:
8202304171533070008960476:
1202304170648380008960798:
1202304171736400008960798:
3202304170649380008961541:
3202304171535100008961541:
6202304170637190008962094:
6202304171546350008962094:
2202304170657330008962112:
4202304171533030008962112:
2202304170658530008962128:
2202304172208330008962128:
4202304170655040008962143:
3202304171534160008962143:
4202304170653250008964309:
4202304171536230008964309:
2202304170653370008964432:
6202304171530450008964432:
6202304170655400008964730:
6202304171535460008964730:
1202304170659260008965027:
1202304172204100008965027:
3202304170653590008965283:
8202304171533430008965283:
4202304170650390008965377:
4202304171531240008965377:
2202304170652520008966186:
2202304171732460008966186:
4202304170651510008966279:
8202304171533520008966279:
2202304170655030008966780:
2202304171734070008966780:
2202304170700390008966783:
3202304171619450008966783:
2202304170653440008966787:
1202304171739040008966787:
4202304170651260008966810:
8202304171532160008966810:
6202304170657190008966832:
1202304171532200008966832:
2202304170658000008966840:
6202304171536330008966840:
1202304170652260008966876:
4202304171537260008966876:
3202304170649000008966902:
3202304171534440008966902:
6202304170651220008967059:
6202304171536500008967059:
1202304170655380008967352:
2202304171733380008967352:
3202304170654060008967355:
3202304171532360008967355:
1202304170646490008967375:
1202304171531170008967375:
4202304170651570008967379:
8202304171532450008967379:
6202304170655180008967647:
1202304171530410008967647:
3202304170657270008967713:
3202304171534060008967713:
6202304170655320008967751:
6202304171530070008967751:
3202304170653550008967757:
8202304171547400008967757:
1202304170655370008968526:
6202304171533090008968526:
1202304170714400008969268:
6202304171556560008969268:
6202304170655080008969360:
6202304171534310008969360:
6202304170656130008969493:
6202304171531410008969493:
1202304170650010008970469:
1202304171734020008970469:
2202304170712170008970486:
2202304171621100008970486:
2202304170658280008970531:
2202304171710330008970531:
8202304170650540008973819:
8202304171534550008973819:
2202304170649480008973876:
4202304170653510008973963:
4202304171537470008973963:
1202304170654560008974024:
3202304171535060008974024:
2202304170700200008974060:
6202304171538530008974060:
1202304170652220008974075:
1202304171537210008974075:
2202304170648340008974978:
2202304171530550008974978:
4202304170656200008975084:
8202304171530160008975084:
4202304170650260008975399:
1202304171533470008975399:
2202304170651420008975427:
2202304171539200008975427:
8202304171535360008975428:
1202304170655210008976381:
1202304171532030008976381:
2202304170652090008976441:
2202304171731370008976441:
2202304170653010008976540:
2202304171731510008976540:
3202304170651580008976575:
8202304171534520008976575:
3202304170647240008976584:
3202304171536040008976584:
2202304170658350008976838:
3202304171536400008976838:
1202304170652460008976870:
1202304171531350008976870:
3202304170650240008976963:
3202304171530530008976963:
2202304170701030008976993:
6202304171541060008976993:
1202304170654430008977075:
2202304171534020008977075:
2202304170653200008977159:
2202304171734220008977159:
1202304170655410008977550:
1202304172259520008977550:
1202304170657210008977647:
1202304171734360008977647:
4202304170655250008978067:
8202304171530440008978067:
2202304170701000008978157:
2202304171734240008978157:
2202304170654510008978529:
2202304171731400008978529:
3202304170647100008978861:
3202304171536520008978861:
6202304170647550008978936:
6202304171532560008978936:
1202304170655350008978946:
1202304171734060008978946:
1202304170658590008979599:
3202304171539160008979599:
6202304170647340008979659:
3202304171532190008979659:
3202304170654570008979669:
3202304171536580008979669:
6202304170652040008979710:
6202304171537280008979710:
6202304170654480008981281:
1202304171531230008981281:
6202304170654130008981626:
6202304171531000008981626:
6202304170646440008982515:
2202304171534050008982515:
4202304170643470008984842:
4202304171530300008984842:
1202304170655540008984882:
1202304171544270008984882:
1202304170643340008984987:
1202304171732050008984987:
3202304170654250008984988:
3202304171534030008984988:
2202304170658580008985017:
1202304170659500008985017:
2202304170655250008985026:
2202304171730250008985026:
2202304170654590008985249:
2202304171732270008985249:
1202304170650230008986193:
6202304171532100008986193:
1202304170654490008986229:
1202304171734520008986229:
1202304170657240008986241:
1202304171544200008986241:
1202304170649230008986390:
1202304171536550008986390:
1202304170653000008986717:
1202304172204270008986717:
2202304170651400008986747:
2202304171539060008986747:
4202304170653170008986773:
8202304171533140008986773:
1202304170647350008986998:
6202304171536170008986998:
2202304170654200008987527:
6202304171735040008987527:
4202304170637260008988241:
8202304171534420008988241:
4202304170643450008988448:
4202304171536160008988448:
1202304170656310008988449:
1202304171735270008988449:
1202304170658470008988469:
1202304171734460008988469:
6202304170644030008989437:
1202304171532390008989437:
4202304170655230008990956:
8202304171533270008990956:
1202304170655590008991003:
1202304171732530008991003:
2202304170653290008991038:
8202304171536460008991038:
6202304170656210008991197:
1202304171540420008991197:
6202304170657060008991601:
3202304171532010008991601:
4202304170655530008991964:
8202304171533330008991964:
1202304170655510008992114:
6202304171535060008992114:
2202304170654320008992120:
6202304171533580008992120:
2202304170658130008992127:
6202304171530190008992127:
3202304170655420008992139:
3202304171533050008992139:
6202304170652350008994824:
6202304171533260008994824:
2202304170653160008994926:
2202304171537440008994926:
3202304170657430008995263:
3202304171536440008995263:
1202304170641350008996251:
1202304171742370008996251:
2202304170649460008996273:
2202304171731170008996273:
6202304170646340008996540:
6202304171532580008996540:
1202304171732240008997241:
1202304170644030008997341:
1202304171531290008997341:
2202304170658070008997404:
1202304171537570008997404:
4202304170649510008997409:
8202304171531540008997409:
2202304170653580008997444:
4202304171537240008997444:
3202304170654290008997523:
3202304171535450008997523:
6202304170646540008997568:
6202304171538240008997568:
6202304170650440008997793:
6202304171530490008997793:
1202304170644520008998167:
1202304172302300008998167:
4202304170648430008998170:
8202304171530480008998170:
4202304170655280008998203:
8202304171532040008998203:
1202304170658530008999994:
6202304171531520008999994:
3202304170652080009000019:
8202304171535000009000019:
3202304170649410009000033:
3202304171534310009000033:
1202304170655070009000048:
1202304171735220009000048:
1202304170656010009000059:
1202304171537470009000059:
2202304170654470009000149:
1202304171558280009000149:
4202304170645510009000168:
8202304171532590009000168:
1202304170633290009000408:
1202304171733440009000408:
3202304170648300009000866:
8202304171534440009000866:
3202304170650490009000878:
3202304171535120009000878:
3202304170641000009001082:
3202304171533460009001082:
3202304170656560009001182:
3202304171537250009001182:
2202304170646580009001227:
1202304172058100009001227:
1202304170657190009001249:
1202304172244390009001249:
6202304170655590009001270:
1202304171536350009001270:
6202304170643190009001271:
6202304171534130009001271:
6202304170635570009001274:
1202304171538550009001274:
1202304170647160009002415:
1202304171707330009002415:
1202304170644000009002528:
1202304171534010009002528:
4202304170657240009002572:
8202304171532140009002572:
6202304170653470009002575:
6202304171546050009002575:
4202304170651340009002606:
4202304171607530009002606:
1202304170656590009002685:
6202304171533450009002685:
2202304170642340009002699:
1202304172311260009002699:
2202304170648510009002701:
2202304171538480009002701:
6202304170651400009002727:
6202304171536590009002727:
3202304170653450009002736:
3202304171531090009002736:
1202304170657070009003670:
4202304171534070009003670:
2202304170649140009003852:
2202304171734160009003852:
4202304170650230009004051:
1202304171535020009004051:
2202304170657470009030883:
2202304171730020009030883:
1202304170651090009051325:
2202304172205330009051325:
2202304170700240009066621:
4202304171546210009066621:
4202304170657460009066727:
4202304171531190009066727:
4202304171535040009077623:
1202304171536060009077623:
3202304170654210009079143:
3202304171535340009079143:
3202304170656210009088583:
8202304171538070009088583:
1202304170659250009225481:
1202304171736090009225481:
3202304170650350009226391:
3202304171536000009226391:
1202304170648100009226412:
1202304171739330009226412:
1202304170649330009226429:
1202304171532580009226429:
2202304170653270009226433:
1202304171533500009226433:
2202304170654240009226447:
6202304171534490009226447:
1202304170652180009226797:
1202304171735500009226797:
4202304170656450009226817:
3202304171537190009226817:
4202304170657380009226821:
8202304171536260009226821:
1202304170641550009230781:
1202304171735570009230781:
4202304170615260009232376:
6202304172208070009232376:
2202304170656130009232651:
2202304171731030009232651:
6202304170657140009233704:
6202304171534400009233704:
1202304170654140009233710:
2202304171734020009233710:
2202304170655110009234236:
4202304171535180009234236:
4202304170655430009234249:
8202304171532020009234249:
3202304170654450009234457:
3202304171533410009234457:
3202304170644480009234458:
3202304171533440009234458:
2202304170656420009234467:
2202304171535250009234467:
1202304170650430009234480:
1202304172204050009234480:
4202304170654140009234484:
8202304171530530009234484:
1202304170636420009236809:
1202304171534150009236809:
2202304170657580009236810:
2202304171729220009236810:
1202304170655470009240533:
6202304171532550009240533:
4202304170651520009243147:
8202304171534100009243147:
2202304170649530009246193:
2202304171718110009246193:
4202304170658050009246202:
8202304171531210009246202:
2202304170657000009247696:
1202304171538000009247696:
4202304170655490009250787:
8202304171531060009250787:
6202304170653210009252946:
6202304171534080009252946:
2202304170645340009252984:
1202304172207150009252984:
4202304170653240009252994:
8202304171533040009252994:
2202304170649350009253739:
1202304171533200009253739:
4202304170657360009253842:
4202304171536210009253842:
2202304170658480009254170:
2202304171732570009254170:
3202304170656540009254212:
3202304171531580009254212:
6202304170655000009254908:
6202304171533330009254908:
6202304170648140009273013:
4202304171530590009273013:
6202304170650220009273026:
1202304171531050009273026:
2202304170659580009274874:
6202304171937370009274874:
3202304170655470009275624:
3202304171537050009275624:
2202304170654020009276908:
2202304171732150009276908:
6202304170653400009278808:
6202304171534470009278808:
4202304170653500009278862:
8202304171547340009278862:
6202304170756550009279594:
1202304170656080009279709:
1202304172204390009279709:
1202304170655270009280491:
2202304171735170009280491:
6202304170654560009281928:
3202304171538080009281928:
4202304170642000009282101:
6202304170657260009282114:
6202304171532110009282114:
1202304170653200009282809:
1202304172202270009282809:
1202304170655320009283323:
3202304171538390009283323:
6202304170657170009283499:
6202304171535390009283499:
4202304170615210009285513:
6202304172208040009285513:
2202304170653560009285700:
2202304171534260009285700:
3202304170649490009286387:
3202304171531220009286387:
6202304170659060009286616:
6202304171532300009286616:
4202304170653530009288870:
8202304171532290009288870:
2202304170655410009289101:
1202304171534120009289101:
3202304170653170009289189:
3202304171537290009289189:
2202304170657210009290264:
8202304171533370009290264:
3202304170649360009290271:
3202304171531180009290271:
2202304170925250009290471:
2202304170925270009290471:
1202304170645350009291266:
1202304171533530009291266:
2202304170625130009291663:
2202304172213510009291663:
4202304170649400009292038:
4202304171534260009292038:
2202304170645270009293895:
2202304171731090009293895:
4202304170654570009295454:
8202304171531250009295454:
1202304170646570009295615:
1202304171739180009295615:
4202304170653040009296645:
8202304171531190009296645:
2202304170654050009296798:
1202304171732340009296798:
6202304170644110009296878:
6202304171538030009296878:
2202304170651290009297569:
2202304171730430009297569:
6202304170737100009298073:
2202304171637500009298073:
4202304170656590009298223:
2202304171556350009298223:
4202304170652120009299920:
8202304171536300009299920:
2202304170647420009300590:
3202304171747280009300590:
3202304170649320009300618:
3202304171532060009300618:
8202304170652410009301802:
1202304171537090009301802:
1202304170650190009304100:
1202304171531250009304100:
1202304170636500009305197:
4202304171543510009305197:
1202304170644540009305457:
2202304171736020009305457:
6202304170654200009305918:
1202304171531220009305918:
2202304170646380009307295:
2202304171730150009307295:
6202304170658220009308083:
3202304171540130009308083:
3202304170659460009309504:
2202304171539260009309504:
2202304170650540009309829:
4202304171536260009309829:
2202304170810390009310727:
2202304171638280009310727:
2202304170718110009313676:
2202304171725360009313676:
3202304170651000009321481:
3202304171534500009321481:
6202304170659280009322590:
3202304171532380009322590:
2202304170659330009322682:
2202304171718270009322682:
3202304170640550009323446:
3202304171536060009323446:
6202304170658080009323999:
6202304171531540009323999:
2202304170659380009324076:
1202304171743310009324076:
4202304170649180009324118:
8202304171530590009324118:
2202304170707160009324604:
1202304172310200009324604:
4202304170649520009324605:
8202304171534030009324605:
3202304170652500009324629:
3202304171533390009324629:
3202304170655340009324637:
3202304171531250009324637:
3202304170653290009324879:
3202304171536490009324879:
3202304170655150009325535:
3202304171537070009325535:
8202304170656290009326600:
8202304171547320009326600:
2202304170706180009326612:
1202304172059550009326612:
2202304170648110009326618:
2202304171730080009326618:
3202304170657160009326626:
8202304171535080009326626:
3202304170656140009326658:
3202304171743310009326658:
3202304170654500009327615:
3202304171537010009327615:
4202304170658070009327620:
8202304171531280009327620:
2202304170658340009330833:
2202304171740020009330833:
4202304170634500009331044:
2202304171533540009331044:
3202304170657510009331842:
3202304171538220009331842:
1202304170655190009335539:
4202304171535360009335539:
3202304170645160009335560:
4202304171535590009335560:
3202304170657450009336959:
3202304171530160009336959:
2202304170642170009339211:
6202304171732040009339211:
1202304170653280009339219:
1202304172204080009339219:
3202304170655000009339273:
3202304171743290009339273:
3202304170655200009339802:
3202304171532510009339802:
1202304172214280009339803:
8202304170656090009339817:
8202304171533180009339817:
3202304170652580009339821:
3202304171535580009339821:
2202304170656100009339824:
2202304171733230009339824:
2202304170656350009339828:
2202304171731470009339828:
2202304170654570009339834:
6202304171730480009339834:
2202304170659200009339837:
6202304171733480009339837:
3202304170650220009339930:
8202304171535240009339930:
2202304170648160009341030:
1202304172205100009341030:
4202304170653390009341742:
8202304171534450009341742:
3202304170651070009342959:
8202304171535310009342959:
1202304170659020009342962:
3202304171535080009342962:
6202304170658070009342981:
3202304171532330009342981:
2202304170704400009342984:
2202304171717510009342984:
3202304170652200009342997:
3202304171535520009342997:
2202304170649230009343151:
3202304171748390009343151:
3202304170650590009343384:
3202304171535400009343384:
4202304170655050009345998:
8202304171536240009345998:
1202304170657010009346020:
1202304171531410009346020:
6202304170658580009346035:
3202304171537220009346035:
1202304170652410009346170:
1202304171732180009346170:
2202304170641210009346290:
2202304171729530009346290:
1202304170654310009346362:
1202304172203510009346362:
3202304170658010009346364:
3202304171533240009346364:
3202304170655520009346367:
2202304171536250009346367:
1202304170652480009346707:
1202304172205220009346707:
2202304170659000009346708:
2202304171732510009346708:
6202304170651050009347607:
6202304171533060009347607:
1202304170657440009348543:
6202304171538590009348543:
6202304170658260009348748:
8202304171533400009348748:
6202304170655500009348762:
6202304171546230009348762:
3202304170656000009348776:
3202304171534460009348776:
1202304170659070009349986:
6202304171545490009349986:
1202304170654190009351308:
1202304171733570009351308:
3202304170648280009351758:
3202304171711410009351758:
4202304170656570009351768:
8202304171530230009351768:
4202304170658160009351823:
4202304171731110009351823:
1202304170647000009352009:
1202304171739080009352009:
4202304170655510009352010:
1202304171536220009352010:
3202304170658130009354391:
6202304171541030009354391:
2202304170739100009354401:
1202304171734340009354401:
3202304170651420009354576:
3202304171532110009354576:
3202304170656020009354581:
3202304171536170009354581:
2202304170629300013819184:
2202304171733450013819184:
6202304170648560013819282:
1202304171535240013819282:
2202304170657130013819471:
1202304171734240013819471:
6202304170652260013819513:
1202304171537440013819513:
1202304170658030013819901:
6202304171530370013819901:
6202304170656580013819983:
6202304171535320013819983:
3202304170654170013820214:
3202304171534070013820214:
1202304170650290013820751:
8202304171530560013820751:
6202304170654440013820898:
4202304171533120013820898:
1202304170700570013821015:
1202304171609050013821015:
1202304170756450013821279:
6202304171539070013821279:
6202304170657310013821646:
6202304171545360013821646:
3202304170651400013821703:
3202304171534260013821703:
2202304170659190013821709:
1202304171534070013821709:
4202304170654150013821750:
1202304171535410013821750:
2202304170705000013821760:
2202304171727310013821760:
2202304170651370013821815:
2202304171642020013821815:
1202304170656270013821954:
2202304172205460013821954:
4202304170640340013821999:
2202304171533010013821999:
1202304170649350013822147:
1202304171736020013822147:
2202304170653100013822198:
1202304171541320013822198:
1202304170650560013822202:
1202304172204070013822202:
1202304170653530013822444:
2202304171732480013822444:
1202304170658220013822493:
1202304172302420013822493:
4202304170658010013822551:
4202304171541020013822551:
1202304170656150013822955:
1202304171534090013822955:
1202304170651260013823106:
1202304171735480013823106:
4202304170657510013823118:
8202304171538100013823118:
1202304170652170013823161:
1202304172302370013823161:
3202304170657590013823170:
3202304171536360013823170:
6202304170651100013823311:
6202304171533500013823311:
1202304170646170013823369:
4202304171535340013823369:
6202304170629180013823710:
6202304171700240013823710:
1202304170658280013823792:
8202304171531130013823792:
1202304170706390013823922:
2202304171558300013823922:
6202304170652560013823989:
6202304171530300013823989:
2202304170652440013824162:
2202304171538490013824162:
2202304170654170013824255:
6202304171624560013824255:
3202304170656520013824637:
3202304172013080013824637:
6202304170654060013824799:
6202304171531430013824799:
4202304170648340013824833:
8202304171534010013824833:
2202304170645070013825129:
1202304171733300013825129:
6202304170652200013825174:
1202304171536260013825174:
6202304170657330013825380:
8202304171535170013825380:
6202304170648110013825583:
6202304171535260013825583:
6202304170649110013825704:
6202304171536040013825704:
1202304170657590013825817:
1202304171735000013825817:
4202304170654110013826157:
8202304171534160013826157:
3202304170650570013826336:
3202304171535210013826336:
3202304170658160013826471:
3202304171535420013826471:
4202304170651070013826648:
1202304171725330013826648:
1202304170645250013826705:
1202304171531070013826705:
2202304170656430013826795:
2202304171730100013826795:
3202304170655180013826883:
8202304171531230013826883:
4202304170657310013826918:
6202304171545420013826918:
1202304170656340013827147:
1202304171732550013827147:
2202304170659430013827181:
8202304171535540013827181:
4202304170653190013827342:
8202304170653410013827342:
1202304170709500013827460:
1202304171735380013827460:
1202304170658330013827509:
3202304171536150013827509:
1202304170657370013827624:
1202304171735130013827624:
3202304170651220013827723:
3202304171530420013827723:
3202304170656440013827941:
3202304171536310013827941:
4202304170653020013827980:
4202304171530580013827980:
2202304170647250013828076:
2202304171731290013828076:
2202304170656010013828206:
6202304171536230013828206:
6202304170704220013828262:
6202304171535470013828262:
2202304170657420013828263:
2202304171730190013828263:
1202304170657540013828407:
4202304171531080013828407:
3202304170653420013828504:
3202304171534020013828504:
4202304170654050013828533:
8202304171534470013828533:
1202304170646100013828738:
2202304171735420013828738:
1202304170648200013828825:
1202304171736260013828825:
6202304170657540013829117:
6202304171536150013829117:
1202304170649300013829492:
3202304171533360013829492:
1202304170636180013829610:
1202304171532440013829610:
6202304170657590013829925:
1202304171538520013829925:
1202304170652110013830084:
1202304171735560013830084:
6202304170615140013830139:
6202304172315300013830139:
2202304170648550013830323:
1202304172302190013830323:
3202304170647150013830502:
3202304171532470013830502:
1202304170656140013830514:
1202304171732270013830514:
2202304170649440013830662:
2202304171730140013830662:
3202304170659210013830972:
3202304171536090013830972:
6202304170656020013831047:
1202304171530480013831047:
1202304170651240013831155:
1202304171735090013831155:
1202304170704400013831945:
1202304171735030013831945:
1202304170652510013832044:
1202304171735240013832044:
3202304170652430013832058:
3202304171534220013832058:
1202304170631160013832262:
6202304171735060013832262:
4202304170657540013832502:
1202304171535010013832502:
1202304170659110013832503:
3202304171537320013832503:
3202304170644140013832526:
8202304171730520013832526:
1202304170647240013832764:
1202304172203140013832764:
6202304170652320013832836:
6202304171531460013832836:
4202304170649000013832985:
1202304171530530013832985:
3202304170646130013833070:
3202304171537230013833070:
6202304170652410013833100:
1202304171534140013833100:
6202304170656150013833597:
6202304171533520013833597:
6202304170651130013833628:
1202304171539310013833628:
6202304170654240013833648:
6202304171532590013833648:
1202304170653090013833779:
3202304171533540013833779:
6202304170653150013833904:
1202304171535040013833904:
6202304170650500013833941:
4202304171531320013833941:
2202304170656280013834104:
2202304171732370013834104:
1202304170647460013834284:
2202304171734500013834284:
3202304170658030013834318:
3202304171533300013834318:
6202304170647070013834385:
1202304171534340013834385:
3202304170652260013834875:
3202304171535270013834875:
4202304170649540013835023:
4202304171536060013835023:
6202304170651280013835091:
6202304171531270013835091:
1202304170656250013835419:
1202304171536570013835419:
4202304170656430013835463:
8202304171530410013835463:
6202304170652000013835665:
4202304171531480013835665:
2202304170646550013835732:
2202304171736300013835732:
1202304170636470013835810:
1202304171742410013835810:
3202304170656420013835820:
3202304171537500013835820:
2202304170751500013836281:
3202304171539580013836281:
2202304170651580013836608:
2202304171730290013836608:
1202304170653350013836770:
1202304171536420013836770:
4202304170650590013837437:
1202304171532080013837437:
3202304170656240013837570:
3202304171533260013837570:
1202304170651470013837650:
1202304171534580013837650:
6202304170652290013837774:
1202304171536140013837774:
3202304170648050013838103:
8202304171532350013838103:
2202304170655370013838242:
1202304172209440013838242:
2202304170703560013838853:
1202304172207510013838853:
6202304170658050013839515:
6202304171534180013839515:
3202304170657460013839612:
6202304171538290013839612:
1202304170651360013839729:
1202304171736160013839729:
3202304170657140013839950:
8202304171533500013839950:
1202304170654480013839996:
2202304171734110013839996:
1202304170646340013840243:
6202304171733420013840243:
2202304170701410013840285:
1202304172207470013840285:
1202304170650370013840439:
2202304171735150013840439:
3202304170612170013840834:
3202304171648090013840834:
1202304170655110013841092:
1202304172204260013841092:
6202304170641050013841156:
4202304171531530013841156:
2202304170658550013841528:
6202304170700100013841528:
2202304170650410013841734:
6202304171533180013841734:
1202304170657290013841832:
6202304171734270013841832:
1202304170650390013842230:
6202304171733490013842230:
2202304170706010013842761:
1202304171743080013842761:
1202304170654200013842874:
1202304171742390013842874:
2202304170735100013842991:
1202304172207540013842991:
2202304170651260013843067:
2202304171533240013843067:
6202304170657370013843136:
6202304170641170013843303:
4202304171532170013843303:
1202304170654170013843530:
1202304171733000013843530:
6202304170653100013843689:
2202304171533590013843689:
4202304170651290013843775:
4202304171531490013843775:
6202304170634010013844382:
6202304171536410013844382:
1202304170655570013844395:
2202304172205380013844395:
1202304170651110013844799:
4202304171533010013844799:
2202304170656560013844818:
4202304171531340013844818:
2202304170657170013845097:
2202304171533130013845097:
3202304170650310013845110:
3202304171534590013845110:
6202304170650410013845528:
6202304171531390013845528:
1202304170638010013845605:
1202304171742440013845605:
1202304170655180013845916:
1202304171734190013845916:
1202304170655010013846376:
6202304171632050013846376:
1202304170658360013846621:
8202304171532510013846621:
2202304170655070013846774:
1202304172302260013846774:
1202304170645430013847070:
4202304171635410013847070:
2202304170656110013847395:
2202304171536220013847395:
3202304170650540013847399:
3202304171532430013847399:
1202304170644310013848527:
1202304171742460013848527:
2202304170657430013848859:
4202304171530260013848859:
6202304170635540013848978:
1202304171532050013848978:
3202304170648190013849429:
8202304171531420013849429:
1202304170653260013849986:
1202304172203120013849986:
2202304170642290013850718:
2202304171730120013850718:
6202304170656330013850851:
6202304171534150013850851:
1202304170656060013850962:
6202304171733460013850962:
1202304170650040013851467:
1202304172204370013851467:
3202304170634420013851480:
3202304171711450013851480:
6202304170649470013852195:
6202304171537370013852195:
3202304170657490013852427:
3202304171533480013852427:
6202304170652370013852871:
6202304171532480013852871:
6202304170655450013853101:
1202304171537490013853101:
2202304170706060013854084:
2202304171536520013854084:
6202304170702580013854309:
6202304171538460013854309:
1202304170653050013854863:
2202304171533200013854863:
2202304170659280013854918:
1202304172030240013854918:
1202304170655520013854987:
1202304172203300013854987:
4202304170654420013855114:
1202304171637420013855114:
6202304170647010013855489:
6202304171545170013855489:
3202304170654340013855608:
3202304171532320013855608:
1202304170652090013856155:
1202304172203390013856155:
1202304170652310013856328:
1202304172204360013856328:
1202304170651380013856718:
1202304171734250013856718:
2202304170658300013856725:
3202304171531360013856725:
2202304170648230013856961:
2202304171538450013856961:
1202304170647040013857328:
1202304171742340013857328:
1202304170655000013857585:
6202304171537080013857585:
2202304170656300013858134:
2202304171730090013858134:
1202304170644480013858196:
1202304171732580013858196:
2202304170700300013858636:
2202304171736060013858636:
1202304170656370013858645:
1202304171532520013858645:
2202304170657010013858711:
2202304171734200013858711:
1202304170655560013858754:
1202304172207420013858754:
4202304170655260013858940:
2202304171733330013858940:
1202304170648530013859282:
1202304172302240013859282:
6202304170654340013859739:
6202304171534540013859739:
4202304170652270013859747:
1202304171531040013859747:
6202304170654110013859775:
6202304171534270013859775:
4202304170655300013860248:
4202304171539080013860248:
1202304170659200013860249:
2202304171733170013860249:
3202304170657570013860836:
3202304171534470013860836:
1202304170647170013860850:
1202304172204460013860850:
2202304170653130013861447:
4202304170654530013861447:
2202304170656050013861582:
2202304171539110013861582:
6202304170651540013861893:
6202304171532410013861893:
3202304170657040013862020:
3202304171534350013862020:
2202304170648370013862063:
2202304171732400013862063:
2202304170709220013862064:
2202304171728120013862064:
3202304170657120013862148:
3202304171540090013862148:
6202304170654500013862182:
6202304171537060013862182:
8202304170646190013862184:
8202304171531260013862184:
6202304170649240013862488:
6202304171533270013862488:
2202304170655040013862513:
2202304171730240013862513:
1202304170658170013862551:
8202304171533390013862551:
4202304170650020013862641:
4202304171535000013862641:
6202304170648470013862768:
4202304171535310013862768:
6202304170656520013862818:
6202304171533130013862818:
1202304170654220013862835:
2202304171733420013862835:
2202304170655570013863115:
1202304172302340013863115:
2202304170652540013863330:
3202304171532300013863330:
1202304170630280013863772:
1202304171742510013863772:
3202304170655230013864151:
3202304171534180013864151:
2202304170656250013864443:
6202304171533290013864443:
4202304170653480013864767:
4202304171536180013864767:
3202304170656460013865143:
3202304171531560013865143:
6202304170653350013865794:
1202304171532350013865794:
3202304170653480013865818:
4202304171535460013865818:
1202304170644010013866057:
1202304171533550013866057:
2202304170650440013866167:
1202304171530340013866167:
1202304170659470013866549:
8202304171533000013866549:
4202304170655560013866845:
8202304171532320013866845:
3202304170636400013867125:
3202304171649090013867125:
1202304170637190013867842:
1202304171733120013867842:
4202304170656170013868438:
8202304171533160013868438:
2202304170656520013868584:
2202304171532520013868584:
6202304170644390013868631:
6202304171545550013868631:
4202304170658440013868727:
6202304172149090013868727:
2202304170705070013869567:
1202304171637130013869567:
6202304170651010013870166:
1202304171536510013870166:
3202304170653070013870323:
8202304171530450013870323:
3202304170642110013870375:
3202304171533310013870375:
3202304170654230013870411:
4202304171537500013870411:
2202304170700160013870564:
1202304172204310013870564:
2202304170651210013870974:
2202304171731310013870974:
6202304170652510013871314:
4202304171537110013871314:
4202304170701290013871746:
4202304171631580013871746:
2202304170654550013872097:
2202304171730180013872097:
4202304170656130013872518:
8202304171531510013872518:
1202304170641530013872996:
1202304172017490013872996:
4202304170654590013873081:
8202304171532470013873081:
6202304170657560013873606:
6202304171536280013873606:
6202304170647030013873759:
1202304171534420013873759:
2202304170652070013875018:
6202304171730560013875018:
4202304170651320013875080:
8202304171534280013875080:
6202304170651150013875144:
6202304171534020013875144:
2202304170651340013875429:
1202304171726130013875429:
6202304170651190013876555:
6202304171734500013876555:
3202304170652240013877341:
3202304171535500013877341:
6202304170649130013877818:
4202304171532200013877818:
6202304170649440013880034:
1202304171535190013880034:
3202304170656260013880178:
8202304171534340013880178:
1202304170650320013880568:
1202304171730310013880568:
4202304170653420013880619:
1202304171535220013880619:
6202304170659220013880708:
4202304171534240013880708:
1202304170654270013880961:
1202304172203560013880961:
6202304170649050013881172:
6202304171533310013881172:
6202304170705030013881372:
2202304171532440013881372:
1202304170653590013881904:
2202304171532270013881904:
2202304170654250013882042:
1202304171535180013882042:
3202304170656400013882481:
3202304171537450013882481:
2202304170651140013882796:
1202304171535510013882796:
2202304170657370013883726:
1202304171535360013883726:
6202304170648080013884148:
4202304171532230013884148:
1202304170655160013884341:
1202304172204500013884341:
6202304170644130013884958:
6202304171534370013884958:
6202304170648050013885383:
6202304171534450013885383:
1202304170648270013887806:
4202304171546250013887806:
6202304170643340013888206:
1202304171533240013888206:
3202304170653000013888320:
3202304171531150013888320:
4202304170658370013888903:
8202304171532480013888903:
1202304170656170013889546:
1202304171736130013889546:
6202304170646570013889814:
2202304171533520013889814:
1202304170651020013890052:
2202304171532470013890052:
4202304170646510013890609:
2202304171532110013890609:
1202304170654450013890838:
1202304171735170013890838:
1202304170654410013891304:
1202304172203470013891304:
6202304170657000013891828:
1202304171531200013891828:
6202304170658140013892407:
6202304171535160013892407:
3202304170638210013892637:
3202304171733390013892637:
6202304170645030013893677:
4202304171533510013893677:
1202304170657580013896370:
1202304171734580013896370:
3202304170649220013897557:
3202304171532490013897557:
3202304170653130013900481:
3202304171533280013900481:
3202304170640050013901173:
3202304171738400013901173:
2202304170703110013901201:
1202304171532340013901201:
1202304170652390013901523:
1202304171733510013901523:
6202304170655420013901925:
6202304171536520013901925:
2202304170657110013902395:
2202304171731110013902395:
3202304170650470013902753:
3202304171531000013902753:
2202304170648070013902836:
2202304171731000013902836:
2202304170657560013904560:
2202304171734140013904560:
3202304170648400013904815:
3202304171535230013904815:
1202304170659530013905347:
1202304171733550013905347:
4202304170647160013905559:
4202304171541060013905559:
6202304170656310013905995:
1202304171535480013905995:
6202304170650160013906962:
4202304171533000013906962:
1202304170650250013907138:
6202304171534200013907138:
3202304170647180013908669:
8202304171547370013908669:
2202304170658420013910321:
1202304172207180013910321:
1202304170654240013910435:
1202304172204240013910435:
2202304170652500013910635:
2202304171732440013910635:
1202304170657050013910811:
1202304172203580013910811:
1202304170654020013910930:
1202304171732120013910930:
1202304170654540013912878:
8202304171535020013912878:
2202304170659260013912886:
1202304171533020013912886:
2202304170656200013912966:
2202304171539280013912966:
2202304170658250013913226:
1202304171534370013913226:
3202304170648540013913231:
3202304171537270013913231:
2202304170651500013913444:
3202304171744550013913444:
6202304170651460013913723:
6202304171536120013913723:
1202304170657260013913763:
1202304171735340013913763:
2202304170658220013913768:
1202304171531300013913768:
1202304170658060013914187:
1202304172244310013914187:
1202304170647020013915046:
1202304171734130013915046:
1202304170639060013915676:
1202304171733580013915676:
4202304170658230013916087:
3202304171628510013916087:
2202304170646040013916308:
6202304171532280013916308:
2202304170648420013916347:
6202304171532430013916347:
3202304170651450013916628:
3202304171532000013916628:
2202304170659140013917278:
3202304171723180013917278:
4202304170656230013918053:
4202304171529290013918053:
1202304170650410013918477:
1202304171734280013918477:
2202304170655140013918530:
1202304171734150013918530:
2202304170700280013919218:
1202304171539070013919218:
4202304170654550013920594:
1202304171531530013920594:
1202304170656240013922340:
4202304171532360013922340:
2202304170700050013922633:
1202304171536470013922633:
1202304170653180013922995:
3202304171644360013922995:
4202304170656350013923674:
1202304171545590013923674:
2202304170652030013923897:
3202304171613400013923897:
1202304170643390013923968:
2202304171734330013923968:
1202304170651480013924880:
4202304171532220013924880:
2202304170739060013925407:
1202304171634150013925407:
6202304170648190013926050:
4202304171532500013926050:
6202304170656550013926125:
6202304171535230013926125:
2202304170652140013926352:
2202304171730370013926352:
2202304170657260013926579:
1202304171548100013926579:
3202304170655170013928145:
3202304171537480013928145:
6202304170650390013928320:
6202304171536570013928320:
1202304170652040013928774:
1202304171537340013928774:
2202304170700450013929280:
1202304171733420013929280:
1202304170646250013929445:
1202304172202220013929445:
1202304170648440013929703:
1202304171531330013929703:
3202304170654150013929876:
3202304171531550013929876:
1202304170650270013930439:
1202304171732290013930439:
6202304170654390013932124:
6202304171530150013932124:
3202304170655290013932875:
3202304171537150013932875:
6202304170635480013933411:
1202304171535120013933411:
2202304170658450013933874:
2202304171731450013933874:
6202304170656380013934791:
1202304171535140013934791:
6202304170658550013936777:
3202304171550240013936777:
1202304170657130013939557:
3202304171532450013939557:
6202304170648590013940400:
6202304171530380013940400:
1202304170653080013942295:
1202304171732430013942295:
2202304171730570013942907:
1202304170659330013943323:
1202304172204190013943323:
4202304170651210013943339:
4202304171718240013943339:
3202304170655500013943613:
3202304171531030013943613:
3202304170633140013943789:
3202304171536290013943789:
3202304170657000013944088:
3202304171536540013944088:
3202304170656330013944317:
3202304171533420013944317:
2202304170709550013944983:
1202304172257300013944983:
2202304170657530013945128:
1202304171633220013945128:
3202304170656050013947197:
3202304171536270013947197:
1202304170653470013950663:
1202304172204140013950663:
6202304170645280013951624:
1202304171538330013951624:
4202304170655320013951727:
4202304171631300013951727:
1202304170659280013953074:
1202304171736080013953074:
1202304170655130013953161:
1202304171733390013953161:
2202304170655340013953788:
2202304171539140013953788:
4202304170652150013954643:
4202304171731080013954643:
1202304170700590013955115:
6202304171608160013955115:
1202304171609120013955115:
1202304170650470013955708:
1202304171734220013955708:
2202304170701430013956143:
2202304172018150013956143:
8202304170645540013956461:
8202304172314140013956461:
2202304170659490013957305:
1202304172311290013957305:
2202304170656490013957674:
2202304171732390013957674:
6202304170630010013958826:
4202304171537450013958826:
2202304170706040013959525:
1202304171732000013959525:
4202304170654220013959635:
4202304171534020013959635:
1202304170650480013959636:
1202304171734430013959636:
2202304170653110013960205:
1202304171538070013960205:
6202304170649270013961263:
4202304171532550013961263:
3202304170656310013961747:
3202304171538100013961747:
6202304170650570013962095:
4202304171539490013962095:
4202304170642120013963931:
1202304171538430013963931:
2202304170653230013964166:
2202304171734590013964166:
3202304170652480013964619:
3202304171536430013964619:
1202304170647110013965843:
6202304171733230013965843:
6202304170645080013967098:
6202304171530050013967098:
1202304171530270013967098:
2202304170654110013967487:
2202304171735350013967487:
2202304170650510013967500:
2202304171539170013967500:
6202304170655510013968653:
6202304171531480013968653:
6202304170654450013969550:
6202304171531090013969550:
4202304170654070013970126:
8202304171534410013970126:
1202304170646120013970135:
1202304172203080013970135:
1202304170656050013971283:
1202304172203200013971283:
6202304170658100013971616:
6202304171537450013971616:
6202304170655130013972023:
1202304171537250013972023:
6202304170653270013972063:
6202304171540280013972063:
6202304170657410013972605:
1202304171535100013972605:
4202304170650190013973105:
4202304171531160013973105:
6202304170652160013973140:
1202304171533090013973140:
1202304170658580013973627:
4202304171534230013973627:
2202304170656530013974144:
1202304172205020013974144:
2202304170651120013974176:
2202304171538520013974176:
1202304170655450013976034:
1202304171733170013976034:
6202304170653070013977930:
1202304171533300013977930:
4202304170645430013978209:
2202304171532490013978209:
2202304170658040013978939:
3202304171537120013978939:
2202304170652591513409863:
6202304171533471513409863:
2202304170658521513643510:
1202304170654401513645885:
1202304172205051513645885:
2202304170645301513646659:
2202304172214141513646659:
