1202304180614030008497657:
1202304180615260013819184:
1202304180624350013832262:
1202304180633340008917703:
1202304180634540009305197:
1202304180635080013829610:
1202304180635120008960798:
1202304180636090008917703:
1202304180636130013867842:
1202304180636240004961532:
1202304180636370006751664:
1202304180636460008916501:
1202304180636550004951327:
1202304180637130013963931:
1202304180637250013970135:
1202304180637340008517932:
1202304180637370013867125:
1202304180637510013872996:
1202304180638080008494564:
1202304180639100013915676:
1202304180640580009000408:
1202304180641050013840243:
1202304180641100008698279:
1202304180641320009230781:
1202304180641360009000149:
1202304180642210013918477:
1202304180642230008499805:
1202304180642410013839729:
1202304180642440004165524:
1202304180642520013834284:
1202304180642580009226412:
1202304180643000013834284:
1202304180643030009226412:
1202304180643050013965843:
1202304180643080008951863:
1202304180643160004950845:
1202304180643210008966787:
1202304180643230013843530:
1202304180643250008997341:
1202304180643260009295615:
1202304180643290009352009:
1202304180643310013923968:
1202304180655280005248395:
1202304180655310008954444:
1202304180655320013833779:
1202304180655340013860248:
1202304180655370013901201:
1202304180655390009000048:
1202304180655410008921781:
1202304180655460008997241:
1202304180655480009283323:
1202304180655490008977075:
1202304180655530008937083:
1202304180656010004155438:
1202304180656020008968526:
1202304180656040008492480:
1202304180656060009001249:
1202304180656070004155440:
1202304180656090013822444:
1202304180656100008677259:
1202304180656120008967352:
1202304180656140009282114:
1202304180656150013862835:
1202304180656170008921990:
1202304180656220008984882:
1202304180656270008492636:
1202304180656290008918021:
1202304180656300005272104:
1202304180656320013819901:
1202304180656340008677569:
1202304180656360009240533:
1202304180656370009003670:
1202304180656390005272292:
1202304180656410013827624:
1202304180656420008970469:
1202304180656440013912878:
1202304180656450008500184:
1202304180656470008683123:
1202304180656480005270417:
1202304180656500005258227:
1202304180656520013922340:
1202304180656530008510090:
1202304180656560006033090:
1202304180656580008986241:
1202304180656590005251556:
1202304180657010008500113:
1202304180657030008976381:
1202304180657040013969550:
1202304180657060008992114:
1202304180657080013888903:
1202304180657090013922633:
1202304180657110004924182:
1202304180657120005248599:
1202304180657150005272229:
1202304180657170013831945:
1202304180657180008934651:
1202304180657210013904560:
1202304180657220005266100:
1202304180657240004967900:
1202304180657250013825817:
1202304180657280008976838:
1202304180657290013896370:
1202304180657310008916502:
1202304180657320005251361:
1202304180657340005266259:
1202304180657360013846621:
1202304180657380008503339:
1202304180657390008985017:
1202304180657410013827460:
1202304180657430008979599:
1202304180657440004969598:
1202304180657460008698795:
1202304180657480013890838:
1202304180657490005251559:
1202304180657510013912886:
1202304180657530004949734:
1202304180657540008959816:
1202304180657560013858196:
1202304180657570009282809:
1202304180657590013832503:
1202304180658010013953074:
1202304180658030008916457:
1202304180658040009225481:
1202304180658060013919218:
1202304180658080005248394:
1202304180658100005251353:
1202304180658120013821015:
1202304180658140013860249:
1202304180658160004165756:
1202304180658170008997404:
1202304180658190013923674:
1202304180658200008958696:
1202304180658220008921067:
1202304180658240004961715:
1202304180658260008959833:
1202304180658290008506912:
1202304180658300013913763:
1202304180658320006019315:
1202304180658350008977647:
1202304180658360000442293:
1202304180658380009342962:
1202304180658400004962972:
1202304180658420008959774:
1202304180658440013825380:
1202304180658490008504180:
1202304180658520013971283:
1202304180658540008976993:
1202304180658560013943323:
1202304180658570005266872:
1202304180658590006032903:
1202304180659000005266099:
1202304180659020008704021:
1202304180659030008714113:
1202304180659050004996470:
1202304180659100009290264:
1202304180659110008936972:
1202304180659130004977423:
1202304180659150008999994:
1202304180659170006016276:
1202304180659180004162428:
1202304180659200013855137:
1202304180659210004167712:
1202304180659230006036336:
1202304180659250003132773:
1202304180659280008923736:
1202304180659300013914187:
1202304180659430013858636:
1202304180659450006028797:
1202304180659530013926579:
1202304180659590013836281:
1202304180700200009354401:
1202304180700270008949246:
1202304180700320013822493:
1202304180700370007401654:
1202304180701010013835419:
1202304180701400013826918:
1202304180703310008974060:
1202304180704140013905347:
1202304180704290006042873:
1202304180704570013838853:
1202304180704590013840285:
1202304180705460004923771:
1202304180706120013869567:
1202304180709330013944983:
1202304180850480009279594:
1202304181630160009339824:
1202304181631250013869567:
1202304181631360008997536:
1202304181631400013855114:
1202304181631480013945128:
1202304181632010004932362:
1202304181632210005264170:
1202304181632290013825129:
1202304181633080013896370:
1202304181633100006016276:
1202304181633120013825817:
1202304181633280004967002:
1202304181633330013890838:
1202304181633550009339824:
1202304181634150013823710:
1202304181634210013867842:
1202304181634550005270003:
1202304181635150006036336:
1202304181635270013880568:
1202304181638390013826648:
1202304181642350005248387:
1202304182000250013959636:
1202304182009250008956976:
1202304182030400013847070:
1202304182030560005252070:
1202304182036310009339834:
1202304182042500008500113:
1202304182054580008950839:
1202304182055000006014944:
1202304182102121513645885:
1202304182102130013830514:
1202304182102150009295615:
1202304182102170004934927:
1202304182102180004980727:
1202304182102210013842874:
1202304182102220004927365:
1202304182102240008966787:
1202304182102260013891304:
1202304182102270013976034:
1202304182102290004957738:
1202304182102310008913993:
1202304182102330008960361:
1202304182102350008913993:
1202304182102360008917703:
1202304182102380013843530:
1202304182102410007402500:
1202304182102420004164229:
1202304182102440007402500:
1202304182102460004605842:
1202304182102480008517932:
1202304182102500004164227:
1202304182102520013930439:
1202304182102530004605842:
1202304182102560004967416:
1202304182102580013860850:
1202304182102590004967416:
1202304182103010008503915:
1202304182103020009296798:
1202304182103040013832764:
1202304182103060013822444:
1202304182103070001108277:
1202304182103090008940154:
1202304182103110013971283:
1202304182103130009346708:
1202304182103140013970135:
1202304182103160013851467:
1202304182103180008503915:
1202304182103190009226412:
1202304182103210013860850:
1202304182103220013857328:
1202304182103240008940154:
1202304182103260013835810:
1202304182103270013848527:
1202304182103290009000408:
1202304182103310004968004:
1202304182103330008917809:
1202304182103350013862835:
1202304182103370013856718:
1202304182103390004934727:
1202304182103410013910435:
1202304182103420013860249:
1202304182103440004934727:
1202304182103460008949614:
1202304182103470008970469:
1202304182103490008921475:
1202304182103510013845605:
1202304182103530004167848:
1202304182103540008718216:
1202304182103560013854987:
1202304182103570008939109:
1202304182103590006039969:
1202304182104010008934556:
1202304182104040013884341:
1202304182104100009282809:
1202304182104110005270178:
1202304182104130013884341:
1202304182104160009351308:
1202304182104170013884341:
1202304182104190013880961:
1202304182104210013910811:
1202304182104230005270178:
1202304182104250013910811:
1202304182104270009351308:
1202304182104290008934556:
1202304182104310004924182:
1202304182104330009282809:
1202304182104340013884341:
1202304182104360008939115:
1202304182104380004963630:
1202304182104400008916841:
1202304182104410009346170:
1202304182104430008997241:
1202304182104450013858196:
1202304182104470009339219:
1202304182104490008698279:
1202304182104500008510090:
1202304182104520008978946:
1202304182104540013823161:
1202304182104560008702320:
1202304182104570013823161:
1202304182105000004969384:
1202304182105010013856155:
1202304182105030004163901:
1202304182105050013910930:
1202304182105070008702320:
1202304182105090013830084:
1202304182105110004963035:
1202304182105120013913763:
1202304182105140013830323:
1202304182105150008977550:
1202304182105180013845916:
1202304182105200004959001:
1202304182105220008977550:
1202304182105240013915046:
1202304182105260005272110:
1202304182105280004992723:
1202304182105290004950845:
1202304182105310013959525:
1202304182105330003137990:
1202304182105350008513950:
1202304182105370003137990:
1202304182105380013844395:
1202304182105400009236809:
1202304182105420004599825:
1202304182105440013834284:
1202304182105460009346362:
1202304182105480013834284:
1202304182105500013919218:
1202304182105540004989528:
1202304182105560009305457:
1202304182105570008921990:
1202304182105590013918477:
1202304182106010006032903:
1202304182106030005267480:
1202304182106050013889546:
1202304182106060008996251:
1202304182106070013855137:
1202304182106090013889546:
1202304182106110008965027:
1202304182106130009234480:
1202304182106140008988449:
1202304182106170009354401:
1202304182106190006033090:
1202304182106210008508219:
1202304182106220008497463:
1202304182106240013923968:
1202304182106270013905347:
1202304182106290013929445:
1202304182106310013872996:
1202304182106340013828738:
1202304182106350008977647:
1202304182106370013822493:
1202304182106380008921781:
1202304182106400013915676:
1202304182106430008986717:
1202304182106450009279709:
1202304182106470013953074:
1202304182106490009225481:
1202304182106510008960798:
1202304182106550009341030:
1202304182106590013828825:
1202304182107010008958696:
1202304182107030013827460:
1202304182107050004158137:
1202304182107090004975531:
1202304182107110009280491:
1202304182107140009346707:
1202304182107170008951863:
1202304182107190013910321:
1202304182107200008962128:
1202304182107230013967487:
1202304182107260008709011:
1202304182107280005272111:
1202304182107300008951863:
1202304182107530013819471:
1202304182107560004933649:
1202304182107580008706494:
1202304182108000013858754:
1202304182108020009324076:
1202304182108030008936972:
1202304182108050009326612:
1202304182108060013838242:
1202304182108080013842761:
1202304182109260013834104:
1202304182109280008937014:
1202304182109490013840285:
1202304182109530013838853:
1202304182109560009252984:
1202304182110190013842991:
1202304182114210009339803:
2202304180619390009291663:
2202304180621200006036505:
2202304180624460008914086:
2202304180630130004929491:
2202304180632310009002699:
2202304180636010004921669:
2202304180636580008932952:
2202304180638410004965482:
2202304180639420013850718:
2202304180640200008934998:
2202304180640260013825129:
2202304180640280004963035:
2202304180640310004972793:
2202304180640420005272914:
2202304180640520008676811:
2202304180641050005268448:
2202304180641230009293895:
2202304180642380005264545:
2202304180642400013933874:
2202304180643130013923897:
2202304180643160013902836:
2202304180643180004599831:
2202304180643220013856961:
2202304180643240004967002:
2202304180643580004966802:
2202304180644210013910635:
2202304180644280004933649:
2202304180644560005006768:
2202304180644580005270174:
2202304180645030008681883:
2202304180645050005273382:
2202304180645090008424093:
2202304180645110004948851:
2202304180645150013899334:
2202304180645170008996273:
2202304180645190004605848:
2202304180645230009339211:
2202304180645350008429638:
2202304180645390009003852:
2202304180645400004966050:
2202304180645430004947963:
2202304180645451513646659:
2202304180645540009001227:
2202304180645570008936997:
2202304180646010009341030:
2202304180646030009002701:
2202304180646090005270003:
2202304180646140013824162:
2202304180646230008973876:
2202304180646290007421735:
2202304180646300005252149:
2202304180646320008504041:
2202304180646360009307295:
2202304180646490004967967:
2202304180647020004968761:
2202304180647430004975875:
2202304180647470013964166:
2202304180648060009246193:
2202304180648130009300590:
2202304180648180013819471:
2202304180648350004604850:
2202304180648440008429633:
2202304180648470013862513:
2202304180648500008974978:
2202304180649050007398914:
2202304180649110008958163:
2202304180649160006036993:
2202304180649190013974176:
2202304180649220008998167:
2202304180649250008497463:
2202304180649260013913444:
2202304180649290009346290:
2202304180649310005249724:
2202304180649330006028953:
2202304180649350009252946:
2202304180649370013830662:
2202304180649390013967098:
2202304180649410008685403:
2202304180649430005272911:
2202304180649480009273013:
2202304180649510006014941:
2202304180649530005258472:
2202304180649560009246193:
2202304180649580006030145:
2202304180650000013913768:
2202304180650020008951535:
2202304180650030008967375:
2202304180650050013870974:
2202304180650070008985026:
2202304180650090008976441:
2202304180650110013936777:
2202304180650130013902395:
2202304180650150009343151:
2202304180650180005272291:
2202304180650200013861447:
2202304180650230004932362:
2202304180650280004994575:
2202304180650300008702320:
2202304180650330013863330:
2202304180650370013967487:
2202304180650390013862063:
2202304180650410013967500:
2202304180650440013916347:
2202304180650470008976870:
2202304180650500013866167:
2202304180650520008914088:
2202304180650560008918414:
2202304180650580005262049:
2202304180651000013882796:
2202304180651020005259638:
2202304180651040008950839:
2202304180651080008703345:
2202304180651101513409863:
2202304180651130013828076:
2202304180651150008950354:
2202304180651170004997665:
2202304180651190008977159:
2202304180651210008930815:
2202304180651230006016252:
2202304180651250013843067:
2202304180651270008500401:
2202304180651300004162433:
2202304180651320013960205:
2202304180651340009226447:
2202304180651370005249648:
2202304180651390004929016:
2202304180651400004165890:
2202304180651450000431412:
2202304180651470013875018:
2202304180651500013836608:
2202304180651510009030883:
2202304180651560007402523:
2202304180651580008709369:
2202304180652000013926352:
2202304180652020005270000:
2202304180652040005268163:
2202304180652060009285700:
2202304180652070004972420:
2202304180652080005257310:
2202304180652100004930576:
2202304180652120005264548:
2202304180652160005252997:
2202304180652180008917776:
2202304180652200005256125:
2202304180652220005250927:
2202304180652240008954637:
2202304180652280005012405:
2202304180652300008932258:
2202304180652320008960361:
2202304180652340009304100:
2202304180652360009253739:
2202304180652380013918530:
2202304180652400013926125:
2202304180652410004991241:
2202304180652430009309829:
2202304180652450013823792:
2202304180652460008997444:
2202304180652480013875429:
2202304180652500004602276:
2202304180652520004949598:
2202304180652540013858711:
2202304180652560008986747:
2202304180652580008958070:
2202304180653010009276908:
2202304180653020008975427:
2202304180653040013847395:
2202304180653060001079879:
2202304180653070004958690:
2202304180653100013917278:
2202304180653130013920594:
2202304180653140004941508:
2202304180653160013858134:
2202304180653180013953788:
2202304180653190009247696:
2202304180653220009232651:
2202304180653240008517783:
2202304180653260006039974:
2202304180653280008708048:
2202304180653290008958211:
2202304180653310013942907:
2202304180653330004167848:
2202304180653350008967751:
2202304180653360008932999:
2202304180653400004969384:
2202304180653420008954144:
2202304180653440009349986:
2202304180653460008962128:
2202304180653480008697836:
2202304180653500004155439:
2202304180653520013882042:
2202304180653530013872097:
2202304180653550013826795:
2202304180653560009234467:
2202304180653580009296798:
2202304180654000004155438:
2202304180654010008932999:
2202304180654030004954665:
2202304180654060008701527:
2202304180654070013827723:
2202304180654090008966780:
2202304180654110008952632:
2202304180654120008992120:
2202304180654140005248387:
2202304180654160008932958:
2202304180654180004946517:
2202304180654200004965968:
2202304180654240005253569:
2202304180654270008978157:
2202304180654340004160641:
2202304180654420008921819:
2202304180654440008499149:
2202304180654460008994926:
2202304180654480006039507:
2202304180654490005248988:
2202304180654510008698044:
2202304180654530013844818:
2202304180654540008954444:
2202304180654590013860248:
2202304180655010006022439:
2202304180655040008985249:
2202304180655060008962112:
2202304180655080013916087:
2202304180655100013845097:
2202304180655120004936413:
2202304180655130008492480:
2202304180655150009289101:
2202304180655170009297569:
2202304180655200009236810:
2202304180655210009339828:
2202304180655230008978529:
2202304180655250008916700:
2202304180655270009326618:
2202304180655290013870564:
2202304180655300013912966:
2202304180655320009002685:
2202304180655340005270175:
2202304180655360013861582:
2202304180655380009346708:
2202304180655400013856725:
2202304180655421513643510:
2202304180655440013834104:
2202304180655460007419049:
2202304180655470013910321:
2202304180655490008918021:
2202304180655510013883726:
2202304180655520004926757:
2202304180655540013830323:
2202304180655550009322682:
2202304180655570008950650:
2202304180655590005272110:
2202304180656010009339824:
2202304180656040005267343:
2202304180656090013827147:
2202304180656100004165755:
2202304180656130004968555:
2202304180656140008985017:
2202304180656160008987527:
2202304180656180004968592:
2202304180656200008510316:
2202304180656210013824255:
2202304180656230008923688:
2202304180656240008713215:
2202304180656260008937014:
2202304180656270006039493:
2202304180656290013821815:
2202304180656300013974144:
2202304180656330005248599:
2202304180656340013904560:
2202304180656350013863115:
2202304180656380004993146:
2202304180656390005272229:
2202304180656410006039973:
2202304180656430004154154:
2202304180656440013848859:
2202304180656460009348543:
2202304180656480005252070:
2202304180656500006036876:
2202304180656510005267479:
2202304180656530008979599:
2202304180656560013822198:
2202304180656580005252030:
2202304180657000004931925:
2202304180657020005268310:
2202304180657050009234236:
2202304180657070013956143:
2202304180657080013929280:
2202304180657100013957674:
2202304180657120013846774:
2202304180657140005262555:
2202304180657150013925407:
2202304180657170009254170:
2202304180657190004596347:
2202304180657230008502364:
2202304180657260005272191:
2202304180657270008992127:
2202304180657290008997404:
2202304180657310013923674:
2202304180657320013957305:
2202304180657340013864443:
2202304180657350008496367:
2202304180657370013864443:
2202304180657390005012521:
2202304180657410008942559:
2202304180657420004989551:
2202304180657440009339834:
2202304180657460004996210:
2202304180657470009274874:
2202304180657500008709061:
2202304180657510004158333:
2202304180657530004599825:
2202304180657540008975428:
2202304180657560013823922:
2202304180657570004967606:
2202304180657590004982239:
2202304180658000004960160:
2202304180658020008921814:
2202304180658050013828206:
2202304180658070008959312:
2202304180658080004941773:
2202304180658100013913226:
2202304180658110008997536:
2202304180658140008976993:
2202304180658170006032903:
2202304180658200009290264:
2202304180658230004968178:
2202304180658250004162428:
2202304180658260013821646:
2202304180658280013868584:
2202304180658290013828263:
2202304180658310006033000:
2202304180658330008999994:
2202304180658340008991601:
2202304180658360005254715:
2202304180658370006036336:
2202304180658390013945128:
2202304180658400004934727:
2202304180658420009330833:
2202304180658430008966840:
2202304180658450003132773:
2202304180658470009252984:
2202304180658490004934727:
2202304180658520005250644:
2202304180658530006039972:
2202304180658560008686301:
2202304180658580013959525:
2202304180659000008966186:
2202304180659010008916841:
2202304180659030004930389:
2202304180659050013858636:
2202304180659070013955115:
2202304180659080013821709:
2202304180659100004996445:
2202304180659110008942210:
2202304180659110013926579:
2202304180659140005005063:
2202304180659150004968886:
2202304180659170006024859:
2202304180659190004968004:
2202304180659200005270416:
2202304180659220013836281:
2202304180659230008965027:
2202304180659250004967379:
2202304180659270006021991:
2202304180659280005272317:
2202304180659360009346035:
2202304180659450009324076:
2202304180659470008931954:
2202304180659510004964719:
2202304180659530006022159:
2202304180659550009339837:
2202304180659570004966449:
2202304180659590013841528:
2202304180700000008949246:
2202304180700020008917701:
2202304180700040004967216:
2202304180700070008915275:
2202304180700090013862551:
2202304180700100005252028:
2202304180700130013854084:
2202304180700140004162747:
2202304180700250008966832:
2202304180700320013835419:
2202304180700360013827181:
2202304180700390009066621:
2202304180700420008426248:
2202304180700460006014349:
2202304180700500008960187:
2202304180700530005264375:
2202304180701010006027540:
2202304180701030008508219:
2202304180701050013826918:
2202304180701080009313676:
2202304180701210004953953:
2202304180701420005252016:
2202304180701440013854918:
2202304180701450008494964:
2202304180701470008510378:
2202304180701500008976540:
2202304180702150005270001:
2202304180702300013881372:
2202304180702380008923926:
2202304180702460007407502:
2202304180703190005272111:
2202304180703220005248393:
2202304180703300008951525:
2202304180703420008966783:
2202304180703470005258557:
2202304180703490009342984:
2202304180703520008970531:
2202304180704220013862064:
2202304180704390009326612:
2202304180704410013842761:
2202304180705110009339803:
2202304180705280013821760:
2202304180705550004964407:
2202304180707250008970486:
2202304180707470005007161:
2202304180709180008969268:
2202304180709360006039993:
2202304180710110013842991:
2202304180710150008958218:
2202304180711440009298223:
2202304180713420009324604:
2202304180717320008493028:
2202304180727120008956976:
2202304180739370006042277:
2202304180741340006014944:
2202304180746030009298073:
2202304180823090009310727:
2202304180826470008991038:
2202304180811580009290471:
2202304180812000009290471:
2202304181620190008502364:
2202304181633440013896370:
2202304181633490013825817:
2202304181634010005007161:
2202304181634380004967002:
2202304181640270004991241:
2202304181700010013835732:
2202304181702390008917701:
2202304181702400006027540:
2202304181723410006042277:
2202304182049150009285513:
2202304182102410008985249:
2202304182102440004934927:
2202304182102470004596347:
2202304182102480005270001:
2202304182102500013956143:
2202304182102520005270001:
2202304182102540008985249:
2202304182102570008917703:
2202304182102590008985249:
2202304182103020008984987:
2202304182103040008913993:
2202304182103050013891304:
2202304182103070006039972:
2202304182103090009230781:
2202304182103100008517932:
2202304182103120004980727:
2202304182103130006039972:
2202304182103150009233710:
2202304182103160007402500:
2202304182103180013862063:
2202304182103190009233710:
2202304182103210013821954:
2202304182103220013862063:
2202304182103240008494564:
2202304182103260009296798:
2202304182103271513645885:
2202304182103290004967416:
2202304182103310004164227:
2202304182103320009254170:
2202304182103340004967416:
2202304182103351513643510:
2202304182103370013822444:
2202304182103390004967416:
2202304182103410008494564:
2202304182103430009346708:
2202304182103450013971283:
2202304182103470013822444:
2202304182103480005256125:
2202304182103530004975875:
2202304182103560013950663:
2202304182103580004975875:
2202304182103590013851467:
2202304182104011513643510:
2202304182104040013970135:
2202304182104050005250927:
2202304182104070009051325:
2202304182104090013851467:
2202304182104110004605842:
2202304182104120013848527:
2202304182104140009051325:
2202304182104150013910635:
2202304182104170004968004:
2202304182104190009226412:
2202304182104210013849986:
2202304182104230004605842:
2202304182104240005250927:
2202304182104260004934727:
2202304182104290008967352:
2202304182104310004934727:
2202304182104340008917809:
2202304182104350008512216:
2202304182104370013870564:
2202304182104390004155440:
2202304182104410013827147:
2202304182104440008718216:
2202304182104470013827147:
2202304182104490008718216:
2202304182104530006039969:
2202304182104570009352009:
2202304182104580006039969:
2202304182105020000442293:
2202304182105030013832764:
2202304182105060008939109:
2202304182105090004934727:
2202304182105110008927874:
2202304182105130009003852:
2202304182105170008966186:
2202304182105190009324604:
2202304182105210008958163:
2202304182105240008966186:
2202304182105260009352009:
2202304182105270013957674:
2202304182105290013839996:
2202304182105310008676811:
2202304182105330013858711:
2202304182105350008917776:
2202304182105360008939115:
2202304182105380009003852:
2202304182105400004966050:
2202304182105420006036993:
2202304182105440004966050:
2202304182105450008998167:
2202304182105470004969384:
2202304182105480013856155:
2202304182105500004951445:
2202304182105510013910930:
2202304182105530004969384:
2202304182105540008978157:
2202304182105560013846774:
2202304182105570013823161:
2202304182105590006751664:
2202304182106010009002699:
2202304182106020005268448:
2202304182106040013846774:
2202304182106060013929280:
2202304182106070013822147:
2202304182106090013859282:
2202304182106100013840439:
2202304182106120008958218:
2202304182106140004982239:
2202304182106160008934512:
2202304182106170013858636:
2202304182106220008966780:
2202304182106240004155439:
2202304182106260007402523:
2202304182106290007398914:
2202304182106330013844395:
2202304182106350008915538:
2202304182106370009305457:
2202304182106400005267480:
2202304182106420008921990:
2202304182106500013862064:
2202304182106570006019315:
2202304182107040013872996:
2202304182107060013905347:
2202304182107080009001227:
2202304182107150013902395:
2202304182107170009001227:
2202304182107200009279709:
2202304182107270013822493:
2202304182107300008986717:
2202304182107340008958696:
2202304182107370004975531:
2202304182107410013889546:
2202304182107440004975531:
2202304182107470013957305:
2202304182107560008962128:
2202304182107590013910321:
2202304182108020009280491:
2202304182108060009341030:
2202304182108170009346707:
2202304182110330009252984:
3202304180622040004974136:
3202304180634140006031524:
3202304180635170013851480:
3202304180635200005271888:
3202304180636590004968173:
3202304180637200013892637:
3202304180639080013943789:
3202304180640220013901173:
3202304180640280009323446:
3202304180641290009335560:
3202304180641390008952977:
3202304180641450004972171:
3202304180642070004995665:
3202304180642490005011155:
3202304180643160008916495:
3202304180643210008988448:
3202304180643300008943753:
3202304180643310008984842:
3202304180643340008494201:
3202304180643490004969304:
3202304180643560008680442:
3202304180644000008943401:
3202304180644030008978861:
3202304180644050008958210:
3202304180644060009001082:
3202304180644100005004742:
3202304180644240008920018:
3202304180644300013833070:
3202304180644370009234458:
3202304180644450013904815:
3202304180644480008943425:
3202304180644510009000878:
3202304180644550013834385:
3202304180644580006015460:
3202304180645120009351758:
3202304180645380013840834:
3202304180645590004968250:
3202304180646130005250572:
3202304180646220004998074:
3202304180646300004968250:
3202304180646330004998074:
3202304180646470008503303:
3202304180646500013908669:
3202304180646520009324879:
3202304180646580004921536:
3202304180647010008961541:
3202304180647090006041721:
3202304180647120008942604:
3202304180647160008687514:
3202304180647280013832526:
3202304180647320006029910:
3202304180647350009343384:
3202304180647370009000033:
3202304180647390008954132:
3202304180647470013845110:
3202304180647530009000866:
3202304180647580003137991:
3202304180648010013826336:
3202304180648070005266674:
3202304180648110013830502:
3202304180648250004988205:
3202304180648280013902753:
3202304180648330013854309:
3202304180648430013964619:
3202304180648460009324629:
3202304180649070004165753:
3202304180649150004935367:
3202304180649180009300618:
3202304180649300013877341:
3202304180649360004942841:
3202304180649440004921352:
3202304180649540008966902:
3202304180649570013838103:
3202304180650260008976584:
3202304180650310013913231:
3202304180650360008997568:
3202304180650380008692117:
3202304180650410008498021:
3202304180650530009088583:
3202304180651000008949593:
3202304180651040009354576:
3202304180651080008691341:
3202304180651120005248502:
3202304180651170009342959:
3202304180651200008951535:
3202304180651210013913768:
3202304180651230009000019:
3202304180651250004968472:
3202304180651290009286387:
3202304180651310008967757:
3202304180651350013928145:
3202304180651370005258213:
3202304180651460009339821:
3202304180651500008979659:
3202304180651550008954083:
3202304180651570009002736:
3202304180652000008974024:
3202304180652010013865818:
3202304180652030009348776:
3202304180652060009326626:
3202304180652080013834875:
3202304180652100008492410:
3202304180652120004923548:
3202304180652140013880178:
3202304180652150013864151:
3202304180652180005263920:
3202304180652200004162160:
3202304180652220008499165:
3202304180652240009321481:
3202304180652270008918564:
3202304180652290009342997:
3202304180652310004968679:
3202304180652340005267476:
3202304180652360004995927:
3202304180652380008960476:
3202304180652400013943613:
3202304180652430013897557:
3202304180652460008692290:
3202304180652480013926050:
3202304180652500008494246:
3202304180652520005264549:
3202304180652550004953135:
3202304180652590004988026:
3202304180653020005254707:
3202304180653040013882481:
3202304180653070008979669:
3202304180653100009290271:
3202304180653130013828504:
3202304180653150004999443:
3202304180653170008922237:
3202304180653200013870375:
3202304180653220009226391:
3202304180653240008693920:
3202304180653260008967713:
3202304180653280007418333:
3202304180653310004933136:
3202304180653340013820214:
3202304180653370013847399:
3202304180653390005268686:
3202304180653410013900481:
3202304180653430004953788:
3202304180653450004162749:
3202304180653470004930608:
3202304180653490004163935:
3202304180653520013888320:
3202304180653530008953925:
3202304180653560009289189:
3202304180653570008934685:
3202304180654000013821703:
3202304180654010009309829:
3202304180654030008984988:
3202304180654040008976963:
3202304180654060005249713:
3202304180654080008932994:
3202304180654100008518736:
3202304180654120009326658:
3202304180654160006036875:
3202304180654190009339930:
3202304180654220013835820:
3202304180654230005257314:
3202304180654250004936854:
3202304180654270005254537:
3202304180654290009324637:
3202304180654310013870411:
3202304180654330008962143:
3202304180654350008967355:
3202304180654370008923971:
3202304180654390004164224:
3202304180654410008951287:
3202304180654430009001182:
3202304180654450013839950:
3202304180654480008511694:
3202304180654500008976575:
3202304180654520013837570:
3202304180654540004941508:
3202304180654560008992139:
3202304180654580013870323:
3202304180655010008997523:
3202304180655040008951044:
3202304180655050009339802:
3202304180655070008958088:
3202304180655090005248597:
3202304180655110008707911:
3202304180655140013947197:
3202304180655160009331842:
3202304180655190009327615:
3202304180655210013916628:
3202304180655230009346364:
3202304180655250004968261:
3202304180655290013824637:
3202304180655300013944088:
3202304180655320009079143:
3202304180655330009325535:
3202304180655350004965814:
3202304180655370008936199:
3202304180655390013855608:
3202304180655410008951280:
3202304180655410009275624:
3202304180655450008952632:
3202304180655480013827941:
3202304180655500004956498:
3202304180655530008708992:
3202304180655550000424165:
3202304180655560004165525:
3202304180655590004155886:
3202304180656010004167849:
3202304180656090009336959:
3202304180656130013823170:
3202304180656150013833779:
3202304180656210013929876:
3202304180656240008965283:
3202304180656290004993934:
3202304180656310008686117:
3202304180656330013932875:
3202304180656380004935446:
3202304180656400005261504:
3202304180656430005254932:
3202304180656460013839612:
3202304180656490005268449:
3202304180656510009309504:
3202304180656530008995263:
3202304180656560013852427:
3202304180656590008713928:
3202304180657010013865143:
3202304180657030009254212:
3202304180657060013856725:
3202304180657080013944317:
3202304180657100004937930:
3202304180657130008921437:
3202304180657140013862148:
3202304180657170009281928:
3202304180657190013826471:
3202304180657210008949220:
3202304180657230005254706:
3202304180657270013862020:
3202304180657300004164230:
3202304180657330013978939:
3202304180657360008677569:
3202304180657380009346367:
3202304180657400009342981:
3202304180657430009339273:
3202304180657460013827509:
3202304180657480005268314:
3202304180657500008507829:
3202304180657520009354581:
3202304180657540008693892:
3202304180657580013961747:
3202304180658000008943359:
3202304180658020008942308:
3202304180658050009308083:
3202304180658080006018008:
3202304180658120004973922:
3202304180658150004162432:
3202304180658300005251559:
3202304180658320005251358:
3202304180658330004599514:
3202304180658350005254932:
3202304180658380013830972:
3202304180658400008931959:
3202304180658430008916457:
3202304180658460008937801:
3202304180658490009322590:
3202304180659040004980976:
3202304180659060004962972:
3202304180659090003126147:
3202304180659140004164228:
3202304180659450008913936:
3202304180659500004929645:
3202304180700130004989524:
3202304180700200013834318:
3202304180706350008937070:
4202304180629480008988241:
4202304180635230007398203:
4202304180635580004162750:
4202304180638040013821999:
4202304180638560009331044:
4202304180640310005272226:
4202304180640350009285513:
4202304180640370005270169:
4202304180640390009232376:
4202304180640420005270169:
4202304180641390005272226:
4202304180642290013821750:
4202304180642370004965170:
4202304180642460008936935:
4202304180643400004154153:
4202304180643450008936935:
4202304180644140005264374:
4202304180644280013837650:
4202304180644310009292038:
4202304180644330005271892:
4202304180644380008997341:
4202304180644410008936935:
4202304180644440008917723:
4202304180644470008959695:
4202304180645230013916308:
4202304180645270006032924:
4202304180645330008504234:
4202304180645520005251015:
4202304180645580006039129:
4202304180646020009291266:
4202304180646060004973514:
4202304180646080013824833:
4202304180646180005006958:
4202304180646210009077623:
4202304180646230009002528:
4202304180646250013866057:
4202304180646280009002528:
4202304180646300013887806:
4202304180646410009002528:
4202304180646440013887806:
4202304180647190008692742:
4202304180647310008978067:
4202304180647460013862184:
4202304180647480008998170:
4202304180647500013826648:
4202304180647540013835732:
4202304180647570013890052:
4202304180647590013859747:
4202304180648000008949319:
4202304180648090009000168:
4202304180648120004990686:
4202304180648140008932027:
4202304180648170008494427:
4202304180648380013978209:
4202304180648390008960121:
4202304180648440013890609:
4202304180648470013835023:
4202304180648510008917728:
4202304180649030008966279:
4202304180649060004605843:
4202304180649160005265078:
4202304180649180003137964:
4202304180649350008506766:
4202304180649390004165522:
4202304180649450013905559:
4202304180649530009324118:
4202304180649550009004051:
4202304180649570013820751:
4202304180650010000424167:
4202304180650020013954643:
4202304180650050008973963:
4202304180650120008960159:
4202304180650170008986390:
4202304180650220008951935:
4202304180650320009282101:
4202304180650410013828533:
4202304180650450004963659:
4202304180650460006028298:
4202304180650490005270419:
4202304180650520013843775:
4202304180650540006040284:
4202304180650560008958578:
4202304180651000005255627:
4202304180651020005270720:
4202304180651060005263919:
4202304180651080005006315:
4202304180651100009273013:
4202304180651160008942591:
4202304180651190009327620:
4202304180651200008997409:
4202304180651240006014941:
4202304180651260008917764:
4202304180651310008965377:
4202304180651370009299920:
4202304180651430004927575:
4202304180651470001087543:
4202304180651500008953371:
4202304180651510008986773:
4202304180651530004963091:
4202304180651540003126145:
4202304180651580008699709:
4202304180652000008975399:
4202304180652020008991964:
4202304180652100009252994:
4202304180652120009296645:
4202304180652130013862641:
4202304180652160013827980:
4202304180652180009324605:
4202304180652200008967379:
4202304180652220008711197:
4202304180652240004991542:
4202304180652280008937078:
4202304180652300005251017:
4202304180652320008966810:
4202304180652350013880568:
4202304180652360005251564:
4202304180652380013837437:
4202304180652400004169060:
4202304180652410004163900:
4202304180652430013943339:
4202304180652440009278862:
4202304180652460005262049:
4202304180652490013866845:
4202304180652510005261506:
4202304180652520005251014:
4202304180652540005254711:
4202304180652560002851459:
4202304180652580004990375:
4202304180652590006016252:
4202304180653010004974233:
4202304180653030008916557:
4202304180653050008951250:
4202304180653070013873081:
4202304180653090013847070:
4202304180653200008990956:
4202304180653280004965031:
4202304180653300004929419:
4202304180653320005250568:
4202304180653340013833100:
4202304180653350008918431:
4202304180653370009288870:
4202304180653390009285700:
4202304180653410004963073:
4202304180653420005268163:
4202304180653440008918566:
4202304180653450013880619:
4202304180653470008964309:
4202304180653490009002606:
4202304180653510008954637:
4202304180653530008953473:
4202304180653550005255712:
4202304180653570009345998:
4202304180653590008998203:
4202304180654000008966876:
4202304180654070005257309:
4202304180654090008932258:
4202304180654110004972892:
4202304180654120008933249:
4202304180654150008997444:
4202304180654170004949598:
4202304180654190013823792:
4202304180654200013828407:
4202304180654220005009382:
4202304180654240013905995:
4202304180654260013858940:
4202304180654280008512783:
4202304180654300013905995:
4202304180654320007401131:
4202304180654340008944551:
4202304180654350008950897:
4202304180654370005251020:
4202304180654400005259965:
4202304180654410008511222:
4202304180654430013846376:
4202304180654450013929703:
4202304180654470004965343:
4202304180654490005271886:
4202304180654500013929703:
4202304180654520009295454:
4202304180654530013951727:
4202304180654560013959635:
4202304180655000009247696:
4202304180655020009226817:
4202304180655030013959635:
4202304180655050013918053:
4202304180655070008708048:
4202304180655080008923933:
4202304180655100005254716:
4202304180655110006036994:
4202304180655130005273785:
4202304180655140009351768:
4202304180655160009243147:
4202304180655190004990107:
4202304180655200008916642:
4202304180655220013973105:
4202304180655240008932048:
4202304180655260004965794:
4202304180655290006028799:
4202304180655340005259619:
4202304180655380005262050:
4202304180655400009234484:
4202304180655420013826883:
4202304180655430013822955:
4202304180655480004936688:
4202304180655510013864767:
4202304180655530013823118:
4202304180655560005004848:
4202304180655590009250787:
4202304180656040009352010:
4202304180656060013872518:
4202304180656070008942542:
4202304180656090004953650:
4202304180656110005248391:
4202304180656140004162744:
4202304180656170007407459:
4202304180656210005261060:
4202304180656240004162744:
4202304180656280008915574:
4202304180656310009002572:
4202304180656320013826157:
4202304180656340008917514:
4202304180656360004164864:
4202304180656370008710875:
4202304180656390005264170:
4202304180656420005266871:
4202304180656440013835463:
4202304180656460008925084:
4202304180656470008494267:
4202304180656490005273381:
4202304180656510005254534:
4202304180656520013868438:
4202304180656540004953437:
4202304180656550004972482:
4202304180656570013822551:
4202304180656580013868727:
4202304180657000013832502:
4202304180657020009066727:
4202304180657040008499471:
4202304180657050009234249:
4202304180657080005262048:
4202304180657100008677259:
4202304180657110000424146:
4202304180657130009226821:
4202304180657140000431385:
4202304180657210008703693:
4202304180657240004957428:
4202304180657310005272104:
4202304180657470004981013:
4202304180657510008986241:
4202304180657530005251556:
4202304180657550013922340:
4202304180657590008921827:
4202304180658010008976381:
4202304180658090013888903:
4202304180658190013922633:
4202304180658210005252070:
4202304180658250004931925:
4202304180658270008975084:
4202304180658310009234236:
4202304180658330006039973:
4202304180658350009253842:
4202304180658380009226433:
4202304180658390013846621:
4202304180658450008960412:
4202304180658550013912886:
4202304180658590013855114:
4202304180659070005012521:
4202304180659180013871746:
4202304180659240006010458:
4202304180659260009003670:
4202304180659370008499867:
4202304180659390009003670:
4202304180659430008959774:
4202304180659530008697594:
4202304180700140013973627:
4202304180700280005254424:
4202304180701380005252028:
4202304180842120008519041:
4202304181630210004968173:
4202304181630260013855114:
4202304181630280008997536:
4202304181630300013945128:
4202304181630420005264375:
4202304181631140013846376:
4202304181633220008917723:
4202304181634080009352010:
4202304181634100006036336:
4202304181634120009352010:
4202304181634350013880568:
4202304181819280005004848:
4202304182001010007398203:
4202304182001580005248395:
6202304180621130004992307:
6202304180622460004946775:
6202304180624270013823710:
6202304180633170013848978:
6202304180633430005270415:
6202304180633580004162750:
6202304180635060009305197:
6202304180635320013829610:
6202304180636030008510716:
6202304180636070008962094:
6202304180636130005268312:
6202304180636150008706878:
6202304180636180004158136:
6202304180636210005262500:
6202304180636320004968173:
6202304180636390004961532:
6202304180636520008508441:
6202304180637070013933411:
6202304180637090013844382:
6202304180637330005257617:
6202304180637400008953960:
6202304180638070008431645:
6202304180638410004968502:
6202304180639220013843303:
6202304180639260005254931:
6202304180639400013889814:
6202304180639520004162135:
6202304180639550008917446:
6202304180639580009001271:
6202304180640010005272916:
6202304180640030008931904:
6202304180640070008494910:
6202304180640100008946732:
6202304180640350013951624:
6202304180640470004929423:
6202304180640550009335560:
6202304180641350008923700:
6202304180641550009001274:
6202304180641580004604852:
6202304180642030009000149:
6202304180642060013951624:
6202304180642100013958826:
6202304180642130005008853:
6202304180642160006021994:
6202304180642300013819282:
6202304180643060004165524:
6202304180643200009296878:
6202304180643270004179472:
6202304180643300013841156:
6202304180643320013884958:
6202304180643410005271892:
6202304180643460005248396:
6202304180644010005267345:
6202304180644080008979710:
6202304180644110006022160:
6202304180644140004966750:
6202304180644170013881172:
6202304180644210005264164:
6202304180644230004967002:
6202304180644270008959322:
6202304180644310004951177:
6202304180644480008958172:
6202304180645050008516420:
6202304180645140013891828:
6202304180645350000431430:
6202304180645400004965866:
6202304180645420008683421:
6202304180645440013880034:
6202304180645480008934530:
6202304180645500005270174:
6202304180645550013961263:
6202304180645590013868631:
6202304180646010013875144:
6202304180646030008996540:
6202304180646190001088074:
6202304180646210008954400:
6202304180646280013873759:
6202304180646310008978936:
6202304180646330008982515:
6202304180646360013823369:
6202304180646380013862488:
6202304180646410008934540:
6202304180646490009343384:
6202304180646510013901925:
6202304180646570008914089:
6202304180647040007398159:
6202304180647070013837774:
6202304180647100008986998:
6202304180647120008958106:
6202304180647160008704914:
6202304180647190004928616:
6202304180647230013830139:
6202304180647290005252149:
6202304180647500013855489:
6202304180647590008917544:
6202304180648070004968761:
6202304180648090005262554:
6202304180648180008698315:
6202304180648190013877818:
6202304180648220004947445:
6202304180648350013825704:
6202304180648420006037924:
6202304180648500005268451:
6202304180648520008913988:
6202304180648550004165527:
6202304180649000013940400:
6202304180649030008969360:
6202304180649060013884148:
6202304180649100004926646:
6202304180649130008953914:
6202304180649150008986193:
6202304180649170008946732:
6202304180649200013885383:
6202304180649240013833628:
6202304180649280008960168:
6202304180649310013893677:
6202304180649340013906962:
6202304180649370004605849:
6202304180649410013826705:
6202304180649450013928774:
6202304180649480009348762:
6202304180649500009002575:
6202304180649540004975690:
6202304180649560013932124:
6202304180650000013852195:
6202304180650020008923976:
6202304180650040006040284:
6202304180650060006039510:
6202304180650090013888206:
6202304180650120008960178:
6202304180650160013845528:
6202304180650180008997793:
6202304180650210013870166:
6202304180650240005268162:
6202304180650270013967098:
6202304180650290008989437:
6202304180650310013833941:
6202304180650340008916532:
6202304180650360004976589:
6202304180650380013907138:
6202304180650400013843136:
6202304180650420004946192:
6202304180650440013821279:
6202304180650460005273379:
6202304180650490004998719:
6202304180650520013913723:
6202304180650540005272911:
6202304180650560008932260:
6202304180650580005258472:
6202304180651000008949237:
6202304180651030005253081:
6202304180651070013825583:
6202304180651110013841734:
6202304180651150004962579:
6202304180651180009323999:
6202304180651190006029988:
6202304180651220004990979:
6202304180651240008979659:
6202304180651260013972023:
6202304180651300004994575:
6202304180651340005263920:
6202304180651380007402498:
6202304180651410008958098:
6202304180651440008959338:
6202304180651470008923718:
6202304180651490008942699:
6202304180651520013836770:
6202304180651530008942699:
6202304180651560005249720:
6202304180651590004602277:
6202304180652010013882796:
6202304180652040008921659:
6202304180652070004994314:
6202304180652090008974075:
6202304180652120005264312:
6202304180652150013862182:
6202304180652170005253082:
6202304180652200013825279:
6202304180652220009234457:
6202304180652240005258230:
6202304180652260013832836:
6202304180652290009002727:
6202304180652310009347607:
6202304180652400004921563:
6202304180652440013824799:
6202304180652460004931257:
6202304180652470008679943:
6202304180652500013832058:
6202304180652520013973140:
6202304180652560013858645:
6202304180652590008501795:
6202304180653020008493092:
6202304180653040008969493:
6202304180653060005272371:
6202304180653090013823311:
6202304180653120013835665:
6202304180653130005257308:
6202304180653160013892407:
6202304180653200013928320:
6202304180653220005249653:
6202304180653240013843689:
6202304180653280013861893:
6202304180653310013905995:
6202304180653330013833648:
6202304180653350008964730:
6202304180653370013968653:
6202304180653400009304100:
6202304180653420004944745:
6202304180653440009278808:
6202304180653460004969965:
6202304180653470013862768:
6202304180653500008959817:
6202304180653510013819983:
6202304180653560008951706:
6202304180653580013857585:
6202304180654000013862818:
6202304180654030008967059:
6202304180654050013865794:
6202304180654070004936685:
6202304180654090008923933:
6202304180654110013871314:
6202304180654130013852871:
6202304180654160008949626:
6202304180654190013881904:
6202304180654220005272907:
6202304180654240006018006:
6202304180654260013820898:
6202304180654290013859775:
6202304180654310013833904:
6202304180654340005267056:
6202304180654370009226429:
6202304180654390008981626:
6202304180654410006025807:
6202304180654430013977930:
6202304180654450005254712:
6202304180654480004964878:
6202304180654500008920127:
6202304180654520013835091:
6202304180654540005258558:
6202304180654560005264726:
6202304180654590005270772:
6202304180655020013853101:
6202304180655050005249559:
6202304180655060008500142:
6202304180655080008967647:
6202304180655100009254908:
6202304180655120005272290:
6202304180655150009305918:
6202304180655170008492776:
6202304180655190007412611:
6202304180655220007395627:
6202304180655250008915469:
6202304180655280004927029:
6202304180655290005265555:
6202304180655310004159579:
6202304180655330005272103:
6202304180655350005255628:
6202304180655370013819513:
6202304180655400005265082:
6202304180655420005272190:
6202304180655450008920296:
6202304180655480005248395:
6202304180655500005261578:
6202304180655520005263444:
6202304180655540005270418:
6202304180655570004966362:
6202304180655590008954444:
6202304180656010013845097:
6202304180656040008981281:
6202304180656070005257315:
6202304180656090004165529:
6202304180656120008932537:
6202304180656140008935038:
6202304180656150008954096:
6202304180656170013876555:
6202304180656200013972063:
6202304180656220008977075:
6202304180656260013859739:
6202304180656290008994824:
6202304180656310004949833:
6202304180656330008937083:
6202304180656350009002685:
6202304180656370008968526:
6202304180656390008921772:
6202304180656410009282114:
6202304180656430013971616:
6202304180656450008921868:
6202304180656470008932264:
6202304180656500013833597:
6202304180656520008936999:
6202304180656540013972605:
6202304180656560013883726:
6202304180656590009283499:
6202304180657000008506212:
6202304180657020008717268:
6202304180657050008984882:
6202304180657080009001270:
6202304180657100005264381:
6202304180657130009233704:
6202304180657160013823989:
6202304180657180009240533:
6202304180657200008683123:
6202304180657240013873606:
6202304180657270013969550:
6202304180657290013850851:
6202304180657320008992114:
6202304180657340013934791:
6202304180657380001114611:
6202304180657400005266100:
6202304180657440008932440:
6202304180657460008976838:
6202304180657480005251358:
6202304180657500005252996:
6202304180657510004599514:
6202304180657540008717044:
6202304180657560005251361:
6202304180657580013829925:
6202304180658000008979599:
6202304180658020013860836:
6202304180658060009348543:
6202304180658090009354391:
6202304180658120008959816:
6202304180658160005270006:
6202304180658190013839515:
6202304180658210004163902:
6202304180658240008992127:
6202304180658260008942559:
6202304180658290006033720:
6202304180658320004958069:
6202304180658340004980976:
6202304180658360013880708:
6202304180658390008921067:
6202304180658420013829117:
6202304180658430008511515:
6202304180658450004952169:
6202304180658520004941773:
6202304180658540008959312:
6202304180658560008991197:
6202304180658580013913226:
6202304180659010008491998:
6202304180659030013828206:
6202304180659060009348748:
6202304180659100009273026:
6202304180659120008500889:
6202304180659140004989524:
6202304180659170004968178:
6202304180659190013821646:
6202304180659470013828262:
6202304180701020004928581:
6202304180705430004992022:
6202304181626020006014349:
6202304181626030009274874:
6202304181631010013869567:
6202304181631240013855114:
6202304181631280004968173:
6202304181631440008934530:
6202304181632000013846376:
6202304181632130005266099:
6202304181632230004966750:
6202304181632270009339837:
6202304181632300005248988:
6202304181632400008683123:
6202304181633010004967002:
6202304181633050013875018:
6202304181633090009339211:
6202304181633120013832262:
6202304181633280008918414:
6202304181633420009339834:
6202304181633450013875018:
6202304181633540013875429:
6202304181634240006021991:
6202304181634260013876555:
6202304181634580013943339:
6202304181635100008516420:
6202304181635360004930576:
6202304181637070004992307:
6202304181637560005007161:
6202304181638120007407502:
6202304181638460008987527:
6202304181638480008935038:
6202304181639580006028298:
6202304181640010004599832:
6202304181640030008958070:
6202304181640040008500142:
6202304181640110005257310:
6202304181632380009322682:
6202304181633330008703345:
6202304181634050005267343:
6202304182001510007398203:
6202304182003160005248395:
6202304182000390013936777:
6202304182000420008932952:
6202304182002080013821760:
6202304182000230013847070:
6202304182030350005252070:
6202304182001420008516420:
6202304182057330009282101:
6202304182102110009232376:
6202304182102510005248394:
6202304182102540009295615:
6202304182102570013942295:
6202304182102590005248394:
6202304182103000013942295:
6202304182103060005258489:
6202304182103090009226797:
6202304182103110013841832:
6202304182103140013863772:
6202304182103180008512216:
6202304182103200008967352:
6202304182103230004154825:
6202304182103250008699606:
6202304182103290008986229:
6202304182103310008959815:
6202304182103330004964719:
6202304182103400004923771:
6202304182103420013965843:
6202304182103450008991003:
6202304182103460008933271:
6202304182103480000442293:
6202304182103500008933271:
6202304182103510008949625:
6202304182103530013839996:
6202304182103550004163902:
6202304182103570013925407:
6202304182103590013957674:
6202304182104020008495616:
6202304182104030008934651:
6202304182104060008927874:
6202304182104080005272229:
6202304182104100005008865:
6202304182104130013943323:
6202304182104150013831945:
6202304182104180013839729:
6202304182104200013831155:
6202304182104220013842230:
6202304182104250008988469:
6202304182104270013974144:
6202304182104280008917364:
6202304182104300013904560:
6202304182104310013822202:
6202304182104330008697836:
6202304182104340013904560:
6202304182104360013901523:
6202304182104370005270417:
6202304182104390004961715:
6202304182104400005270417:
6202304182104420013841092:
6202304182104440013856328:
6202304182104450013850962:
6202304182104480013840243:
6202304182104570008496310:
6202304182104580008694659:
6202304182105000009000048:
6202304182105030008496310:
6202304182105050013828738:
6202304182105070008915275:
6202304182105090008503171:
6202304182105110004989073:
6202304182105130013832044:
6202304182105140008954144:
6202304182105160013955708:
6202304182105180005249645:
6202304182105200004162433:
6202304182105220008977159:
6202304182105250008492636:
6202304182105270007402194:
6202304182105340013964166:
6202304182105360008503339:
6202304182105390013918530:
6202304182105410008915538:
6202304182105430013863115:
6202304182105440003920040:
6202304182106360004951327:
6202304182108450004162135:
6202304182203370007402498:
8202304180630190008988241:
8202304180635530007398203:
8202304180636190007396382:
8202304180637450006015165:
8202304180641150006028957:
8202304180641170004159570:
8202304180642250004936058:
8202304180643040004965170:
8202304180643090008500626:
8202304180643160005248457:
8202304180644120004154153:
8202304180644380005264374:
8202304180644510004154147:
8202304180645580006032924:
8202304180646010008504234:
8202304180646230004973514:
8202304180647110008677903:
8202304180647480008978067:
8202304180648070013862184:
8202304180648100013859747:
8202304180648110008998170:
8202304180648190008949319:
8202304180648370009000168:
8202304180648480008932027:
8202304180648520008494427:
8202304180649000013849429:
8202304180649120013835023:
8202304180649210008917728:
8202304180649310008966279:
8202304180649350004605843:
8202304180649370004990686:
8202304180649450005265078:
8202304180649530008506766:
8202304180650070013956461:
8202304180650200009324118:
8202304180650220013820751:
8202304180650300013954643:
8202304180650330000424167:
8202304180650370008973963:
8202304180650400008960159:
8202304180651070013828533:
8202304180651090013970126:
8202304180651240005270720:
8202304180651280005263919:
8202304180651330005006315:
8202304180651360008942591:
8202304180651420009327620:
8202304180651450008997409:
8202304180651580009299920:
8202304180652100004927575:
8202304180652130001087543:
8202304180652180008953371:
8202304180652210008986773:
8202304180652220004963091:
8202304180652260003126145:
8202304180652280008511681:
8202304180652320008975399:
8202304180652350009326600:
8202304180652370009324605:
8202304180652390008991964:
8202304180652410009252994:
8202304180652430009296645:
8202304180652450009339817:
8202304180652480008967379:
8202304180652510013861447:
8202304180652520013962667:
8202304180652550004991542:
8202304180652570008711197:
8202304180653000008937078:
8202304180653030005251017:
8202304180653040008966810:
8202304180653060004169060:
8202304180653070013837437:
8202304180653110004163900:
8202304180653130013866845:
8202304180653150007409900:
8202304180653170013875080:
8202304180653200009351823:
8202304180653220002851459:
8202304180653240004990375:
8202304180653260009341742:
8202304180653290004974233:
8202304180653300013843067:
8202304180653320013873081:
8202304180653350008916557:
8202304180653370013847070:
8202304180653470008990956:
8202304180653540004929419:
8202304180653580005250568:
8202304180654000008918431:
8202304180654020004963073:
8202304180654070009288870:
8202304180654090004987744:
8202304180654110008918566:
8202304180654130008964309:
8202304180654150008501835:
8202304180654190009002606:
8202304180654220008953473:
8202304180654240004935891:
8202304180654260008998203:
8202304180654280005255712:
8202304180654310004968208:
8202304180654330005257309:
8202304180654360008997444:
8202304180654370004972892:
8202304180654400008933249:
8202304180654420013823792:
8202304180654470008973819:
8202304180654490013858940:
8202304180654530008512783:
8202304180654560008950897:
8202304180654580007401131:
8202304180655000013832985:
8202304180655050013920594:
8202304180655080005251020:
8202304180655090008944551:
8202304180655110005259965:
8202304180655130008511222:
8202304180655150004965343:
8202304180655160005271886:
8202304180655180009295454:
8202304180655200008916697:
8202304180655210009301802:
8202304180655230013951727:
8202304180655260009226817:
8202304180655300008708048:
8202304180655340003126360:
8202304180655370009247696:
8202304180655390006036994:
8202304180655410009243147:
8202304180655430005273785:
8202304180655450009351768:
8202304180655470004990107:
8202304180655510006028799:
8202304180655580005259619:
8202304180656060013826883:
8202304180656120013864767:
8202304180656230009250787:
8202304180656240013872518:
8202304180656280008942542:
8202304180656360009352010:
8202304180656440005261060:
8202304180656460007407459:
8202304180656550009002572:
8202304180657020013826157:
8202304180657050008917514:
8202304180657070008710875:
8202304180657090009246202:
8202304180657100004953650:
8202304180657110008933930:
8202304180657130005264170:
8202304180657140004164864:
8202304180657160005273381:
8202304180657170008494267:
8202304180657190005266871:
8202304180657210008925084:
8202304180657230013868438:
8202304180657240008499471:
8202304180657260013835463:
8202304180657270005254534:
8202304180657290009234249:
8202304180657300004953437:
8202304180657320004972482:
8202304180657350005262048:
8202304180657370000424146:
8202304180657400000431385:
8202304180657450004957428:
8202304180657490008703693:
8202304180658130005251556:
8202304180658200008921827:
8202304180658370004981013:
8202304180658410004967900:
8202304180658430004931925:
8202304180658490008975084:
8202304180658560009253842:
8202304180658580008960412:
8202304180659470006010458:
8202304180659490013866549:
8202304180659510013855114:
8202304180700020008499867:
8202304180701590007401654:
8202304180702010013862551:
8202304180702070005252028:
8202304180705030008974060:
8202304181631200013956461:
8202304181633470009352010:
8202304181633490006036336:
8202304181634240013871746:
8202304182013350005004848:
8202304182013390005262048:

