2202112230733490004972793:
2202112230733540005269999:
2202112230734320004993595:
2202112230734490008497657:
2202112230738270004929937:
2202112230740400004924346:
2202112230742480009307295:
2202112230743360008677773:
2202112230743460004958379:
2202112230743480009283296:
2202112230744090005270773:
2202112230744480004958165:
2202112230744500006021875:
2202112230744540008503198:
2202112230745431513646659:
2202112230746550004604850:
2202112230747000006022439:
2202112230747040004605848:
2202112230747510009297569:
2202112230748000004981261:
2202112230748020005252072:
2202112230748090005255715:
2202112230748240005273382:
2202112230748360005272372:
2202112230748510004947963:
2202112230749010005272910:
2202112230749370004933649:
2202112230749500004966050:
2202112230749540007398914:
2202112230749570004967967:
2202112230750010009253739:
2202112230750030004960782:
2202112230750090008698044:
2202112230750150004972764:
2202112230750170005272115:
2202112230750200005252356:
2202112230750230005268448:
2202112230750290004968394:
2202112230750310009300596:
2202112230750330006751664:
2202112230750350004952773:
2202112230750540004923548:
2202112230750560009290365:
2202112230750570004922875:
2202112230750590005258530:
2202112230751010007402500:
2202112230751030006037287:
2202112230751050008716113:
2202112230751070004941773:
2202112230751180004992022:
2202112230751220004940674:
2202112230751240007421690:
2202112230751270006030135:
2202112230751310005254710:
2202112230751330004989232:
2202112230751340005268169:
2202112230751370009226393:
2202112230751400005258213:
2202112230751410005271889:
2202112230751430005267474:
2202112230751450009286624:
2202112230751470005251352:
2202112230751500004599831:
2202112230751530004605846:
2202112230751580009326618:
2202112230752110004165756:
2202112230752130004963073:
2202112230752170009226393:
2202112230752240009276489:
2202112230752260003137754:
2202112230752280006029990:
2202112230752290005267343:
2202112230752320005270182:
2202112230752340004981546:
2202112230752360001079879:
2202112230752430004937490:
2202112230752460005258468:
2202112230752510006033000:
2202112230752530008694944:
2202112230752550008679943:
2202112230752560008429638:
2202112230752580005270174:
2202112230753000008706494:
2202112230753010006037924:
2202112230753030004167850:
2202112230753060005266871:
2202112230753070008697836:
2202112230753090004968004:
2202112230753110005257308:
2202112230753140008709369:
2202112230753150005270839:
2202112230753190004596350:
2202112230753230004167851:
2202112230753240004963659:
2202112230753260008497463:
2202112230753280005249648:
2202112230753300004997665:
2202112230753320006022852:
2202112230753350004935186:
2202112230753370004963035:
2202112230753390005265313:
2202112230753430009226826:
2202112230753440005012521:
2202112230753470004994314:
2202112230753510004165890:
2202112230753530005004322:
2202112230753550004605843:
2202112230753570005267724:
2202112230753590005272914:
2202112230754010009281193:
2202112230754030008710216:
2202112230754040007421743:
2202112230754080000431412:
2202112230754090007421743:
2202112230754110004165753:
2202112230754130008493286:
2202112230754140004967416:
2202112230754160008506912:
2202112230754180008512059:
2202112230754200005248396:
2202112230754210006030145:
2202112230754230009276908:
2202112230754250004980727:
2202112230754270004933902:
2202112230754290008709061:
2202112230754310006029988:
2202112230754320004957428:
2202112230754340009325535:
2202112230754350005268167:
2202112230754370004982114:
2202112230754390004964407:
2202112230754410004968592:
2202112230754430005270720:
2202112230754450009313676:
2202112230754460004923016:
2202112230754480004605847:
2202112230754500006021994:
2202112230754510008492776:
2202112230754520009252984:
2202112230754540004991528:
2202112230754560005273376:
2202112230754570005263919:
2202112230754580004948585:
2202112230755000004929491:
2202112230755020005272112:
2202112230755040005248880:
2202112230755050007414082:
2202112230755070004159573:
2202112230755100008681883:
2202112230755110005248387:
2202112230755140009284157:
2202112230755160005248457:
2202112230755170009352010:
2202112230755190004604853:
2202112230755210004948881:
2202112230755260005263922:
2202112230755290005258556:
2202112230755310004966591:
2202112230755320009226412:
2202112230755340005257309:
2202112230755360008507829:
2202112230755370009226412:
2202112230755391513631101:
2202112230755410004973922:
2202112230755440004167848:
2202112230755470004975477:
2202112230755490004956498:
2202112230755530004968544:
2202112230755540009322682:
2202112230755560005267056:
2202112230755580008494201:
2202112230756000005248458:
2202112230756020004157151:
2202112230756040005270006:
2202112230756060007407459:
2202112230756070005254540:
2202112230756090005271892:
2202112230756110009302534:
2202112230756130005258553:
2202112230756150008701527:
2202112230756170008496310:
2202112230756180004967379:
2202112230756190004943327:
2202112230756210005251355:
2202112230756210005272907:
2202112230756240005248394:
2202112230756260005249654:
2202112230756280005252032:
2202112230756290008500401:
2202112230756310008696388:
2202112230756330005255627:
2202112230756340005265081:
2202112230756360005272110:
2202112230756380005253082:
2202112230756400004162433:
2202112230756410004961532:
2202112230756430005010841:
2202112230756440009314286:
2202112230756460008506766:
2202112230756470004167844:
2202112230756490004165757:
2202112230756500008492705:
2202112230756520005267723:
2202112230756570009344566:
2202112230756580004936557:
2202112230757000006039130:
2202112230757020009344566:
2202112230757030005005263:
2202112230757050005262067:
2202112230757060005258216:
2202112230757080006023662:
2202112230757090005267473:
2202112230757110005268165:
2202112230757120005263970:
2202112230757140005270772:
2202112230757160005250646:
2202112230757170005273785:
2202112230757200004165891:
2202112230757220008494333:
2202112230757230009343592:
2202112230757250004928175:
2202112230757260004161986:
2202112230757280009339828:
2202112230757290006020192:
2202112230757300009293911:
2202112230757320008711249:
2202112230757330005268449:
2202112230757350005272190:
2202112230757370009340824:
2202112230757400005264544:
2202112230757420005272292:
2202112230757440005250644:
2202112230757460004954665:
2202112230757480009297664:
2202112230757490004990085:
2202112230757520005263977:
2202112230757550004931193:
2202112230757560004975875:
2202112230757580005254539:
2202112230758000009246193:
2202112230758010008680442:
2202112230758030005249650:
2202112230758070005252076:
2202112230758080009275335:
2202112230758100004980976:
2202112230758120006036336:
2202112230758130005249650:
2202112230758150009226391:
2202112230758160005258488:
2202112230758180008492480:
2202112230758190004160311:
2202112230758200004930389:
2202112230758220005248878:
2202112230758230004948548:
2202112230758250004921669:
2202112230758260004993146:
2202112230758280004158333:
2202112230758300004165755:
2202112230758320005265082:
2202112230758330004167846:
2202112230758350002851478:
2202112230758370009330833:
2202112230758390005273787:
2202112230758400004921669:
2202112230758410005254716:
2202112230758430004921380:
2202112230758450004929235:
2202112230758470005006768:
2202112230758480008511510:
2202112230758500005272317:
2202112230758510004941508:
2202112230758530005009382:
2202112230758540005264163:
2202112230758560007402482:
2202112230758570005272908:
2202112230758590004178213:
2202112230759040009247696:
2202112230759070005006958:
2202112230759090006021991:
2202112230759110009339524:
2202112230759120008499471:
2202112230759150005252355:
2202112230759170008500493:
2202112230759200004953182:
2202112230759220004976407:
2202112230759230005257313:
2202112230759250008516772:
2202112230759260008688253:
2202112230759280005006528:
2202112230759290009305260:
2202112230759310005265558:
2202112230759330006036993:
2202112230759350004995116:
2202112230759370004930162:
2202112230759390005272807:
2202112230759410005254538:
2202112230759420005264727:
2202112230759440009336990:
2202112230759450009292116:
2202112230759470008492065:
2202112230759490005258221:
2202112230759500008500889:
2202112230759520004966802:
2202112230759540008424093:
2202112230759580009230812:
2202112230800000003132773:
2202112230800030008512859:
2202112230800060005268444:
2202112230800080008499149:
2202112230800090008709393:
2202112230800110004982680:
2202112230800120004602281:
2202112230800140004970618:
2202112230800150006024859:
2202112230800180005249653:
2202112230800190005251013:
2202112230800210005008846:
2202112230800220005254536:
2202112230800250008500312:
2202112230800270004948851:
2202112230800280005257615:
2202112230800300004605852:
2202112230800310006020195:
2202112230800330009234089:
2202112230800350009346020:
2202112230800370009253846:
2202112230800390008686663:
2202112230800400005251020:
2202112230800420004990375:
2202112230800430004161991:
2202112230800450008701274:
2202112230800460009279481:
2202112230800480009232653:
2202112230800500006016090:
2202112230800510009339144:
2202112230800530008713215:
2202112230800540004947445:
2202112230800560004939835:
2202112230800570008714113:
2202112230800590009254002:
2202112230801010005272917:
2202112230801070009348543:
2202112230801080005257613:
2202112230801100004998055:
2202112230801120009309829:
2202112230801140005272195:
2202112230801220004968886:
2202112230801250008426248:
2202112230801300002851465:
2202112230801320009281928:
2202112230801350002851443:
2202112230801380004960160:
2202112230801400005271883:
2202112230801440004937089:
2202112230801470008504041:
2202112230801480006009777:
2202112230801500005272192:
2202112230801520009331842:
2202112230801530006028451:
2202112230801550005271884:
2202112230801570004938474:
2202112230802000004996445:
2202112230802030004967590:
2202112230802050006017488:
2202112230802070009339837:
2202112230802100004929713:
2202112230802270005268450:
2202112230802300004596343:
2202112230802320008697063:
2202112230802390004929645:
2202112230802410005249705:
2202112230802440004953953:
2202112230802470004958690:
2202112230802540006022160:
2202112230802560008696238:
2202112230802570005264164:
2202112230802580004968555:
2202112230803010005254715:
2202112230803030006036505:
2202112230803050004935891:
2202112230803070004966490:
2202112230803110009291663:
2202112230803280006041715:
2202112230803310005264720:
2202112230803360009307388:
2202112230803390006036876:
2202112230803420008510378:
2202112230803480009230815:
2202112230803530004964719:
2202112230803590009339834:
2202112230804010006015460:
2202112230804030004991241:
2202112230804040005271886:
2202112230804060004936854:
2202112230804120004929270:
2202112230804150005255716:
2202112230804270004604855:
2202112230804290009234240:
2202112230804320008494964:
2202112230804430006042873:
2202112230804530005252020:
2202112230804560004599827:
2202112230805030007395592:
2202112230805280008495616:
2202112230805310004927120:
2202112230805330004159580:
2202112230805410009290264:
2202112230805580004969598:
2202112230806140005251022:
2202112230806200004936413:
2202112230806310008698795:
2202112230806470008505663:
2202112230806510004923617:
2202112230806550008508219:
2202112230807070006019315:
2202112230807130009298223:
2202112230807290009282101:
2202112230807310009339803:
2202112230807460007422489:
2202112230807500009274443:
2202112230807520006041103:
2202112230807540004955828:
2202112230807550004967606:
2202112230807580008498988:
2202112230808000004975841:
2202112230808050005251353:
2202112230808240008506632:
2202112230808380009226392:
2202112230808460004967312:
2202112230808570005252147:
2202112230809470005257618:
2202112230809520007407502:
2202112230810090006027540:
2202112230810230004947107:
2202112230812480008703345:
2202112230813170009274874:
2202112230814000009226433:
2202112230814070004975069:
2202112230814240009339824:
2202112230816250006014349:
2202112230816400005262497:
2202112230816550008502364:
2202112230820270004985430:
2202112230821260005267475:
2202112230824510009309504:
2202112230824540004160309:
2202112230825580008712416:
2202112230853070007411315:
2202112230854220009310727:
2202112230919440009290471:
2202112231015490006042277:
2202112231524360008712416:
2202112231613390007421210:
2202112231715280008694944:
2202112231719390005254538:
2202112231803560005262048:
2202112231805280004985430:
2202112231831020009241075:
2202112231900050009275335:
2202112231902500005257613:
2202112231903060005257615:
2202112231903110005257613:
2202112231904360008510378:
2202112231908410005255711:
2202112231914390004995116:
2202112231916440004963659:
2202112231952540006009777:
2202112231957070005271889:
2202112231959110005271884:
2202112231959290001083110:
2202112231959350005258468:
2202112232000030004604855:
2202112232000050005268165:
2202112232000120002851478:
2202112232000280005249648:
2202112232000370005272317:
2202112232000420009253997:
2202112232000450004599831:
2202112232000470009279709:
2202112232000510005257309:
2202112232000530006037287:
2202112232000550005266871:
2202112232000570005012521:
2202112232000590004975875:
2202112232001010006029988:
2202112232001030007411321:
2202112232001050008692450:
2202112232001060006029988:
2202112232001080004941773:
2202112232001100005008846:
2202112232001110006029990:
2202112232001130004958690:
2202112232001140000431412:
2202112232001160008506597:
2202112232001170000431412:
2202112232001190005269999:
2202112232001250005265558:
2202112232001260000431412:
2202112232001280009279481:
2202112232001290005269999:
2202112232001310008517932:
2202112232001330004960160:
2202112232001350009276908:
2202112232001380006030135:
2202112232001400009276908:
2202112232001420004990085:
2202112232001430004960160:
2202112232001460004954665:
2202112232001480005251355:
2202112232001500004997809:
2202112232001520006016090:
2202112232001540009297664:
2202112232001560009283296:
2202112232001570005250644:
2202112232001590009297664:
2202112232002030009283296:
2202112232002040005250644:
2202112232002060005249653:
2202112232002080007407739:
2202112232002110009276680:
2202112232002120005252356:
2202112232002140005249653:
2202112232002170005255627:
2202112232002180004930389:
2202112232002200007402500:
2202112232002220005263969:
2202112232002240008495616:
2202112232002250009236809:
2202112232002270009297569:
2202112232002300004967967:
2202112232002310009330833:
2202112232002350005004855:
2202112232002360005265081:
2202112232002380005270772:
2202112232002400004972171:
2202112232002420004921669:
2202112232002430004972793:
2202112232002450004963035:
2202112232002470004947445:
2202112232002490008429638:
2202112232002500004969726:
2202112232002530004967967:
2202112232002540008429638:
2202112232002560004162433:
2202112232002570008493286:
2202112232002590006021875:
2202112232003000008676811:
2202112232003020005248597:
2202112232003030008702320:
2202112232003050008517932:
2202112232003070005254540:
2202112232003090006751664:
2202112232003100004964719:
2202112232003120004160314:
2202112232003140004966986:
2202112232003160004950937:
2202112232003180004922969:
2202112232003190004965814:
2202112232003230008510716:
2202112232003250004964719:
2202112232003270004968208:
2202112232003280004968004:
2202112232003300004966986:
2202112232003310005012946:
2202112232003350004605842:
2202112232003370005257308:
2202112232003380009326618:
2202112232003400004940674:
2202112232003420009340824:
2202112232003440009326618:
2202112232003460004995938:
2202112232003480007402523:
2202112232003530004992022:
2202112232003560004921669:
2202112232003590004966761:
2202112232004000004927329:
2202112232004050004966761:
2202112232004070008493750:
2202112232004090004922029:
2202112232004110008512216:
2202112232004160005272110:
2202112232004240004957738:
2202112232004280008512216:
2202112232004300005272110:
2202112232004320005005056:
2202112232004350005006101:
2202112232004370004975166:
2202112232004390005256328:
2202112232004410009226440:
2202112232004450009321395:
2202112232004520004967073:
2202112232005030004967585:
2202112232005110004992723:
2202112232005130004980727:
2202112232005150009246193:
2202112232005170004937390:
2202112232005180004990401:
2202112232005200009226412:
2202112232005220005252072:
2202112232005260005266259:
2202112232005280005262501:
2202112232005300006033090:
2202112232005310004957545:
2202112232005330004159572:
2202112232005370009347607:
2202112232005390009232378:
2202112232005410004930090:
2202112232005440004922875:
2202112232005470005272316:
2202112232005540005273382:
2202112232005570005270773:
2202112232006020005272371:
2202112232006040005270773:
2202112232006070004961404:
2202112232006100007401654:
2202112232006120005254714:
2202112232006140009346707:
2202112232006170004969384:
2202112232006190004970618:
2202112232006200004960782:
2202112232006220009293911:
2202112232006250008701083:
2202112232006290004993146:
2202112232006320009351308:
2202112232006370008492705:
2202112232006400005249710:
2202112232006460005267473:
2202112232006500009305457:
2202112232007010004975531:
2202112232007330009309504:
2202112232007550004931193:
2202112232008380008506632:
2202112232009190004968555:
2202112232009520004966802:
2202112232009540009226392:
2202112232012070005272109:
2202112232012150004968592:
2202112232012310008509836:
2202112232012480008500312:
2202112232015080008698044:
2202112232016580005267343:
2202112232009220005257313:
2202112232009270009226393:
2202112232009340008686663:
2202112232009400004981261:
2202112232009430004604853:
2202112232009470001079879:
2202112232009490005251352:
2202112232010440009252984:
2202112232013180009286624:
2202112232013190005265313:
2202112232013210005272372:
2202112232100190005272192:
2202112232105560009322682:
2202112232106230004938474:
2202112232108330005271883:
2202112232113100004939835:
2202112232159260005270839:
2202112232159280004932359:
2202112232200000004924346:
2202112232200020005248387:
2202112232200040005255716:
2202112232200050008503915:
2202112232200070005270839:
2202112232200080004604850:
2202112232200100005255716:
2202112232200110009314286:
2202112232200180008681883:
2202112232200200009314286:
2202112232200210008681883:
2202112232200230008503915:
2202112232200250005270839:
2202112232200270004165757:
2202112232200300005249650:
2202112232200330004997665:
2202112232200360004165757:
2202112232200380008701527:
2202112232200410005263922:
2202112232200430004604850:
2202112232200440009307295:
2202112232200460005263922:
2202112232200470009307295:
2202112232200490004997665:
2202112232200500008709369:
2202112232200520005272807:
2202112232200530005255715:
2202112232200550004958069:
2202112232200570004605848:
2202112232200590004996445:
2202112232201010005268446:
2202112232201020008709061:
2202112232201040008497657:
2202112232201050005272908:
2202112232201070008709061:
2202112232201080008497657:
2202112232201110005252147:
2202112232201170004996134:
2202112232201200004991241:
2202112232201240009348543:
2202112232201280004979341:
2202112232201320009339828:
2202112232201340004596346:
2202112232201350004604852:
2202112232201380009226447:
2202112232201410004975069:
2202112232201540005271892:
2202112232201560005252073:
2202112232201590006039130:
2202112232202010005004322:
2202112232203300004998074:
2202112232204080007421743:
2202112232204340005264163:
2202112232205150009354391:
2202112232205460004975255:
2202112232206560004923771:
2202112232251190009300596:
2202112232251210004966050:
2202112232251280008512059:
2202112232251400008494333:
2202112232251440007398914:
2202112232251500005268444:
2202112232251520007398914:
2202112232257580009282101:
2202112232300360005252070:
2202112232300500008716113:
2202112232303200009339144:
2202112232303290004968173:
2202112232304230005248394:
2202112232316560009339824:
3202112230733100005271888:
3202112230733560006031524:
3202112230736410004974136:
3202112230740140004968173:
3202112230740340008513325:
3202112230741550008501288:
3202112230741590005271887:
3202112230742200008503303:
3202112230742460005272315:
3202112230744080005250571:
3202112230744410005252018:
3202112230744430009234248:
3202112230744450005250568:
3202112230744500005258215:
3202112230744540008497634:
3202112230745040005264920:
3202112230745320001099428:
3202112230745410008707911:
3202112230745570008692290:
3202112230746410009234458:
3202112230746560004926955:
3202112230746570004949140:
3202112230747060004604851:
3202112230747470005004742:
3202112230747530005251358:
3202112230747590004602277:
3202112230748010005258551:
3202112230748060009301802:
3202112230748230008687514:
3202112230748360009335560:
3202112230748590005263972:
3202112230749290009323446:
3202112230749370006028957:
3202112230749400006039016:
3202112230749440009295891:
3202112230749460004998074:
3202112230749490004988205:
3202112230749540004162160:
3202112230749590008708048:
3202112230750030005011155:
3202112230750070004975787:
3202112230750530005263714:
3202112230751160008697764:
3202112230751190009339930:
3202112230751230004957118:
3202112230751500009322602:
3202112230751530008689944:
3202112230751550004969304:
3202112230751570005265851:
3202112230751590009275492:
3202112230752070005250572:
3202112230752110005249713:
3202112230752160004945980:
3202112230752180008689944:
3202112230752210004923548:
3202112230752350004965502:
3202112230752380004986730:
3202112230752400004970930:
3202112230752420004962972:
3202112230752520006030480:
3202112230753150009252970:
3202112230753340009324637:
3202112230753360008680900:
3202112230753390009306586:
3202112230753400005006315:
3202112230753430009339225:
3202112230753460005254707:
3202112230753540004932608:
3202112230753560005001262:
3202112230753580009253995:
3202112230754000005257311:
3202112230754070004935446:
3202112230754090009326626:
3202112230754120005252069:
3202112230754130004986942:
3202112230754150004949833:
3202112230754290009336959:
3202112230754370009343149:
3202112230754410008691341:
3202112230754440005255676:
3202112230754470009348776:
3202112230754490004931925:
3202112230754520006018008:
3202112230754540005267344:
3202112230754580005266872:
3202112230755000004933136:
3202112230755040004942841:
3202112230755060006039497:
3202112230755080009327615:
3202112230755100005264728:
3202112230755130005250566:
3202112230755160005252070:
3202112230755180009300618:
3202112230755210005258558:
3202112230755260008717268:
3202112230755290009342978:
3202112230755340008698121:
3202112230755430008686117:
3202112230755460005008358:
3202112230755470005252021:
3202112230755490005265556:
3202112230755510005008358:
3202112230755560007418333:
3202112230755580005248597:
3202112230756010008680280:
3202112230756040005270075:
3202112230756130005272112:
3202112230756160005262094:
3202112230756170008693892:
3202112230756190009339802:
3202112230756210008518736:
3202112230756230009354581:
3202112230756280008499165:
3202112230756320005248457:
3202112230756410004953650:
3202112230756530004952471:
3202112230756560009354349:
3202112230757000004999443:
3202112230757050009351758:
3202112230757090004990953:
3202112230757170004989794:
3202112230757220004993672:
3202112230757240005248458:
3202112230757250009321321:
3202112230757270005271892:
3202112230757370005248596:
3202112230757400005249720:
3202112230757430008504091:
3202112230757470004942040:
3202112230757490009233695:
3202112230757510004988079:
3202112230757530009233695:
3202112230757550004927539:
3202112230757570009324879:
3202112230757590006041721:
3202112230758020004928640:
3202112230758050009308083:
3202112230758070008690203:
3202112230758140008699992:
3202112230758160005271893:
3202112230758290005271891:
3202112230758340005248460:
3202112230758390005261060:
3202112230758420005248876:
3202112230758430004929202:
3202112230758450004604856:
3202112230758470004161986:
3202112230758510008677829:
3202112230758560006039974:
3202112230759130005259624:
3202112230759160008703693:
3202112230759210008495468:
3202112230759260009226952:
3202112230759270008698315:
3202112230759330004966178:
3202112230800050009286996:
3202112230800180005258225:
3202112230800400005254706:
3202112230801000005264727:
3202112230801260005262501:
3202112230801290005255416:
3202112230801350005258486:
3202112230801520004949239:
3202112230802570009331842:
3202112230804200003126147:
3202112230804400005250569:
3202112230805100006015460:
3202112230846410005248393:
3202112231301210008503303:
3202112231700150009348748:
3202112231706190009286996:
3202112231710290004998055:
3202112231801440006023662:
3202112231859140008703693:
3202112231900180005250646:
3202112231901270005254537:
3202112231903420008686117:
3202112231903580005255674:
3202112231904140008500889:
3202112231905180009339225:
3202112231905290009343567:
3202112231909580008499556:
3202112231911470009254000:
3202112231959200009342954:
3202112232000010005008846:
3202112232000020004975477:
3202112232000040009339802:
3202112232000060005263967:
3202112232000080004161986:
3202112232000100005265558:
3202112232000120004926955:
3202112232000130008689944:
3202112232000150005252022:
3202112232000160004926955:
3202112232000180008709488:
3202112232000190003132773:
3202112232000210004986730:
3202112232000220009323446:
3202112232000240008687514:
3202112232000270004966362:
3202112232000290005248876:
3202112232000310009343149:
3202112232000320008518736:
3202112232000340009348776:
3202112232000360005269401:
3202112232000370000424146:
3202112232000390004935446:
3202112232000430005262094:
3202112232000450008513325:
3202112232000460005264727:
3202112232000480009233695:
3202112232000500005252069:
3202112232000520004937930:
3202112232000540009324879:
3202112232000590005254542:
3202112232001010004986942:
3202112232001030008498188:
3202112232001060008710875:
3202112232001090009354349:
3202112232001100008693920:
3202112232001120008710216:
3202112232001140008693892:
3202112232001160009280051:
3202112232001170005263716:
3202112232001200005264728:
3202112232001210008710216:
3202112232001230004990107:
3202112232001270005255676:
3202112232001280006018008:
3202112232001360008711249:
3202112232001380006018008:
3202112232001390005248597:
3202112232001410009327615:
3202112232001430005268449:
3202112232001450005264377:
3202112232001480008501288:
3202112232001500003137991:
3202112232001540005249720:
3202112232001570004162162:
3202112232002000004928640:
3202112232002020005259624:
3202112232002030009309829:
3202112232002060005011155:
3202112232002080005009382:
3202112232002090005252018:
3202112232002110005252020:
3202112232002140008497634:
3202112232002240008502189:
3202112232002260009230812:
3202112232002430008698121:
3202112232002470004988205:
3202112232002490005008358:
3202112232002510009352010:
3202112232002530005008358:
3202112232002540005251020:
3202112232002560005007370:
3202112232003000004981546:
3202112232003100006028957:
3202112232003130004930162:
3202112232003160009346020:
3202112232003400008680900:
3202112232003480009325535:
3202112232003490005252675:
3202112232003570009283931:
3202112232004040005258486:
3202112232004100005258551:
3202112232004120009324879:
3202112232004200004940881:
3202112232004280005258221:
3202112232004310006028451:
3202112232004350004980976:
3202112232004400004942841:
3202112232004430005001068:
3202112232004490008677829:
3202112232004560005264378:
3202112232005120007395592:
3202112232005240005250571:
3202112232005480004974136:
3202112232005520007421690:
3202112232006110008715839:
3202112232006320008492410:
3202112232006430009308083:
3202112232006580008679943:
3202112232007030003918790:
3202112232007220004929235:
3202112232007320004602277:
3202112232008310005004742:
3202112232010040005005263:
3202112232010160004966591:
3202112232016080004935107:
3202112232102320008701274:
3202112232102350008702698:
3202112232109040009275492:
3202112232124590008677773:
3202112232139110009351758:
3202112232158070008698315:
3202112232158180008495468:
3202112232158200004965502:
3202112232158250005258559:
3202112232158270009226952:
3202112232158300004948881:
3202112232158310009351768:
3202112232159010004975787:
3202112232159030004923548:
3202112232159060009252970:
3202112232159080005250568:
3202112232159100004952471:
3202112232159130005263972:
3202112232159260009331842:
3202112232159320009324637:
3202112232200000004988079:
3202112232200020005272187:
3202112232200050005271892:
3202112232200070005265556:
3202112232200100008691341:
3202112232200110008699992:
3202112232200130005272112:
3202112232200140004927539:
3202112232200160004604856:
3202112232200170009300618:
3202112232200190005258558:
3202112232200230005263714:
3202112232200250005250566:
3202112232200280005264920:
3202112232200310008714113:
3202112232200320005254715:
3202112232200350008717268:
3202112232200370005250572:
3202112232200390005248596:
3202112232200410005249705:
3202112232200440005271891:
3202112232200460005257314:
3202112232200480005249713:
3202112232200500009354582:
3202112232200520004965170:
3202112232200530009335560:
3202112232200560004949239:
3202112232200570005265851:
3202112232200590005271893:
3202112232201010004158333:
3202112232201030004931925:
3202112232201040008506766:
3202112232201060006039541:
3202112232201070009234458:
3202112232201090006039497:
3202112232201100008690203:
3202112232201120006039541:
3202112232201130004942040:
3202112232201150004990953:
3202112232201160005248458:
3202112232201180009321321:
3202112232201200005267344:
3202112232201220004987910:
3202112232201240005263920:
3202112232201260004999443:
3202112232201280009234248:
3202112232201300009322602:
3202112232201330004933136:
3202112232201350008492065:
3202112232201370005263924:
3202112232201390005250567:
3202112232201400004970930:
3202112232201420008698795:
3202112232201430008707911:
3202112232201460005250569:
3202112232201480009284157:
3202112232201500006039016:
3202112232201530004998074:
3202112232201550009343593:
3202112232201560007418333:
3202112232201580004998074:
3202112232202000006041721:
3202112232202030005248460:
3202112232202050004993672:
3202112232202080008499165:
3202112232202130004929202:
3202112232202230004965754:
3202112232202370004996481:
3202112232202400009230815:
3202112232202420008680280:
3202112232202510004165753:
3202112232202530008498021:
3202112232202550006020195:
3202112232202570008680442:
3202112232202590008494201:
3202112232203040008692290:
3202112232203060004604851:
3202112232203080008697764:
3202112232203100005273785:
3202112232203190008696388:
3202112232203270004973922:
3202112232204590005251360:
3202112232205070004989794:
3202112232207110008688253:
3202112232209100005263977:
3202112232207520005271888:
3202112232208020004968472:
3202112232208060005251358:
3202112232254540009300590:
3202112232255000004936854:
3202112232255040005272291:
3202112232256510005262497:
3202112232257520004964545:
3202112232258020005265078:
3202112232259230006039974:
3202112232300010006015460:
3202112232300020005252027:
3202112232300040008507829:
3202112232300050005263919:
3202112232300070008716113:
3202112232300080005254706:
3202112232300100008499471:
3202112232300110004969304:
3202112232300170005006315:
3202112232300180005258215:
3202112232300200004923617:
3202112232300220004949140:
3202112232300240005258213:
3202112232300290005001262:
3202112232301110009343592:
3202112232301130005266257:
3202112232301150004164864:
3202112232301170009339817:
3202112232301190009342997:
3202112232301210004974233:
3202112232301230004953650:
3202112232301360005254424:
3202112232301490003137754:
4202112230734260008519041:
4202112230735200009241075:
4202112230743150005267444:
4202112230743180004936293:
4202112230743210005267444:
4202112230743320005254930:
4202112230744160009234486:
4202112230745180001087543:
4202112230745210008445656:
4202112230747080005257312:
4202112230747130005001511:
4202112230747490005264545:
4202112230747520005272194:
4202112230748330004974233:
4202112230748380007398203:
4202112230749380008504234:
4202112230749420007396382:
4202112230749450009324572:
4202112230750070005258557:
4202112230750310005272189:
4202112230750340005258557:
4202112230750370000431430:
4202112230751000009339818:
4202112230751160005257315:
4202112230751180006015165:
4202112230751200004951868:
4202112230751220007407499:
4202112230751440005252017:
4202112230751530004989259:
4202112230751580004962411:
4202112230752150004929419:
4202112230752230004927575:
4202112230752250005264311:
4202112230752260005251015:
4202112230752280004967900:
4202112230752300005268168:
4202112230752350004990686:
4202112230752360005272226:
4202112230752390009234249:
4202112230752410004161989:
4202112230752430005272113:
4202112230752460005258531:
4202112230752500008493340:
4202112230752520008695597:
4202112230753080008690224:
4202112230753100005254710:
4202112230753160005272116:
4202112230753180004162428:
4202112230753240004981013:
4202112230753390000424167:
4202112230753420003137754:
4202112230754180009346340:
4202112230754200009324118:
4202112230754220009338161:
4202112230754240004981546:
4202112230754260005251017:
4202112230754280004935638:
4202112230754320005249712:
4202112230754370005249711:
4202112230754440009283323:
4202112230754480004996716:
4202112230754530009342997:
4202112230754570004966449:
4202112230754590005267477:
4202112230755020004923159:
4202112230755050004949437:
4202112230755060009234457:
4202112230755120009339792:
4202112230755150008699709:
4202112230755170006039129:
4202112230755190007402498:
4202112230755220004972892:
4202112230755280005004322:
4202112230755290004972892:
4202112230755310004957311:
4202112230755330009339817:
4202112230755350006028799:
4202112230755370004605843:
4202112230755390005268163:
4202112230755410004975255:
4202112230755440005251016:
4202112230755500005248395:
4202112230755530004941228:
4202112230755590005258478:
4202112230756020005248661:
4202112230756050006041875:
4202112230756070009295454:
4202112230756090004931038:
4202112230756110009272187:
4202112230756150004946812:
4202112230756190005270720:
4202112230756210009226817:
4202112230756240005252028:
4202112230756310005251359:
4202112230756350004169060:
4202112230756370005250927:
4202112230756390006035802:
4202112230756410009326600:
4202112230756440009311280:
4202112230756460008501835:
4202112230756490005264521:
4202112230756550005268443:
4202112230756560009352010:
4202112230756580004957855:
4202112230757020009346055:
4202112230757040005008693:
4202112230757050004936685:
4202112230757080004966591:
4202112230757100004974727:
4202112230757140008710875:
4202112230757180008511222:
4202112230757230004968761:
4202112230757240008677903:
4202112230757270009252994:
4202112230757290009341511:
4202112230757320008499867:
4202112230757350000431385:
4202112230757430007401131:
4202112230757460005249654:
4202112230757490005248394:
4202112230757520009324605:
4202112230757540005268164:
4202112230757570008495426:
4202112230758030005005802:
4202112230758070005248602:
4202112230758150009226821:
4202112230758200009250787:
4202112230758210009342143:
4202112230758300005254424:
4202112230758360008502693:
4202112230758410005270175:
4202112230758480004965343:
4202112230758500008502693:
4202112230759000006020192:
4202112230759020009246202:
4202112230759040009327620:
4202112230759060005272912:
4202112230759070009236868:
4202112230759090004162434:
4202112230759110005264544:
4202112230759120004968208:
4202112230759140005265078:
4202112230759160009351768:
4202112230759200004928581:
4202112230759210005266257:
4202112230759230009341742:
4202112230759270005248459:
4202112230759290009226797:
4202112230759300005270181:
4202112230759320004988966:
4202112230759340008495556:
4202112230759370004930608:
4202112230759390004162430:
4202112230759400004167843:
4202112230759420005272191:
4202112230759430005264165:
4202112230759460004167849:
4202112230759480008512783:
4202112230759500006036994:
4202112230759520005252024:
4202112230759540009292038:
4202112230759570005254051:
4202112230759580004979341:
4202112230800010005251357:
4202112230800030008502693:
4202112230800130005263923:
4202112230800170005250643:
4202112230800230005263971:
4202112230800250005272291:
4202112230800280009293535:
4202112230800300005251356:
4202112230800310009254000:
4202112230801240005265084:
4202112230801320004964545:
4202112230801360005012741:
4202112230801500008503089:
4202112230803150004933960:
4202112230804460008509836:
4202112230804480004989657:
4202112230804520005267481:
4202112230807170005259622:
4202112230913120005272108:
4202112231702420005252016:
4202112231704150009342978:
4202112231802530005264375:
4202112231902250005008693:
4202112231908100004927939:
4202112231908180005005802:
4202112232000000004936058:
4202112232000020009324118:
4202112232000040009253739:
4202112232000060005268443:
4202112232000080004936293:
4202112232000100009234240:
4202112232000230005270181:
4202112232000270004948548:
4202112232000320000431385:
4202112232000340005001511:
4202112232000360004965343:
4202112232000520009283323:
4202112232001120004159570:
4202112232001140004993409:
4202112232001180004952531:
4202112232001200008511222:
4202112232001230009246202:
4202112232001240009342143:
4202112232001260009254212:
4202112232001270006041875:
4202112232001290009236868:
4202112232001310009346035:
4202112232001330004953788:
4202112232001340005257315:
4202112232001360004968208:
4202112232001390005264311:
4202112232001410006020192:
4202112232001420009296645:
4202112232001440005270174:
4202112232001450009250787:
4202112232001470005251015:
4202112232001510009346340:
4202112232001530008499867:
4202112232001550009234249:
4202112232001570004927575:
4202112232001580009305260:
4202112232002010005267444:
4202112232002030009253995:
4202112232002050009341511:
4202112232002070008512783:
4202112232002100005252017:
4202112232002110005267444:
4202112232002150005255416:
4202112232002320009339821:
4202112232002580004941228:
4202112232003040005251022:
4202112232003160005249654:
4202112232003190005249711:
4202112232004000005272226:
4202112232004390005258754:
4202112232004440005272113:
4202112232004460005258754:
4202112232005030005257312:
4202112232005050005252024:
4202112232005070005249651:
4202112232005240006036336:
4202112232005530004989657:
4202112232005570005248390:
4202112232006410009232651:
4202112232009070008519041:
4202112232009100004958165:
4202112232010080008509836:
4202112232010370005258478:
4202112232010420001087543:
4202112232011480005264164:
4202112232012180004162428:
4202112232024140009311280:
4202112232103290005252032:
4202112232111090005254930:
4202112232159030009234457:
4202112232159050008508757:
4202112232159250006035802:
4202112232159280004167843:
4202112232159300005268163:
4202112232159320005252147:
4202112232159350005251353:
4202112232159370005251013:
4202112232159390007401131:
4202112232159410005264521:
4202112232159420004162160:
4202112232159440005259621:
4202112232159470004996986:
4202112232159490004045200:
4202112232159510009326626:
4202112232159530005267481:
4202112232159550008494427:
4202112232159570005248459:
4202112232159580005272194:
4202112232200000005272908:
4202112232200020004167849:
4202112232200050008695597:
4202112232200070004975069:
4202112232200100008493340:
4202112232200120004167849:
4202112232200140005267476:
4202112232200160005250927:
4202112232200170005272909:
4202112232200190009348543:
4202112232200210005268164:
4202112232200230009247696:
4202112232200240005264165:
4202112232200260004169060:
4202112232200270004967114:
4202112232200290004169060:
4202112232200310005248661:
4202112232200320005258560:
4202112232200360005004322:
4202112232200380009301802:
4202112232200390006028799:
4202112232200410004949437:
4202112232200430005258560:
4202112232200460009324572:
4202112232200470004928581:
4202112232200490005271887:
4202112232200510008699709:
4202112232200530006022160:
4202112232200540005272116:
4202112232200560008512859:
4202112232200580009342981:
4202112232200590009339930:
4202112232201010004966178:
4202112232201030005254710:
4202112232201040009346055:
4202112232201060003916932:
4202112232201070004929270:
4202112232201090009338161:
4202112232201100009287195:
4202112232201120005264544:
4202112232201130004974727:
4202112232201150005250643:
4202112232201160004990686:
4202112232201180004968761:
4202112232201200008500493:
4202112232201210001099428:
4202112232201231513631101:
4202112232201240004932608:
4202112232201260004165756:
4202112232201280009292038:
4202112232201290008495556:
4202112232201310005262067:
4202112232201370005252355:
4202112232201420004946812:
4202112232201440008445656:
4202112232201460005272191:
4202112232201490005258557:
4202112232201520009290264:
4202112232201550005272917:
4202112232201580009290271:
4202112232202030008502693:
4202112232202050005272912:
4202112232202110009344566:
4202112232202130006039129:
4202112232202150000431430:
4202112232202180008690234:
4202112232202200009233697:
4202112232202230005272912:
4202112232202250009226433:
4202112232202290007402498:
4202112232202310005267474:
4202112232202330004972892:
4202112232202340004161988:
4202112232202360005248395:
4202112232202400007398203:
4202112232202470005264163:
4202112232202530004605843:
4202112232202570004964407:
4202112232203000005251359:
4202112232203060007396382:
4202112232203460009354391:
4202112232203510005270175:
4202112232203550004966449:
4202112232204210006036876:
4202112232206560005268168:
4202112232207010005272189:
4202112232300020004957311:
4202112232300050005258488:
4202112232300070009341742:
4202112232300080004989259:
4202112232300250004953437:
4202112232300290009252994:
4202112232300310004991542:
4202112232300330005264545:
4202112232301210008504234:
4202112232301240009339792:
4202112232301360008506912:
4202112232301400004988966:
4202112232301420009327620:
4202112232301450004988966:
4202112232301470004931038:
4202112232301510005272315:
4202112232301530005270720:
4202112232301550005272315:
4202112232301570004968173:
4202112232301590005252028:
4202112232302000005267723:
4202112232302020004969598:
4202112232302100009295454:
4202112232302160005263971:
4202112232302170005251356:
4202112232302190004929713:
4202112232302220004957855:
4202112232302320009226821:
4202112232302350005264171:
4202112232302450008494964:
4202112232302470005248394:
4202112232302490004967900:
4202112232303540007407499:
5202112230736570004162161:
5202112230738180007404782:
5202112230738270008497657:
5202112230741060009339273:
5202112230741290004975531:
5202112230741400004998138:
5202112230741560005271890:
5202112230742330004950845:
5202112230743420004946775:
5202112230743450009305457:
5202112230743490004989528:
5202112230744250004958379:
5202112230744260008698279:
5202112230744290006032924:
5202112230744440005270773:
5202112230745580004924019:
5202112230746470004989073:
5202112230746500009236809:
5202112230746530008517932:
5202112230747000004957738:
5202112230747010008494564:
5202112230747120009346707:
5202112230747260005248392:
5202112230747300004921536:
5202112230747330007402523:
5202112230747490005272316:
5202112230747540006025812:
5202112230748350005263969:
5202112230748470004969726:
5202112230748550008499208:
5202112230749020005263968:
5202112230749030004922969:
5202112230749040004158136:
5202112230749060005267482:
5202112230749070004995938:
5202112230749120004950937:
5202112230749360001079288:
5202112230749450005252358:
5202112230750140005248386:
5202112230750170004158137:
5202112230750200008493750:
5202112230750220005255711:
5202112230750240004966418:
5202112230750280009282809:
5202112230750300005252358:
5202112230750320006039493:
5202112230750480004160314:
5202112230750520009352009:
5202112230750570005268448:
5202112230751030004969384:
5202112230751050004937390:
5202112230751100004966903:
5202112230751120005265851:
5202112230751140009346170:
5202112230751270005012946:
5202112230751300009296798:
5202112230751320005249647:
5202112230751330004157441:
5202112230751351513645885:
5202112230751370009276680:
5202112230751390007402500:
5202112230751410005258530:
5202112230751430006037287:
5202112230751450004941773:
5202112230751460008690529:
5202112230751480004927329:
5202112230751500009351308:
5202112230751520008503915:
5202112230751530004940674:
5202112230751550008513950:
5202112230751570004990401:
5202112230752060005251351:
5202112230752080008717926:
5202112230752100004994074:
5202112230752200009346362:
5202112230752220007411321:
5202112230752230009253997:
5202112230752250005272229:
5202112230752270004993674:
5202112230752290000424167:
5202112230752310005266259:
5202112230752390001108277:
5202112230752420006016276:
5202112230752450004963073:
5202112230752470008510090:
5202112230752490004165756:
5202112230752530008709011:
5202112230752560006031526:
5202112230753050008512216:
5202112230753070008694659:
5202112230753090005255628:
5202112230753120009346033:
5202112230753140008503171:
5202112230753180004927939:
5202112230753210004937490:
5202112230753220005258468:
5202112230753310004961787:
5202112230753350008699606:
5202112230753380004968004:
5202112230753490004967585:
5202112230753510004981830:
5202112230753530004931257:
5202112230753560004946517:
5202112230753590006018008:
5202112230754030005272371:
5202112230754060005004855:
5202112230754080006018008:
5202112230754100004930090:
5202112230754120006022852:
5202112230754140008676811:
5202112230754160004935186:
5202112230754170004963035:
5202112230754190004976589:
5202112230754240004997873:
5202112230754290004165890:
5202112230754310009234480:
5202112230754330009279709:
5202112230754360005254709:
5202112230754390009347607:
5202112230754420004159572:
5202112230754440005251016:
5202112230754450004959001:
5202112230754470009230781:
5202112230754500004975166:
5202112230754520008500113:
5202112230754540004972171:
5202112230754560008692450:
5202112230754580005270002:
5202112230755000004951489:
5202112230755010004995654:
5202112230755030008493286:
5202112230755040004967416:
5202112230755060006041875:
5202112230755080004980727:
5202112230755100004972420:
5202112230755120009325535:
5202112230755150005248597:
5202112230755170004966986:
5202112230755190005264312:
5202112230755210004987744:
5202112230755230004997809:
5202112230755240005270720:
5202112230755260008518736:
5202112230755270004990111:
5202112230755290004949598:
5202112230755310005252028:
5202112230755330008718216:
5202112230755350004968100:
5202112230755360004992723:
5202112230755380009252984:
5202112230755400009324076:
5202112230755420004923454:
5202112230755440004605842:
5202112230755460007414082:
5202112230755480008695330:
5202112230755510008701083:
5202112230755520009321334:
5202112230755540009339219:
5202112230755560004167847:
5202112230755580009233710:
5202112230756000004948881:
5202112230756020004162431:
5202112230756040005270172:
5202112230756060004938202:
5202112230756070004998544:
5202112230756100004167842:
5202112230756110009226440:
5202112230756130009340820:
5202112230756140004957545:
5202112230756160006033090:
5202112230756190004963630:
5202112230756200004999443:
5202112230756230006025807:
5202112230756260004162162:
5202112230756280005254929:
5202112230756300004975477:
5202112230756320008516236:
5202112230756340009280491:
5202112230756360004157151:
5202112230756380008431645:
5202112230756400009254908:
5202112230756410005259619:
5202112230756430004990953:
5202112230756440004953135:
5202112230756460007407459:
5202112230756480005254540:
5202112230756500008510716:
5202112230756510005271892:
5202112230756530008496310:
5202112230756540005266099:
5202112230756560001083110:
5202112230756580004965814:
5202112230757000003137991:
5202112230757020005258218:
5202112230757060004942040:
5202112230757080005263967:
5202112230757090005264171:
5202112230757110009335539:
5202112230757120005256328:
5202112230757140009280051:
5202112230757150004951445:
5202112230757170005255627:
5202112230757190005258489:
5202112230757200005272228:
5202112230757220004964878:
5202112230757240005267341:
5202112230757250004180013:
5202112230757270008515021:
5202112230757280003920040:
5202112230757300004996986:
5202112230757320005268446:
5202112230757330009243147:
5202112230757360008501795:
5202112230757380006023662:
5202112230757400007407739:
5202112230757420006030142:
5202112230757440004996481:
5202112230757450004934727:
5202112230757470005259621:
5202112230757490005248389:
5202112230757500005259621:
5202112230757520008506766:
5202112230757530006039541:
5202112230757550009297056:
5202112230757560005263012:
5202112230757580005264380:
5202112230757590009226447:
5202112230758010004934727:
5202112230758030004977027:
5202112230758050004605851:
5202112230758081513409863:
5202112230758100009342959:
5202112230758110008702320:
5202112230758130007412611:
5202112230758140009232378:
5202112230758160004988793:
5202112230758180009236868:
5202112230758190005264170:
5202112230758210009341742:
5202112230758250005266257:
5202112230758270009354401:
5202112230758290008500184:
5202112230758310009341742:
5202112230758320004927727:
5202112230758340004599825:
5202112230758350005249645:
5202112230758370005252022:
5202112230758380005252150:
5202112230758410005249645:
5202112230758430005256125:
5202112230758440009321395:
5202112230758460004966761:
5202112230758470006030118:
5202112230758490009230754:
5202112230758500004966750:
5202112230758520005254714:
5202112230758540004989670:
5202112230758550007402194:
5202112230758580004954090:
5202112230758590005251354:
5202112230759010006036336:
5202112230759030005254539:
5202112230759050009339821:
5202112230759060009346035:
5202112230759080005249644:
5202112230759100004965754:
5202112230759110009232651:
5202112230759130004936058:
5202112230759150004979341:
5202112230759160004936058:
5202112230759180005005056:
5202112230759200005262048:
5202112230759210004989365:
5202112230759230004932359:
5202112230759250004996134:
5202112230759260004936419:
5202112230759270006018006:
5202112230759310008502189:
5202112230759320004967073:
5202112230759360004178213:
5202112230759380008502189:
5202112230759400004968472:
5202112230759420005252016:
5202112230759450008499471:
5202112230759480008498188:
5202112230759520004968194:
5202112230759590005007370:
5202112230800010006033720:
5202112230800040004953182:
5202112230800060005249651:
5202112230800090009305260:
5202112230800110005269401:
5202112230800130008494613:
5202112230800150004930576:
5202112230800170009292116:
5202112230800190009326612:
5202112230800200009343567:
5202112230800220005264382:
5202112230800250007401654:
5202112230800270005264381:
5202112230800290004966802:
5202112230800310004924182:
5202112230800330005012741:
5202112230800350009232629:
5202112230800370005254708:
5202112230800390008692560:
5202112230800410003916932:
5202112230800430009287195:
5202112230800450005255416:
5202112230800510005251013:
5202112230800550004990979:
5202112230800560004988378:
5202112230800590005258560:
5202112230801020004993409:
5202112230801040005258560:
5202112230801060009286616:
5202112230801080009225481:
5202112230801100009346020:
5202112230801110004929016:
5202112230801130004961404:
5202112230801150007410282:
5202112230801180004927029:
5202112230801200009282114:
5202112230801220005006101:
5202112230801260005272188:
5202112230801280009232653:
5202112230801300005272109:
5202112230801360004951477:
5202112230801470004932362:
5202112230801490009342183:
5202112230802150005004848:
5202112230802160008508757:
5202112230802280004997608:
5202112230802350006009777:
5202112230803020005255626:
5202112230803100006028797:
5202112230804080009281814:
5202112230804190004964719:
5202112230805230004599827:
5202112230805250007421210:
5202112230805280005254423:
5202112230805360007395592:
5202112230808050009339803:
5202112230808270005263715:
5202112230809040009226392:
5202112230810470005272911:
5202112230813000009233697:
5202112230817440005251360:
5202112230821050005272911:
5202112230845280006016277:
5202112231711480006036993:
5202112231713220008692560:
5202112231713240008696238:
5202112231750410008703345:
5202112231802160006023662:
5202112231803130005262048:
5202112231803590005264375:
5202112231837470009310727:
5202112231859550004936419:
5202112231900470009275335:
5202112231901010004987731:
5202112231901270008718216:
5202112231901430008513950:
5202112231902410005257618:
5202112231902530007404782:
5202112231903130004938202:
5202112231955110008502364:
5202112231958430001083110:
5202112231959590004921380:
5202112232000040004929491:
5202112232000050004921380:
5202112232000080009302534:
5202112232000090008695330:
5202112232000110004958379:
5202112232000130009279709:
5202112232000150008494564:
5202112232000170008515021:
5202112232000190006037287:
5202112232000200005006958:
5202112232000220005251351:
5202112232000240004596343:
5202112232000260005248392:
5202112232000270006032924:
5202112232000290008692450:
5202112232000300004941773:
5202112232000320004180013:
5202112232000330005267341:
5202112232000350005258530:
5202112232000370005267341:
5202112232000380005258530:
5202112232000410009233710:
5202112232000430008517932:
5202112232000450005268448:
5202112232000470004923454:
5202112232000480006030118:
5202112232000500004923454:
5202112232000520007402500:
5202112232000550004924182:
5202112232000560006030142:
5202112232001000005267724:
5202112232001020004932362:
5202112232001040006030142:
5202112232001060009276680:
5202112232001070005259619:
5202112232001090004966418:
5202112232001110004997809:
5202112232001130008699606:
5202112232001140006039493:
5202112232001160004993674:
5202112232001180008699606:
5202112232001200006039493:
5202112232001220004966903:
5202112232001240009253846:
5202112232001260004993674:
5202112232001280004599825:
5202112232001310004966418:
5202112232001330005251354:
5202112232001340004599825:
5202112232001360004963035:
5202112232001380004162161:
5202112232001390005004855:
5202112232001410009236809:
5202112232001430009226826:
5202112232001450001079288:
5202112232001470004981830:
5202112232001500008510090:
5202112232001520008690529:
5202112232001530004972171:
5202112232001550008676811:
5202112232001560009282809:
5202112232001580004969726:
5202112232002020008717926:
5202112232002070005248386:
5202112232002080008717926:
5202112232002110008493286:
5202112232002120005272914:
5202112232002150005012946:
5202112232002160005248386:
5202112232002180004951477:
5202112232002190009339273:
5202112232002210005254540:
5202112232002220008702320:
5202112232002240009339273:
5202112232002250004966986:
5202112232002270004160314:
5202112232002300005270002:
5202112232002310004950937:
5202112232002331513645885:
5202112232002340004922969:
5202112232002360004965814:
5202112232002370001108277:
5202112232002390004605842:
5202112232002400004968004:
5202112232002420004967416:
5202112232002430004167848:
5202112232002450005272914:
5202112232002460008510716:
5202112232002480008697836:
5202112232002490009296798:
5202112232002510004605842:
5202112232002520004966761:
5202112232002540005270716:
5202112232002560004995938:
5202112232002580004935186:
5202112232002590009342959:
5202112232003010009340824:
5202112232003060009342959:
5202112232003080004940674:
5202112232003090004966765:
5202112232003110006022852:
5202112232003120009340820:
5202112232003140004946517:
5202112232003160004989073:
5202112232003180004963630:
5202112232003190004966761:
5202112232003200004927329:
5202112232003220004992022:
5202112232003240008512216:
5202112232003260004959001:
5202112232003270005272110:
5202112232003290004931257:
5202112232003300008493750:
5202112232003320006041715:
5202112232003340009346170:
5202112232003360005005056:
5202112232003370008499208:
5202112232003390004160311:
5202112232003400005005056:
5202112232003420008499208:
5202112232003450007402194:
5202112232003460005249645:
5202112232003480004951445:
5202112232003490004975166:
5202112232003510004934727:
5202112232003530004957738:
5202112232003550004934727:
5202112232003570004987744:
5202112232003580005005056:
5202112232004000005006101:
5202112232004010005258218:
5202112232004030005256328:
5202112232004040004975166:
5202112232004060009352009:
5202112232004090009226440:
5202112232004110004954090:
5202112232004130009321395:
5202112232004150008500184:
5202112232004160009339834:
5202112232004180008694659:
5202112232004200008496310:
5202112232004220004967073:
5202112232004250004980727:
5202112232004270009226412:
5202112232004280004954090:
5202112232004300004989365:
5202112232004310004937390:
5202112232004330004990401:
5202112232004350004989232:
5202112232004370004950845:
5202112232004390004997873:
5202112232004400009230781:
5202112232004420004159572:
5202112232004460005266259:
5202112232004500006033090:
5202112232004510004957545:
5202112232004540009232378:
5202112232004560006025812:
5202112232004590009347607:
5202112232005010005254709:
5202112232005030004922875:
5202112232005040005272316:
5202112232005060004930090:
5202112232005080004976589:
5202112232005100009346707:
5202112232005130008698279:
5202112232005170004951489:
5202112232005180004167842:
5202112232005200009234480:
5202112232005220005270773:
5202112232005230004921536:
5202112232005260004961404:
5202112232005280005272371:
5202112232005310004969384:
5202112232005330009225481:
5202112232005350007401654:
5202112232005370009339524:
5202112232005390004957428:
5202112232005410004960782:
5202112232005430004947107:
5202112232005450008503171:
5202112232005470004995654:
5202112232005480009293911:
5202112232005500004995654:
5202112232005520008516236:
5202112232005550004993146:
5202112232005580008701083:
5202112232005590004157441:
5202112232006010009351308:
5202112232006030005249647:
5202112232006040009321334:
5202112232006060009290365:
5202112232006080005249710:
5202112232006100009346362:
5202112232006110009305457:
5202112232006130004924019:
5202112232006160004989528:
5202112232006170004994074:
5202112232006190005252358:
5202112232006230009280491:
5202112232006270004998138:
5202112232006280004158137:
5202112232006320004975531:
5202112232006330004167847:
5202112232006350003920040:
5202112232006380001087528:
5202112232006420009354401:
5202112232007070004937490:
5202112232007230004946775:
5202112232007260005253081:
5202112232007370008500113:
5202112232007390004605847:
5202112232007450005254539:
5202112232008440009226392:
5202112232009360009339219:
5202112232010060005248602:
5202112232010080009339219:
5202112232010410004966591:
5202112232012220008500312:
5202112232008060009234486:
5202112232000080008709011:
5202112232000100004943327:
5202112232000120009252984:
5202112232001420004605846:
5202112232001490004161991:
5202112232001520004605846:
5202112232002230004968394:
5202112232015180009339803:
5202112232015220005271890:
5202112232015250006042873:
5202112232016100009326612:
5202112232017480005249644:
5202112232009410004933649:
5202112232040120009324076:
5202112232042210004167850:
5202112232042430008706494:
5202112232042490004967590:
5202112232100520004928604:
5202112232109260007402482:
5202112232139540004988378:
5202112232153280009281814:
5202112232156150007410282:
5202112232156170009297056:
5202112232159100008511510:
5202112232159150005263715:
5202112232159240009226952:
5202112232159340004161985:
5202112232159350005258559:
5202112232159380006033000:
5202112232159450008499149:
5202112232159460004952471:
5202112232159490005248878:
5202112232200001513409863:
5202112232200020005258531:
5202112232200030004967296:
5202112232200050004976407:
5202112232200060009252970:
5202112232200080005254716:
5202112232200090009286616:
5202112232200110004967296:
5202112232200120005252150:
5202112232200140004977027:
5202112232200150009331842:
5202112232200180009286616:
5202112232200200004958069:
5202112232200210004996445:
5202112232200230004956498:
5202112232200250005268446:
5202112232200260008492776:
5202112232200280005268450:
5202112232200300004996134:
5202112232200320008506074:
5202112232200330009324637:
5202112232200350005265079:
5202112232200370008697063:
5202112232200380004946192:
5202112232200400004605849:
5202112232200420004596346:
5202112232200430004167844:
5202112232200450004596345:
5202112232200460009232629:
5202112232200480009243147:
5202112232200500004923016:
5202112232200510005251014:
5202112232200530004991241:
5202112232200540005272188:
5202112232200570005265555:
5202112232200580004936685:
5202112232201000009339828:
5202112232201020008691341:
5202112232201030004604856:
5202112232201050005259621:
5202112232201060005005468:
5202112232201080004961532:
5202112232201100005251013:
5202112232201120005259621:
5202112232201130005268686:
5202112232201140005271892:
5202112232201160005253082:
5202112232201170005250927:
5202112232201190004157151:
5202112232201200004165890:
5202112232201220005272112:
5202112232201240004167849:
5202112232201250005252073:
5202112232201270009247696:
5202112232201290006039130:
5202112232201310009301802:
5202112232201340004929645:
5202112232201360005254423:
5202112232201380005263968:
5202112232201400009254908:
5202112232201420009234458:
5202112232201440008494613:
5202112232201460005267482:
5202112232201470005267056:
5202112232201490005251016:
5202112232201500005006528:
5202112232201510009324572:
5202112232201530008506766:
5202112232201540005248880:
5202112232201560004968100:
5202112232201590008506766:
5202112232202010006025807:
5202112232202030006028797:
5202112232202040004602281:
5202112232202060004999443:
5202112232202090002851443:
5202112232202100004999443:
5202112232202140005254929:
5202112232202160004996986:
5202112232202180004968886:
5202112232202200004991584:
5202112232202210004987025:
5202112232202230004976000:
5202112232202270004999443:
5202112232202300008501482:
5202112232202310004929016:
5202112232202350004949598:
5202112232202370009232653:
5202112232202390004929016:
5202112232202410005268167:
5202112232202420005257310:
5202112232202440004927727:
5202112232202450004936557:
5202112232202470005258216:
5202112232202480004976000:
5202112232202500004998074:
5202112232202520004990111:
5202112232202550004982680:
5202112232203010007412611:
5202112232203040009287614:
5202112232203070005259622:
5202112232203130009240533:
5202112232203150004167851:
5202112232203180006018006:
5202112232203200004964878:
5202112232203230008690234:
5202112232203450005248395:
5202112232204210004162431:
5202112232204480004599832:
5202112232206170004975255:
5202112232248060008497463:
5202112232248080008508219:
5202112232259320009336990:
5202112232300000004941508:
5202112232300020004967606:
5202112232300050005252070:
5202112232300070005248457:
5202112232300210009295891:
5202112232300220005266872:
5202112232300240007422489:
5202112232300260008716113:
5202112232300280007422489:
5202112232300340009346033:
5202112232300360005249704:
5202112232300380008708048:
5202112232300390009274443:
5202112232300430004957118:
5202112232300440004963073:
5202112232300460008499471:
5202112232300470004969304:
5202112232300490007407459:
5202112232300510004957311:
5202112232300520004953135:
5202112232300560008504091:
5202112232301490009343592:
5202112232302490005270720:
5202112232303450004967900:
5202112232303470005248394:
5202112232303500008494964:
6202112230734080004951327:
6202112230736520004992307:
6202112230739090004968173:
6202112230740170005249706:
6202112230740260004946192:
6202112230740280005251019:
6202112230741480004161988:
6202112230742000009287614:
6202112230743450005272916:
6202112230745350005270716:
6202112230746280004949140:
6202112230747220004596346:
6202112230748340005252073:
6202112230748470005007161:
6202112230748510005006747:
6202112230748530005263969:
6202112230748580005262500:
6202112230749020005258224:
6202112230749080005257617:
6202112230749160004998074:
6202112230749190004158136:
6202112230749210008690234:
6202112230749240005263968:
6202112230749250008517056:
6202112230749270008708048:
6202112230749300005265079:
6202112230749320000431430:
6202112230749380008499556:
6202112230749420005270173:
6202112230749470005005468:
6202112230750050004961022:
6202112230750090005008853:
6202112230750110004961022:
6202112230750140004159571:
6202112230750170004926646:
6202112230750320005001068:
6202112230750340004604852:
6202112230750360004596345:
6202112230750400004957118:
6202112230750430005272187:
6202112230750460004605849:
6202112230750480004967296:
6202112230751100004987731:
6202112230751170005270771:
6202112230751190005255674:
6202112230751210008689944:
6202112230751230004969304:
6202112230751280004928604:
6202112230751340004975690:
6202112230751380004961644:
6202112230751410005250567:
6202112230751490004160313:
6202112230751520004159576:
6202112230751540004599830:
6202112230752020008508441:
6202112230752050006039510:
6202112230752090009283931:
6202112230752120004934669:
6202112230752150004965866:
6202112230752170005012405:
6202112230752200005269841:
6202112230752220006030480:
6202112230752320004596347:
6202112230752340005258213:
6202112230752500005272915:
6202112230752560009324637:
6202112230752590008683421:
6202112230753020006016276:
6202112230753040008680900:
6202112230753060005006315:
6202112230753070004998194:
6202112230753090005263924:
6202112230753150004159576:
6202112230753180005273380:
6202112230753240004952169:
6202112230753270005257316:
6202112230753340004932608:
6202112230753360005270174:
6202112230753430004935629:
6202112230753520004936149:
6202112230754060001087528:
6202112230754090008492410:
6202112230754110004931925:
6202112230754140005267344:
6202112230754160004167851:
6202112230754190009348776:
6202112230754200004931257:
6202112230754240004987025:
6202112230754260004045200:
6202112230754280008499805:
6202112230754310005254542:
6202112230754330008508290:
6202112230754350008501482:
6202112230754370005264728:
6202112230754390005268686:
6202112230754410004596348:
6202112230754440005012521:
6202112230754460004976589:
6202112230754500005253081:
6202112230754530005252070:
6202112230754560009342978:
6202112230754580007421743:
6202112230755000004990107:
6202112230755030005248391:
6202112230755050005252021:
6202112230755070004987910:
6202112230755090004165753:
6202112230755100008686117:
6202112230755150005262499:
6202112230755180005268162:
6202112230755220009233704:
6202112230755230004922029:
6202112230755340005264312:
6202112230755370004605847:
6202112230755380006033000:
6202112230755410004965031:
6202112230755430004932392:
6202112230755450006021994:
6202112230755470004159578:
6202112230755490005262094:
6202112230755510005252357:
6202112230755530004949598:
6202112230755550008492776:
6202112230755570008693920:
6202112230755580008709488:
6202112230756010004159573:
6202112230756030004936685:
6202112230756040005272117:
6202112230756070004164864:
6202112230756100004953650:
6202112230756120005250645:
6202112230756130009286387:
6202112230756150005270000:
6202112230756170005254712:
6202112230756210005005063:
6202112230756230004162431:
6202112230756250005270172:
6202112230756270008507829:
6202112230756280005251021:
6202112230756300004952471:
6202112230756340004161985:
6202112230756390005248390:
6202112230756430006025807:
6202112230756450008497774:
6202112230756470005254929:
6202112230756490005267056:
6202112230756510009339211:
6202112230756530004961333:
6202112230756550008497935:
6202112230756560004989794:
6202112230756580008431645:
6202112230756590001114611:
6202112230757020009254908:
6202112230757040008506074:
6202112230757050009252946:
6202112230757070005268447:
6202112230757080005249720:
6202112230757110005273379:
6202112230757130002854367:
6202112230757160005270005:
6202112230757180005267345:
6202112230757200005257314:
6202112230757210005270004:
6202112230757240005272907:
6202112230757250005254537:
6202112230757270004159579:
6202112230757280005272290:
6202112230757300009324879:
6202112230757310005251361:
6202112230757330000424146:
6202112230757340005272118:
6202112230757360004961532:
6202112230757380005010841:
6202112230757390009278808:
6202112230757410005253082:
6202112230757420005252148:
6202112230757440004602280:
6202112230757460005257310:
6202112230757470004964878:
6202112230757520004599832:
6202112230757540008699992:
6202112230757560004962579:
6202112230757580005271893:
6202112230758000005271891:
6202112230758020005273378:
6202112230758030005251014:
6202112230758050008702698:
6202112230758080005249704:
6202112230758110009342981:
6202112230758140004991584:
6202112230758150004953788:
6202112230758170006039974:
6202112230758190005267476:
6202112230758210004928175:
6202112230758220004929202:
6202112230758240005266258:
6202112230758250004976000:
6202112230758270005262498:
6202112230758280004966362:
6202112230758300004977027:
6202112230758310005261578:
6202112230758330007412611:
6202112230758350005257616:
6202112230758390005258214:
6202112230758410005263975:
6202112230758430005006239:
6202112230758450008498021:
6202112230758470004940881:
6202112230758480008698315:
6202112230758500005261061:
6202112230758520005258559:
6202112230758540005267443:
6202112230758550004927727:
6202112230758580004935107:
6202112230759000008715839:
6202112230759020009240533:
6202112230759040005265083:
6202112230759050004980976:
6202112230759070005256125:
6202112230759090009348748:
6202112230759110005264543:
6202112230759130003918790:
6202112230759140009254212:
6202112230759160009343593:
6202112230759170008492480:
6202112230759190004989524:
6202112230759200005262499:
6202112230759220005263716:
6202112230759230005252027:
6202112230759250004994575:
6202112230759280005273381:
6202112230759290005254716:
6202112230759330005252675:
6202112230759350008511510:
6202112230759390004996134:
6202112230759440005262048:
6202112230759460006018006:
6202112230800000005254706:
6202112230800140009354391:
6202112230800240006033720:
6202112230800260009342954:
6202112230800550005009021:
6202112230800570004937930:
6202112230800590005263920:
6202112230801010008692560:
6202112230801020009354582:
6202112230801040005258754:
6202112230801060004958069:
6202112230801110005265555:
6202112230801150006024859:
6202112230801180009322590:
6202112230801210004990979:
6202112230801380009282114:
6202112230801400009339144:
6202112230801580004951477:
6202112230802350004989820:
6202112230803480004923771:
6202112230803560005272909:
6202112230804490004936854:
6202112230805420005252149:
6202112230807360004923617:
6202112230807570005272108:
6202112230808510004975841:
6202112230813370008506597:
6202112230815350004951627:
6202112230824410005259620:
6202112230826360004921785:
6202112230845210005262496:
6202112230845250004963347:
6202112230940360006022420:
6202112231030580009279594:
6202112231700000006022420:
6202112231701180005272108:
6202112231710580004998055:
6202112231713030008696238:
6202112231713040008692560:
6202112231809540008505663:
6202112231900280004987731:
6202112231902310007404782:
6202112231904000008686117:
6202112231906110006030480:
6202112231914330006036994:
6202112231917450009293535:
6202112231944470008500401:
6202112231951550004963347:
6202112231957190005251357:
6202112232000000004167846:
6202112232000020009306586:
6202112232000030004165755:
6202112232000040004949833:
6202112232000060009342954:
6202112232000090008506597:
6202112232000100008517056:
6202112232000110004962972:
6202112232000130005012521:
6202112232000160005010841:
6202112232000170005248396:
6202112232000200004948585:
6202112232000220005248396:
6202112232000240005008853:
6202112232000250005270006:
6202112232000270004160313:
6202112232000290004602280:
6202112232000300005254712:
6202112232000320009339837:
6202112232000330004159578:
6202112232000350009339837:
6202112232000370008689944:
6202112232000390004989524:
6202112232000410005265083:
6202112232000420005272118:
6202112232000440005270005:
6202112232000450005262499:
6202112232000470004928175:
6202112232000480008709393:
6202112232000500004968544:
6202112232000520005249706:
6202112232000540008508290:
6202112232000560005267443:
6202112232000570004159571:
6202112232000590004159576:
6202112232001000005252148:
6202112232001020004159576:
6202112232001030000424146:
6202112232001050005263969:
6202112232001060005258553:
6202112232001080005257316:
6202112232001090005254536:
6202112232001110009233695:
6202112232001120005273379:
6202112232001140004961022:
6202112232001150005262094:
6202112232001170005263975:
6202112232001220004961022:
6202112232001240008499805:
6202112232001250005263975:
6202112232001270004961644:
6202112232001290005257316:
6202112232001310004968194:
6202112232001330008710875:
6202112232001350005254540:
6202112232001360004926646:
6202112232001380005269841:
6202112232001390005266258:
6202112232001410008497774:
6202112232001420004927120:
6202112232001440004935891:
6202112232001460005256125:
6202112232001470004998544:
6202112232001490004951477:
6202112232001510004934669:
6202112232001520005264728:
6202112232001540004952169:
6202112232001550004934669:
6202112232001570005270716:
6202112232002010005250645:
6202112232002030005270716:
6202112232002050006018008:
6202112232002060008501795:
6202112232002080005273381:
6202112232002100004952169:
6202112232002110005273787:
6202112232002130004945980:
6202112232002140005270004:
6202112232002160005270000:
6202112232002170004923159:
6202112232002190005272290:
6202112232002200005265082:
6202112232002220008431645:
6202112232002240009292116:
6202112232002250004975690:
6202112232002270005249720:
6202112232002290005264380:
6202112232002320004605851:
6202112232002340009309829:
6202112232002360005009382:
6202112232002380005264312:
6202112232002390005011155:
6202112232002410004953182:
6202112232002420005257617:
6202112232002440008497634:
6202112232002480009230812:
6202112232002510005254539:
6202112232002530004931257:
6202112232002550005270173:
6202112232002570005252149:
6202112232002580005255628:
6202112232003000008502189:
6202112232003020005270172:
6202112232003030009233704:
6202112232003070005272916:
6202112232003100004922029:
6202112232003120004997608:
6202112232003140006033720:
6202112232003170005007370:
6202112232003200005251020:
6202112232003260004961787:
6202112232003280005264376:
6202112232003330004961333:
6202112232003350008497935:
6202112232003380005272195:
6202112232003400004989670:
6202112232003430004605847:
6202112232003450004966750:
6202112232003500005262498:
6202112232003520009342183:
6202112232003540004972420:
6202112232003580008680900:
6202112232003590004976589:
6202112232004010004967379:
6202112232004040004967585:
6202112232004060005254539:
6202112232004080004992723:
6202112232004100009325535:
6202112232004240004599827:
6202112232004260005258489:
6202112232004290004599827:
6202112232004380004951627:
6202112232004400005248391:
6202112232004510005009021:
6202112232004530005251019:
6202112232004560005258214:
6202112232004570005272229:
6202112232005060005001068:
6202112232005150005251021:
6202112232005240005272228:
6202112232005340005272190:
6202112232005380007395592:
6202112232005410004962579:
6202112232005430009346362:
6202112232005470004989528:
6202112232005490009230754:
6202112232005530001087528:
6202112232006030005268169:
6202112232006080004160309:
6202112232006130005258486:
6202112232006200004974136:
6202112232006510004955828:
6202112232007030005253081:
6202112232007050009308083:
6202112232007120006028451:
6202112232008110004927029:
6202112232008290005272907:
6202112232015210008508441:
6202112232016100009274874:
6202112232032230006014349:
6202112232100330004928604:
6202112232102330004992307:
6202112232102380007407502:
6202112232105430004967312:
6202112232106000005259620:
6202112232117140006019315:
6202112232117180006041103:
6202112232117210005264720:
6202112232108050005261061:
6202112232109360004930576:
6202112232136210004975841:
6202112232144560005264381:
6202112232147340009254002:
6202112232156000009339211:
6202112232156560005255626:
6202112232158100005267345:
6202112232158130004596350:
6202112232158320001114611:
6202112232158420008698315:
6202112232158470008511510:
6202112232158480008495468:
6202112232158510004965502:
6202112232159000004596347:
6202112232159050005268447:
6202112232159080005006239:
6202112232159100008683421:
6202112232159140004933902:
6202112232159160004935629:
6202112232159230004977027:
6202112232159250005248878:
6202112232159270004946192:
6202112232159300005254708:
6202112232159360004998194:
6202112232159390009252946:
6202112232159420004977027:
6202112232159460005273380:
6202112232159480004956498:
6202112232159530004958069:
6202112232200000009282114:
6202112232200020005265079:
6202112232200040008492776:
6202112232200050005261578:
6202112232200070005006747:
6202112232200080009232629:
6202112232200100005266099:
6202112232200110004605849:
6202112232200130006039510:
6202112232200150004596345:
6202112232200160006039510:
6202112232200180009252946:
6202112232200190004604852:
6202112232200200006021994:
6202112232200220005252357:
6202112232200240004965031:
6202112232200260005265555:
6202112232200280004936685:
6202112232200300005005468:
6202112232200320009281193:
6202112232200340004961532:
6202112232200360005253082:
6202112232200380004961532:
6202112232200390005268686:
6202112232200410004157151:
6202112232200420009281193:
6202112232200440004165890:
6202112232200450005012405:
6202112232200470009226447:
6202112232200480009322590:
6202112232200500005251361:
6202112232200510004979341:
6202112232200530004178213:
6202112232200540009278808:
6202112232200560005252073:
6202112232200570005270182:
6202112232200590004599830:
6202112232201000008699992:
6202112232201020008492480:
6202112232201030005267482:
6202112232201050004165891:
6202112232201060004599830:
6202112232201080004159579:
6202112232201090004968100:
6202112232201110005273378:
6202112232201140009254908:
6202112232201160005273378:
6202112232201180008494613:
6202112232201190005267056:
6202112232201210004989820:
6202112232201230005248880:
6202112232201250006021991:
6202112232201260008516772:
6202112232201280008506766:
6202112232201300006025807:
6202112232201310005257616:
6202112232201330005272292:
6202112232201340005262500:
6202112232201360004602281:
6202112232201370004952773:
6202112232201390005264379:
6202112232201400004968886:
6202112232201420004966490:
6202112232201430005254929:
6202112232201450009232653:
6202112232201470004158136:
6202112232201480004976000:
6202112232201520006017488:
6202112232201540004976000:
6202112232201560005262500:
6202112232201570004949598:
6202112232201590004994314:
6202112232202000004927727:
6202112232202020004159573:
6202112232202040004605852:
6202112232202050005250567:
6202112232202070005263970:
6202112232202080004596348:
6202112232202100004933136:
6202112232202110004932392:
6202112232202130009287614:
6202112232202160004990979:
6202112232202220005268162:
6202112232202240009343593:
6202112232202250004998074:
6202112232202280004982680:
6202112232202290005005063:
6202112232202310004990111:
6202112232202320004988793:
6202112232202340009240533:
6202112232202350009335539:
6202112232202370006018006:
6202112232202390006037924:
6202112232202410009276489:
6202112232202430007412611:
6202112232202440004964878:
6202112232202460004937089:
6202112232202490009298223:
6202112232202510004994575:
6202112232202530004167851:
6202112232203020008680280:
6202112232203070008690234:
6202112232203110007421743:
6202112232203130005272117:
6202112232203140004165753:
6202112232203210006020195:
6202112232203230008494201:
6202112232203250005272917:
6202112232203340005272915:
6202112232203380007398203:
6202112232203430008697764:
6202112232203560005264543:
6202112232203580004162431:
6202112232204320004159580:
6202112232205280004989794:
6202112232206120009354391:
6202112232207210008688253:
6202112232208090004951327:
6202112232209200004933960:
6202112232213040004929937:
6202112232255270004936854:
6202112232259010005265078:
6202112232259050009354581:
6202112232259060005248457:
6202112232259110005257311:
6202112232259410003126147:
6202112232300000009295891:
6202112232300040006039974:
6202112232300060005266872:
6202112232300080008708048:
6202112232300090004957118:
6202112232300110009274443:
6202112232300130005249704:
6202112232300160004936688:
6202112232300180004957118:
6202112232300190004963073:
6202112232300210009286387:
6202112232300230007407459:
6202112232300250006015460:
6202112232300260004953135:
6202112232300280008507829:
6202112232300290004953135:
6202112232300310005263919:
6202112232300320002854367:
6202112232300340008504091:
6202112232300350005254706:
6202112232300370009281928:
6202112232300420008504091:
6202112232300440005001262:
6202112232300470004923617:
6202112232300500004949140:
6202112232300520005006315:
6202112232300540005258213:
6202112232301300006024859:
6202112232301370004974233:
6202112232301390004164864:
6202112232301420005266257:
6202112232301430004953650:
6202112232301450009339817:
6202112232302040003137754:
6202112232302200009339144:
6202112232307350004993595:
8202112230742480004179142:
8202112230743370004936688:
8202112230743480004936293:
8202112230743520004936688:
8202112230745370001087543:
8202112230745480008445656:
8202112230747350005001511:
8202112230748070004967114:
8202112230748120005264545:
8202112230748520004974233:
8202112230749120004159570:
8202112230749530008504234:
8202112230749550007396382:
8202112230750020004965170:
8202112230750160004991542:
8202112230750180004958669:
8202112230750410008511681:
8202112230751380006015165:
8202112230751430005257315:
8202112230751480007407499:
8202112230751530004951868:
8202112230752090004989259:
8202112230752120005252017:
8202112230752300008716113:
8202112230752310004929419:
8202112230752410004967900:
8202112230752430005264311:
8202112230752480005251015:
8202112230752500004927575:
8202112230752520009273291:
8202112230752550004990686:
8202112230752570004953437:
8202112230752590009234249:
8202112230753070003126360:
8202112230753210009296645:
8202112230753340008690224:
8202112230753390005254710:
8202112230753440004162428:
8202112230754190008500626:
8202112230754410009346340:
8202112230754430009324118:
8202112230754560005249711:
8202112230755050004996716:
8202112230755210005267477:
8202112230755240004949437:
8202112230755300009339792:
8202112230755450004957311:
8202112230755490004972892:
8202112230755510009339817:
8202112230755530006028799:
8202112230756030005248395:
8202112230756100004941228:
8202112230756190005258478:
8202112230756290009295454:
8202112230756330004931038:
8202112230756420005270720:
8202112230756530004169060:
8202112230756590005250927:
8202112230757070009311280:
8202112230757090005258556:
8202112230757210005268443:
8202112230757220005008693:
8202112230757240009346055:
8202112230757250004974727:
8202112230757270004966591:
8202112230757290008710875:
8202112230757400009252994:
8202112230757470004953135:
8202112230757490009341511:
8202112230757550008499867:
8202112230758070004968761:
8202112230758270005248602:
8202112230758340009250787:
8202112230759070004965343:
8202112230800230005270181:
8202112230800420005263971:
8202112230805080004989657:
8202112230809360008498988:
8202112231300330005267477:
8202112231702260005252016:
8202112231702480009342978:
8202112231709190004162430:
8202112231734180004964545:
8202112231802250004951868:
8202112231824490004179142:
8202112231901590004162434:
8202112231902060005008693:
8202112231906260005005802:
8202112231907280009272187:
8202112231907310004927939:
8202112232000000004948548:
8202112232000020005270181:
8202112232000050000431385:
8202112232000060004948548:
8202112232000080004981013:
8202112232000110005001511:
8202112232000130004965343:
8202112232000260009283323:
8202112232000530009246202:
8202112232000550004952531:
8202112232000590009254212:
8202112232001020006041875:
8202112232001030009236868:
8202112232001050004953788:
8202112232001070009296645:
8202112232001090005257315:
8202112232001100006020192:
8202112232001130008499867:
8202112232001160005251015:
8202112232001180005264311:
8202112232001200009250787:
8202112232001220009346340:
8202112232001240009234249:
8202112232001270009305260:
8202112232001290004927575:
8202112232001300008512783:
8202112232001320009253995:
8202112232001340004935638:
8202112232001360009341511:
8202112232001370005261060:
8202112232001390005252017:
8202112232001410006031524:
8202112232001430005255416:
8202112232001450005249712:
8202112232001500009226391:
8202112232001520005249712:
8202112232001550004958669:
8202112232002020004991528:
8202112232002040004929419:
8202112232002100009339821:
8202112232002140005251017:
8202112232002240005012741:
8202112232002430004941228:
8202112232002490005249711:
8202112232003170004936413:
8202112232003210005270771:
8202112232004420005252024:
8202112232005020006036336:
8202112232008230005248602:
8202112232010170005258478:
8202112232010210001087543:
8202112232011560004162428:
8202112232012360005258556:
8202112232003540009311280:
8202112232110030004930608:
8202112232114490004924676:
8202112232114520004982114:
8202112232158410009234457:
8202112232159560004967114:
8202112232159590005254707:
8202112232200020008690224:
8202112232200030006028799:
8202112232200050004949437:
8202112232200070009287195:
8202112232200080008500626:
8202112232200100009287195:
8202112232200130009273291:
8202112232200140008500626:
8202112232200160009336959:
8202112232200180008677903:
8202112232200200009326600:
8202112232200220009226817:
8202112232200240005252021:
8202112232200250005264544:
8202112232200270005254710:
8202112232200280008500493:
8202112232200300008495426:
8202112232200310001099428:
8202112232200330005265084:
8202112232200340004990686:
8202112232200360004929270:
8202112232200370005264170:
8202112232200390004968761:
8202112232200410004932608:
8202112232200420004974727:
8202112232200450002851443:
8202112232200460009292038:
8202112232200480004990375:
8202112232200510008495556:
8202112232200530004165756:
8202112232200550006030145:
8202112232200580003126360:
8202112232201000009339818:
8202112232201150008445656:
8202112232201170004962411:
8202112232201200004996716:
8202112232201240009290264:
8202112232201260008502693:
8202112232201280000424167:
8202112232201320009290271:
8202112232201340005258224:
8202112232201520009226433:
8202112232202240004605843:
8202112232202280004996716:
8202112232202350007396382:
8202112232202380004964407:
8202112232214360005004848:
8202112232243030008503089:
8202112232259430004989259:
8202112232300010009252994:
8202112232300040004991542:
8202112232300060005264545:
8202112232300440009324605:
8202112232300560008504234:
8202112232301010009339792:
8202112232301070008501835:
8202112232301090004161989:
8202112232301140009327620:
8202112232301170004988966:
8202112232301200004931038:
8202112232301220005272315:
8202112232301310006015165:
8202112232301320005272315:
8202112232301340005270720:
8202112232301360005252028:
8202112232301380005267723:
8202112232301400004968173:
8202112232301410005264382:
8202112232301430008511681:
8202112232301460005251356:
8202112232301470004969598:
8202112232301490009295454:
8202112232301510004929713:
8202112232301520005263971:
8202112232301570004957855:
8202112232302090009226821:
8202112232302230008494964:
8202112232302250004967900:
8202112232302290005248394:
8202112232303260005263923:
8202112232303300007407499:
8202112232304340005254051:
