2202112090720110009254926:
2202112090733460004966050:
2202112090736030009300596:
2202112090736050006751664:
2202112090736170007401654:
2202112090737540005269999:
2202112090740520004967967:
2202112090741260004605848:
2202112090741320005251355:
2202112090741470006022439:
2202112090741490008698044:
2202112090742570004604850:
2202112090743010008504041:
2202112090743090008429638:
2202112090743340004933649:
2202112090743360004605846:
2202112090745050004981261:
2202112090745260004596350:
2202112090745440009297569:
2202112090746030004958165:
2202112090746330006022160:
2202112090746470008716113:
2202112090746510005270174:
2202112090747390009226393:
2202112090747510009307295:
2202112090747550005252072:
2202112090747580004941773:
2202112090748050009286624:
2202112090748070004924346:
2202112090748140005248878:
2202112090748230005272372:
2202112090748340004938474:
2202112090748370005270074:
2202112090748390008508219:
2202112090748430009290365:
2202112090748510008702698:
2202112090748560009283296:
2202112090749050004967900:
2202112090749100005251352:
2202112090749150004960782:
2202112090749220009226447:
2202112090749270004605851:
2202112090750020009252984:
2202112090750150004922875:
2202112090750220008505663:
2202112090750240004947963:
2202112090750290004935186:
2202112090750310006022852:
2202112090750320004167851:
2202112090750340006030135:
2202112090750430004980727:
2202112090750470005258213:
2202112090750500008512059:
2202112090750520004935107:
2202112090750550004964719:
2202112090750570005258468:
2202112090751120004937490:
2202112090751140005012521:
2202112090751160004968004:
2202112090751190004948881:
2202112090751241513646659:
2202112090751250004966761:
2202112090751270005272911:
2202112090751300005271883:
2202112090751380005248387:
2202112090751400005252076:
2202112090751440004961221:
2202112090751470005263969:
2202112090751490004968544:
2202112090751510005249648:
2202112090751530004965814:
2202112090751560004167850:
2202112090751580008497463:
2202112090752000004947963:
2202112090752080009330833:
2202112090752120008503198:
2202112090752130001079879:
2202112090752150004964407:
2202112090752190005266871:
2202112090752210005270839:
2202112090752250004958379:
2202112090752290005258216:
2202112090752320004604853:
2202112090752340005267343:
2202112090752390008706494:
2202112090752450009341030:
2202112090752510005258218:
2202112090752540008679943:
2202112090752570008713215:
2202112090753030005263923:
2202112090753050009313676:
2202112090753080004943327:
2202112090753110005011308:
2202112090753130004602277:
2202112090753150005270182:
2202112090753170004961532:
2202112090753190006021994:
2202112090753210004975255:
2202112090753240005258489:
2202112090753260007421690:
2202112090753280008709369:
2202112090753300005262499:
2202112090753320005254538:
2202112090753340005268446:
2202112090753360005006315:
2202112090753380004972767:
2202112090753400004992022:
2202112090753420009326618:
2202112090753440008493286:
2202112090753450009281193:
2202112090753470004963659:
2202112090753480009243147:
2202112090753500004966591:
2202112090753510009276680:
2202112090753530008496310:
2202112090753560004968394:
2202112090753580003137754:
2202112090754000004947445:
2202112090754020004996481:
2202112090754040009344566:
2202112090754060004159573:
2202112090754080006025823:
2202112090754090004997665:
2202112090754120005254536:
2202112090754150005272907:
2202112090754160009252946:
2202112090754180008709061:
2202112090754190004987910:
2202112090754220004599831:
2202112090754230009340824:
2202112090754250009253739:
2202112090754270006037924:
2202112090754280005267056:
2202112090754300008492776:
2202112090754330005248396:
2202112090754350009253997:
2202112090754370005264544:
2202112090754390004926757:
2202112090754410006014349:
2202112090754420007402482:
2202112090754440005254539:
2202112090754450008500401:
2202112090754470005265313:
2202112090754490005254710:
2202112090754510005248880:
2202112090754540005271892:
2202112090754550005254540:
2202112090754570005264727:
2202112090754580009230812:
2202112090755000007407459:
2202112090755020006036505:
2202112090755040005267344:
2202112090755060005249650:
2202112090755080009339824:
2202112090755100009291663:
2202112090755120004923016:
2202112090755130008506766:
2202112090755150006029988:
2202112090755170005005056:
2202112090755180005272291:
2202112090755200004923159:
2202112090755210005248458:
2202112090755230009226826:
2202112090755250004986846:
2202112090755260004948585:
2202112090755280006039497:
2202112090755300008511510:
2202112090755320006036993:
2202112090755340005263977:
2202112090755350004977027:
2202112090755370005007161:
2202112090755380004167848:
2202112090755400008681883:
2202112090755410006039541:
2202112090755430008492705:
2202112090755450005265851:
2202112090755460004967416:
2202112090755480009322602:
2202112090755510005273786:
2202112090755520009230815:
2202112090755540008492065:
2202112090755560009305260:
2202112090755590004165890:
2202112090756010009232378:
2202112090756030005251013:
2202112090756050009226391:
2202112090756070009284157:
2202112090756090004936557:
2202112090756110004602280:
2202112090756120004970618:
2202112090756130008518736:
2202112090756150004160311:
2202112090756160006033001:
2202112090756190005263922:
2202112090756210009276908:
2202112090756230008709393:
2202112090756250004929202:
2202112090756270004936413:
2202112090756280009276489:
2202112090756300005263970:
2202112090756310004981830:
2202112090756330008494333:
2202112090756350004165757:
2202112090756360004937089:
2202112090756380004990085:
2202112090756400008507829:
2202112090756430009325535:
2202112090756440009343592:
2202112090756460004165757:
2202112090756470004953650:
2202112090756490009297664:
2202112090756510009236810:
2202112090756520005251020:
2202112090756540000431412:
2202112090756550004167844:
2202112090756570000431412:
2202112090756580005263919:
2202112090757000004931193:
2202112090757010002851478:
2202112090757030004930576:
2202112090757050004968886:
2202112090757060008701527:
2202112090757080007419049:
2202112090757090004921380:
2202112090757110004930389:
2202112090757120005258488:
2202112090757140008500312:
2202112090757160009314286:
2202112090757170005272807:
2202112090757190009346038:
2202112090757200004158333:
2202112090757221513631101:
2202112090757240005272908:
2202112090757260006030145:
2202112090757290009314286:
2202112090757340008500493:
2202112090757360004990111:
2202112090757380009348543:
2202112090757400008424093:
2202112090757420009335539:
2202112090757430007414082:
2202112090757450008695905:
2202112090757470008516772:
2202112090757490004929491:
2202112090757510009232629:
2202112090757520009339821:
2202112090757540007395592:
2202112090757550005263975:
2202112090757570008499471:
2202112090757590005248456:
2202112090758000005249652:
2202112090758030005265558:
2202112090758050004921669:
2202112090758070009286387:
2202112090758080008702320:
2202112090758100008696388:
2202112090758110006039130:
2202112090758130004980976:
2202112090758140009275335:
2202112090758160003918790:
2202112090758170007421210:
2202112090758190008688253:
2202112090758200004921669:
2202112090758220005009382:
2202112090758230009293911:
2202112090758250009232653:
2202112090758260005272292:
2202112090758280004954665:
2202112090758290009302534:
2202112090758310005251016:
2202112090758320008502693:
2202112090758330009339828:
2202112090758350004975477:
2202112090758360004927029:
2202112090758380009280051:
2202112090758390009288913:
2202112090758410008680442:
2202112090758430005254716:
2202112090758440004993146:
2202112090758450004982680:
2202112090758470004968555:
2202112090758480005268444:
2202112090758500004968472:
2202112090758510005005063:
2202112090758540009352010:
2202112090758560004161986:
2202112090758570004991528:
2202112090758590003132773:
2202112090759000005273785:
2202112090759020005261578:
2202112090759030006021991:
2202112090759050004178213:
2202112090759070004996445:
2202112090759080005261060:
2202112090759120004178213:
2202112090759150009290271:
2202112090759170004976407:
2202112090759180009339837:
2202112090759200004178213:
2202112090759210004975875:
2202112090759230009226412:
2202112090759240008502984:
2202112090759260009253846:
2202112090759270004929713:
2202112090759290009252970:
2202112090759300004951537:
2202112090759320006018006:
2202112090759330009240533:
2202112090759350008692560:
2202112090759390004960160:
2202112090759410004951537:
2202112090759450005005263:
2202112090759470004989365:
2202112090759490002851443:
2202112090759500004929645:
2202112090759520009234089:
2202112090759540004966802:
2202112090759550004990953:
2202112090759570005252028:
2202112090759590005264163:
2202112090800000009343593:
2202112090800020009326612:
2202112090800030002851465:
2202112090800060008686663:
2202112090800070009336990:
2202112090800100009309829:
2202112090800120004995116:
2202112090800140009281928:
2202112090800160009343567:
2202112090800180005270175:
2202112090800200009339930:
2202112090800220005266099:
2202112090800240004930162:
2202112090800270008500889:
2202112090800350006031526:
2202112090800410005264543:
2202112090800440004599827:
2202112090800530008714113:
2202112090800550004599827:
2202112090800570004936854:
2202112090801000004991241:
2202112090801030006024859:
2202112090801040008696238:
2202112090801090007402196:
2202112090801110006033720:
2202112090801130008698795:
2202112090801160008496367:
2202112090801180005258221:
2202112090801210006020195:
2202112090801250008506912:
2202112090801270005010999:
2202112090801290008499149:
2202112090801310005249705:
2202112090801330004952773:
2202112090801350008708992:
2202112090801360009346020:
2202112090801380009282101:
2202112090801390004923617:
2202112090801410004969598:
2202112090801440005254534:
2202112090801540006041715:
2202112090802000004953953:
2202112090802050004947107:
2202112090802070006017488:
2202112090802090005006768:
2202112090802100004948851:
2202112090802120005250569:
2202112090802200005271884:
2202112090802260006042873:
2202112090802270003916932:
2202112090802290004599832:
2202112090802320004972793:
2202112090802330007422489:
2202112090802360004982114:
2202112090802370005271886:
2202112090802390006029990:
2202112090802410005254715:
2202112090802430006031525:
2202112090802440008697063:
2202112090802450008710216:
2202112090802530009324604:
2202112090802580004924676:
2202112090803010004966490:
2202112090803110009294273:
2202112090803150006028451:
2202112090803160009346055:
2202112090803190004929270:
2202112090803220009307388:
2202112090803240005258214:
2202112090803260004165891:
2202112090803270007421269:
2202112090803350005249645:
2202112090803380004599825:
2202112090803400005264165:
2202112090803410006039969:
2202112090803440008426248:
2202112090803460007402194:
2202112090803470005252016:
2202112090803490009246193:
2202112090803520004162429:
2202112090803530004165753:
2202112090803550005256125:
2202112090803570005254714:
2202112090803590007421743:
2202112090804010005273787:
2202112090804020005251357:
2202112090804060009232651:
2202112090804080009279728:
2202112090804090004958690:
2202112090804140005265082:
2202112090804160004165755:
2202112090804180004167846:
2202112090804200005265083:
2202112090804220009290264:
2202112090804240004947661:
2202112090804260006027540:
2202112090804430005270281:
2202112090804510004961333:
2202112090805000005262497:
2202112090805020004967606:
2202112090805330008677773:
2202112090805450004935891:
2202112090805480006014941:
2202112090805520005252020:
2202112090806010009226392:
2202112090806040006022855:
2202112090806070008510378:
2202112090806240009254002:
2202112090806260005264720:
2202112090807210004604855:
2202112090807220005271891:
2202112090807250004975841:
2202112090807520004967312:
2202112090808070004159580:
2202112090808210006009777:
2202112090808330008494964:
2202112090809010004969132:
2202112090809420009234240:
2202112090810430007407502:
2202112090812170008712416:
2202112090813150008502364:
2202112090813180006019315:
2202112090813210005263973:
2202112090817090006042277:
2202112090817230008506632:
2202112090818500004985430:
2202112090819390008703345:
2202112090823010004161991:
2202112090824510005267475:
2202112090825470004951627:
2202112090902070009310727:
2202112090918120009290471:
2202112091701430006021875:
2202112091703130004975531:
2202112091706200004961404:
2202112091708480006033090:
2202112091708510009305457:
2202112091709030004159572:
2202112091710310005272372:
2202112091712090004967585:
2202112091705040006016090:
2202112091706450004985430:
2202112091804250004604853:
2202112091810240009254207:
2202112091817520004940674:
2202112091820280004968004:
2202112091834220008712416:
2202112091856190004972793:
2202112091856260009309504:
2202112091900000004968208:
2202112091902530008681883:
2202112091903500004975875:
2202112091903520004931193:
2202112091904070008517932:
2202112091905070008701274:
2202112091905130004967416:
2202112091905150004960782:
2202112091905180004967416:
2202112091905240004960782:
2202112091907270009330833:
2202112091907300009232378:
2202112091907320009339524:
2202112091907460005256328:
2202112091907500004947107:
2202112091908370009226412:
2202112091908580008517056:
2202112091909570004953953:
2202112091911320005258488:
2202112091912200009283296:
2202112091915311513646659:
2202112091908460005271884:
2202112091940110005267343:
2202112091943010008502364:
2202112091948530005271883:
2202112091948591513646659:
2202112091955500006029990:
2202112091959170007401131:
2202112092000140004972767:
2202112092000420004957738:
2202112092000460004995938:
2202112092000580004929491:
2202112092001030006751664:
2202112092001040008494333:
2202112092001180004965814:
2202112092001200007401654:
2202112092001230008510716:
2202112092001260005272317:
2202112092001310005006101:
2202112092001330006029990:
2202112092001340004927329:
2202112092001370005273786:
2202112092001430007402500:
2202112092001500004958165:
2202112092001550005266258:
2202112092001590008512059:
2202112092002050007402523:
2202112092002070004997809:
2202112092002100005264310:
2202112092002150004596344:
2202112092002160004950937:
2202112092002190009253997:
2202112092002210006029988:
2202112092002230007407739:
2202112092002280004987731:
2202112092002300005272229:
2202112092002340005251352:
2202112092002360004967073:
2202112092002400009346038:
2202112092003050004930389:
2202112092003110004966761:
2202112092003160005006958:
2202112092003200005008846:
2202112092003230005259619:
2202112092003390000431412:
2202112092004120004966986:
2202112092004130005272807:
2202112092004160005272371:
2202112092004220007414082:
2202112092005060004954665:
2202112092005300009307388:
2202112092006180004604850:
2202112092006360009246193:
2202112092006390008429638:
2202112092006410004924346:
2202112092006440004991528:
2202112092006490008426248:
2202112092006550006030135:
2202112092007020009346707:
2202112092007530002851478:
2202112092008030004604855:
2202112092008090009297664:
2202112092008530005270839:
2202112092008570005266871:
2202112092009020005258221:
2202112092010590004938474:
2202112092012140008492705:
2202112092012180004970618:
2202112092012590007402482:
2202112092013050009275335:
2202112092014060005265313:
2202112092014190009286624:
2202112092014570009252984:
2202112092015430005268444:
2202112092009500004963659:
2202112092011160009226392:
2202112092058060004964719:
2202112092103020004997873:
2202112092103050004932359:
2202112092107110008692560:
2202112092158010003918790:
2202112092158040008714113:
2202112092159040004605847:
2202112092159090009335539:
2202112092159160008679943:
2202112092159390004949598:
2202112092159480007395592:
2202112092159530007422489:
2202112092200000004969598:
2202112092200010004968544:
2202112092200040004941773:
2202112092200060004968544:
2202112092200080005251013:
2202112092200090009322682:
2202112092200120008701527:
2202112092200170005248387:
2202112092200210005263922:
2202112092200240006033001:
2202112092200260005263922:
2202112092200270006033001:
2202112092200300007421690:
2202112092200310005249650:
2202112092200350004928175:
2202112092200370004967967:
2202112092200380009253846:
2202112092200400004162161:
2202112092200420004967967:
2202112092200440004997665:
2202112092200450004927727:
2202112092200470009344566:
2202112092200490009314286:
2202112092200500004966050:
2202112092200520009314286:
2202112092200530005265851:
2202112092200560004997665:
2202112092200580004962761:
2202112092201000005254538:
2202112092201010008498188:
2202112092201050004605848:
2202112092201110005254538:
2202112092201140004967967:
2202112092201160004605848:
2202112092201180009254212:
2202112092201200009348748:
2202112092201220009348543:
2202112092201240004928389:
2202112092201280009326618:
2202112092201290009348543:
2202112092201310004928389:
2202112092201340008709061:
2202112092201350009335560:
2202112092201370004167844:
2202112092201410004972764:
2202112092201420005254716:
2202112092201440005265081:
2202112092201460004929202:
2202112092201470004972764:
2202112092201490005272315:
2202112092201510007421690:
2202112092201530008709061:
2202112092201550005264543:
2202112092201570009354349:
2202112092201590004167844:
2202112092202010005249648:
2202112092202030004991584:
2202112092202040009322602:
2202112092202060007421269:
2202112092202090008709369:
2202112092202110009322602:
2202112092202120008709369:
2202112092202140004165757:
2202112092202150007421269:
2202112092202180005264171:
2202112092202200004165757:
2202112092202210004981261:
2202112092202230004169060:
2202112092202250005263969:
2202112092202270004967606:
2202112092202290004941508:
2202112092202300007421269:
2202112092202320005258213:
2202112092202340004966591:
2202112092202350005255416:
2202112092202370008686663:
2202112092202390005267056:
2202112092202400005272252:
2202112092202420009226393:
2202112092202430005258216:
2202112092202450008686663:
2202112092202470001079879:
2202112092202490004998074:
2202112092202510009226393:
2202112092202530004596348:
2202112092202550004960160:
2202112092202560001079879:
2202112092202580004165756:
2202112092203000005249705:
2202112092203010004961532:
2202112092203030005251355:
2202112092203040009282101:
2202112092203060004923617:
2202112092203080005270281:
2202112092203100005265558:
2202112092203130005252073:
2202112092203150009297569:
2202112092203210004982680:
2202112092203230005269999:
2202112092203250008497657:
2202112092204130009307295:
2202112092204220004967296:
2202112092204430004599832:
2202112092207180005252072:
2202112092207210009276908:
2202112092207510009339828:
2202112092207540004596346:
2202112092207560009236810:
2202112092207580004993146:
2202112092208000009293911:
2202112092208020009339828:
2202112092209210006033000:
2202112092209360006028797:
2202112092209380005270074:
2202112092210050005263977:
2202112092300320005255711:
3202112090723400004929937:
3202112090735060004974136:
3202112090735580004968173:
3202112090737550005258217:
3202112090739310004604851:
3202112090741500005250571:
3202112090741550008708003:
3202112090743590005271888:
3202112090744200008503303:
3202112090744420009323446:
3202112090744490008501288:
3202112090745200008499556:
3202112090745420009234458:
3202112090746040008692290:
3202112090746150001099428:
3202112090747060005254051:
3202112090747070005272252:
3202112090747090005272915:
3202112090747140005250567:
3202112090747240004949140:
3202112090747420004926955:
3202112090747470005264920:
3202112090747500009343149:
3202112090747550008497634:
3202112090747570008708048:
3202112090748210004988205:
3202112090748300008714702:
3202112090748350004998074:
3202112090748460009354581:
3202112090749000005252029:
3202112090749060005011155:
3202112090749100005251014:
3202112090749120008504091:
3202112090749190009234248:
3202112090749230005271893:
3202112090749270005258478:
3202112090749380005263714:
3202112090749460005252069:
3202112090749480004935446:
3202112090749490004986942:
3202112090750020005252018:
3202112090750240005004742:
3202112090750260008687514:
3202112090750290006028957:
3202112090750320009295891:
3202112090750370009306586:
3202112090750530006039016:
3202112090750550009351758:
3202112090750580004975787:
3202112090750590008513325:
3202112090751010009283931:
3202112090751140004957118:
3202112090751170009335560:
3202112090751200004933136:
3202112090751220008711197:
3202112090751270004986730:
3202112090751290005271887:
3202112090751380005263972:
3202112090751430005258215:
3202112090752230004162160:
3202112090752270004962972:
3202112090752310005001262:
3202112090752380008689944:
3202112090752410004932608:
3202112090752430005008358:
3202112090752470004969304:
3202112090752480009253995:
3202112090752580009342954:
3202112090753010005250572:
3202112090753020005252675:
3202112090753050009326626:
3202112090753070004952471:
3202112090753140005255676:
3202112090753180005250568:
3202112090753230006018008:
3202112090753340004974233:
3202112090753360009346367:
3202112090753400004949833:
3202112090753440004596344:
3202112090753470004161989:
3202112090754010008697764:
3202112090754040004942841:
3202112090754060008499165:
3202112090754110005248460:
3202112090754330006030480:
3202112090754440008690203:
3202112090754470004936149:
3202112090754500009300618:
3202112090755050004965502:
3202112090755100005268449:
3202112090755120008711249:
3202112090755180008692117:
3202112090755290009336959:
3202112090755320009327615:
3202112090755360008498188:
3202112090755380008680900:
3202112090755410004987910:
3202112090755430005262094:
3202112090755460009342978:
3202112090755480009308083:
3202112090755510005264728:
3202112090755530005251021:
3202112090755580005270075:
3202112090756020005272228:
3202112090756070003137991:
3202112090756080005272228:
3202112090756100005251021:
3202112090756120005265556:
3202112090756160004993934:
3202112090756170004949239:
3202112090756200004931925:
3202112090756220005264727:
3202112090756240005271892:
3202112090756300008717268:
3202112090756320005248596:
3202112090756340005254537:
3202112090756360009339802:
3202112090756390008691341:
3202112090756410005252021:
3202112090756440004604856:
3202112090756460009324637:
3202112090756490004989794:
3202112090756510009324879:
3202112090756540005248458:
3202112090756560005248597:
3202112090756580005265851:
3202112090757000005253080:
3202112090757020008686117:
3202112090757050008680280:
3202112090757070005249720:
3202112090757090009331842:
3202112090757130005269401:
3202112090757150005254423:
3202112090757170005255674:
3202112090757190008699992:
3202112090757210005259624:
3202112090757230007418333:
3202112090757250004973922:
3202112090757310006041721:
3202112090757320006023662:
3202112090757350004999443:
3202112090757380004162162:
3202112090757430009343384:
3202112090757450009233695:
3202112090757480009286996:
3202112090757500009233695:
3202112090757520004162162:
3202112090757560006033000:
3202112090757570004162430:
3202112090758000005262067:
3202112090758050005248599:
3202112090758070009354349:
3202112090758090005252027:
3202112090758140009275492:
3202112090758200004928581:
3202112090758220006015460:
3202112090758240004927539:
3202112090758280008703693:
3202112090758310004940881:
3202112090758350004927727:
3202112090758440009226952:
3202112090758450005263919:
3202112090758470005254706:
3202112090758500008498021:
3202112090758520005255416:
3202112090758540004966362:
3202112090759020008698315:
3202112090759030008495468:
3202112090759080006032999:
3202112090759410009321321:
3202112090759470003918790:
3202112090759500009326658:
3202112090759510009254212:
3202112090759530004993672:
3202112090800120004998055:
3202112090802010005258486:
3202112090806010009233697:
3202112090806100009290264:
3202112090806120003126147:
3202112090806180005262501:
3202112090809320005272226:
3202112090812150006021875:
3202112090813500008506597:
3202112090826010004160309:
3202112090933130005248393:
3202112090933560009253980:
3202112091703410004986942:
3202112091703420005267476:
3202112091703440004935446:
3202112091802340004957118:
3202112091859010006023662:
3202112091901170008500889:
3202112091901200004935638:
3202112091901320004932608:
3202112091901340004936854:
3202112091901360009339144:
3202112091902360002851443:
3202112091902420009343567:
3202112091903070008708048:
3202112091903140006039506:
3202112091903330004953650:
3202112091903540009339225:
3202112091904290009354581:
3202112091913320009233697:
3202112091956160008498988:
3202112091958330005251014:
3202112091958390005255627:
3202112091959010009323446:
3202112091959130005258486:
3202112091959560008687514:
3202112091959580009234248:
3202112092000010005258217:
3202112092000020008686117:
3202112092000040008697764:
3202112092000060004942841:
3202112092000080008691341:
3202112092000090008711197:
3202112092000120008503303:
3202112092000150009354582:
3202112092000180008715839:
3202112092000200005252069:
3202112092000230004937930:
3202112092000250005248596:
3202112092000260008699992:
3202112092000290008692290:
3202112092000320009327615:
3202112092000330008693920:
3202112092000350008709488:
3202112092000370009322590:
3202112092000380008689944:
3202112092000400005252022:
3202112092000420008518736:
3202112092000430005263716:
3202112092000450004987910:
3202112092000460005250569:
3202112092000480005269401:
3202112092000500004596344:
3202112092000510008499165:
3202112092000540005248458:
3202112092000560005263924:
3202112092000590008501288:
3202112092001010005254542:
3202112092001040003137991:
3202112092001080004988079:
3202112092001110005004742:
3202112092001140005011155:
3202112092001160004604851:
3202112092001190009343384:
3202112092001210005262501:
3202112092001230008680442:
3202112092001250005248597:
3202112092001270009348776:
3202112092001290009339792:
3202112092001310000424146:
3202112092001340004965754:
3202112092001380008692117:
3202112092001390004965754:
3202112092001410008693892:
3202112092001440005267344:
3202112092001470004988205:
3202112092001480004993672:
3202112092001510005249652:
3202112092001590005258215:
3202112092002010008711249:
3202112092002030009280051:
3202112092002050009343149:
3202112092002070006039974:
3202112092002090004931701:
3202112092002110005249704:
3202112092002120004952229:
3202112092002140004929235:
3202112092002160004162162:
3202112092002180008677829:
3202112092002200008710875:
3202112092002220005262094:
3202112092002240008492065:
3202112092002270009233695:
3202112092002310004923548:
3202112092002590005273785:
3202112092003100005251357:
3202112092003130004996481:
3202112092003240006021991:
3202112092004060004158333:
3202112092004170008513325:
3202112092004390005271893:
3202112092005210009346020:
3202112092005260005012521:
3202112092006360004993934:
3202112092007040009281928:
3202112092007290005266872:
3202112092008160008698121:
3202112092011200009336990:
3202112092011400004955828:
3202112092013490008497634:
3202112092104450006015460:
3202112092107190009300590:
3202112092107440008494964:
3202112092111270006025823:
3202112092114210004935107:
3202112092108060009254000:
3202112092108080009274874:
3202112092157130008703693:
3202112092157300006014941:
3202112092157580004974136:
3202112092158010003126147:
3202112092158030008679943:
3202112092158080005009382:
3202112092158130009230815:
3202112092158190009342954:
3202112092158280009226952:
3202112092158590006030480:
3202112092159020009331842:
3202112092159050005264920:
3202112092159090009324879:
3202112092159100009306586:
3202112092159120005259624:
3202112092159150009252970:
3202112092159170008717268:
3202112092159190005265851:
3202112092159220009346367:
3202112092159260005270075:
3202112092159320008498188:
3202112092159370009234458:
3202112092200010000424167:
3202112092200030004926757:
3202112092200040006018008:
3202112092200060005254537:
3202112092200080008680280:
3202112092200100005252018:
3202112092200120004962972:
3202112092200130008710216:
3202112092200150009335560:
3202112092200160009283931:
3202112092200180004926955:
3202112092200190006024859:
3202112092200210009309829:
3202112092200220004998074:
3202112092200240008507829:
3202112092200260009354349:
3202112092200280006039541:
3202112092200290005264728:
3202112092200310004949833:
3202112092200320005252027:
3202112092200340009339802:
3202112092200360005248599:
3202112092200370005258213:
3202112092200390004969304:
3202112092200400005008358:
3202112092200420005249720:
3202112092200440009234240:
3202112092200450005255416:
3202112092200470005249720:
3202112092200500009275492:
3202112092200510004970930:
3202112092200530005250572:
3202112092200550007418333:
3202112092200570004162430:
3202112092200580005005263:
3202112092201000005254715:
3202112092201010005271891:
3202112092201030005255676:
3202112092201050008680900:
3202112092201070004927539:
3202112092201080009324637:
3202112092201100003132773:
3202112092201110004966362:
3202112092201130004989794:
3202112092201150004923617:
3202112092201170008494201:
3202112092201200009354391:
3202112092201220005271892:
3202112092201230009290264:
3202112092201250004933136:
3202112092201270009326658:
3202112092201290004604856:
3202112092201300009326658:
3202112092201320005263920:
3202112092201340005252020:
3202112092201350008498021:
3202112092201370004928640:
3202112092201390009300618:
3202112092201400005263714:
3202112092201410004986730:
3202112092201430009321321:
3202112092201450006039016:
3202112092201470009284157:
3202112092201480004951537:
3202112092201510008502189:
3202112092201530005006315:
3202112092201540004951537:
3202112092201560005254423:
3202112092201570004949140:
3202112092201590008714702:
3202112092202000009343593:
3202112092202030004949239:
3202112092202050005254423:
3202112092202070004973922:
3202112092202090008698315:
3202112092202110005248460:
3202112092202130006039497:
3202112092202170004990107:
3202112092202250004948881:
3202112092202290005250571:
3202112092202340006041721:
3202112092202370008499556:
3202112092202440004930162:
3202112092202480004990953:
3202112092203140008677773:
3202112092203210004165753:
3202112092203300004936149:
3202112092204040004968472:
3202112092204060008688253:
3202112092204080008506766:
3202112092210270005259625:
3202112092210310005271888:
3202112092210580005253080:
4202112090739480005254930:
4202112090740570006015165:
4202112090741090005248457:
4202112090741410009234486:
4202112090744360005272915:
4202112090745490007396382:
4202112090746190005001511:
4202112090746530005250565:
4202112090747580005264164:
4202112090748050005253569:
4202112090748090004936688:
4202112090748120005270174:
4202112090748370004159574:
4202112090748470004929419:
4202112090748490005264545:
4202112090748510004936293:
4202112090749160007398203:
4202112090749310004974727:
4202112090749580005267481:
4202112090750080009272187:
4202112090750110004927939:
4202112090750130009234249:
4202112090750150004948548:
4202112090750160009339818:
4202112090750240004159570:
4202112090750310009236868:
4202112090750330001087543:
4202112090750380005264166:
4202112090750470000424167:
4202112090750510009324629:
4202112090750550005248602:
4202112090751110004981013:
4202112090751150008445656:
4202112090751340009324118:
4202112090751420004965170:
4202112090751460008677903:
4202112090751490008504234:
4202112090751510004162428:
4202112090751590008699709:
4202112090752130008493340:
4202112090752190004949437:
4202112090752230006020192:
4202112090752250004927575:
4202112090752270004169060:
4202112090752290004990686:
4202112090752320005250927:
4202112090752350007407499:
4202112090752380009339792:
4202112090752440009342997:
4202112090752460005004322:
4202112090752500005254707:
4202112090752560004957311:
4202112090752590004958669:
4202112090753040005251017:
4202112090753080009324572:
4202112090753100006039129:
4202112090753130005267444:
4202112090753170005005802:
4202112090753190004941228:
4202112090753250008494427:
4202112090753280006035802:
4202112090753310004931038:
4202112090753330009295454:
4202112090754010008512783:
4202112090754020006028799:
4202112090754040009234457:
4202112090754070009346340:
4202112090754090004946812:
4202112090754110009338161:
4202112090754140008496149:
4202112090754160004989259:
4202112090754170005251015:
4202112090754190008511222:
4202112090754200004953135:
4202112090754230005259625:
4202112090754250004967114:
4202112090754280005008693:
4202112090754450005248394:
4202112090754470005249654:
4202112090754590004972892:
4202112090755000006036336:
4202112090755030009341511:
4202112090755040005268443:
4202112090755060005264311:
4202112090755080005248661:
4202112090755170003137754:
4202112090755190005267723:
4202112090755290006025823:
4202112090755320002854367:
4202112090755350004989657:
4202112090755400009342143:
4202112090755420009339817:
4202112090755430009311280:
4202112090755460005254424:
4202112090755470009326600:
4202112090755490005264521:
4202112090755510004988966:
4202112090755520008501835:
4202112090755540005264170:
4202112090755550004605843:
4202112090755570009241075:
4202112090755590004926757:
4202112090756010008690224:
4202112090756030009252994:
4202112090756090009250787:
4202112090756160005254710:
4202112090756210004928616:
4202112090756260005263971:
4202112090756280005252070:
4202112090756290005267477:
4202112090756310009230812:
4202112090756380008710875:
4202112090756450007407459:
4202112090756460009341742:
4202112090756480009283323:
4202112090756540009324605:
4202112090756560004965343:
4202112090756580008499867:
4202112090757000009226821:
4202112090757020005252017:
4202112090757030004165756:
4202112090757050005251356:
4202112090757090005270181:
4202112090757250004962411:
4202112090757270004990375:
4202112090757290009305260:
4202112090757310009226817:
4202112090757330008495556:
4202112090757350007401131:
4202112090757370005272913:
4202112090757470005012741:
4202112090757480009342981:
4202112090757500005272226:
4202112090757520005248395:
4202112090757550004993409:
4202112090757560009292038:
4202112090758000009351768:
4202112090758030005265078:
4202112090758090005251020:
4202112090758110000431385:
4202112090758130004167843:
4202112090758160004939835:
4202112090758190004996716:
4202112090758230004936058:
4202112090758260004953650:
4202112090758280009247696:
4202112090758320004179142:
4202112090758420005272912:
4202112090758460009226797:
4202112090758590005248459:
4202112090759050005272917:
4202112090759080005267474:
4202112090759180004167849:
4202112090759220004957855:
4202112090759290009298223:
4202112090759370009354827:
4202112090759400006041875:
4202112090759520009287195:
4202112090800100008502693:
4202112090801570008503089:
4202112090802100004964545:
4202112090802320005252024:
4202112090803410008498988:
4202112090805320008519041:
4202112090807030009293535:
4202112090807060009254000:
4202112090830210004921785:
4202112091659020005265556:
4202112091725040005267474:
4202112091729530009354827:
4202112091748570008519041:
4202112091832150009305197:
4202112091900410009253995:
4202112091900430005001511:
4202112091900450004993409:
4202112091900490005007370:
4202112091900510009343592:
4202112091900520004990375:
4202112091900540005252024:
4202112091900560005266257:
4202112091900580004989259:
4202112091901000005270720:
4202112091901020004990686:
4202112091901040005270181:
4202112091901050009324118:
4202112091901070005267477:
4202112091901080004605843:
4202112091901100004967114:
4202112091901240009342978:
4202112091901330000431385:
4202112091901350005248602:
4202112091901360004965343:
4202112091901390009296645:
4202112091901410002854367:
4202112091901430009250787:
4202112091901450009346340:
4202112091901460004929419:
4202112091901480004981013:
4202112091901490009346055:
4202112091901510005248457:
4202112091901520009252994:
4202112091901540004929270:
4202112091902010004957311:
4202112091902030005250927:
4202112091902040008512783:
4202112091902150004962411:
4202112091902531513631101:
4202112091902570006028957:
4202112091903150005265078:
4202112091903320004965502:
4202112091903330004996716:
4202112091903350005007370:
4202112091903410005253569:
4202112091904550005272912:
4202112091904580005272917:
4202112091905170004927575:
4202112091905200006020192:
4202112091905290005248390:
4202112091909580008708992:
4202112091916590004972892:
4202112091917480005267480:
4202112091958560004159574:
4202112092000010004963073:
4202112092000030005270174:
4202112092000040004963073:
4202112092000060005270174:
4202112092000150004602281:
4202112092000200004936688:
4202112092000300004974727:
4202112092000320004936688:
4202112092000350003126360:
4202112092000420005004322:
4202112092000470009339930:
4202112092000500005004322:
4202112092000510008684967:
4202112092000530004946812:
4202112092000550004928604:
4202112092001000005001262:
4202112092001030009327620:
4202112092001070004953437:
4202112092001100009234249:
4202112092001130005250567:
4202112092001250007407499:
4202112092001310004162160:
4202112092001320008494427:
4202112092001370005251015:
4202112092001390005252070:
4202112092001430005268443:
4202112092001440005264311:
4202112092001490005264521:
4202112092002270006035802:
4202112092002520004167849:
4202112092002580004164864:
4202112092003010005251017:
4202112092003220006041875:
4202112092003240009230812:
4202112092003590004988966:
4202112092004430005264165:
4202112092004460005272226:
4202112092004500005267481:
4202112092004520005248661:
4202112092004540005249651:
4202112092004590004974233:
4202112092005140009283323:
4202112092005200008496149:
4202112092005270005262067:
4202112092006040005272907:
4202112092006090005262067:
4202112092006160005251022:
4202112092006230009232651:
4202112092006360005272915:
4202112092007020004989657:
4202112092007350009246202:
4202112092007570008509836:
4202112092008060004179142:
4202112092008240009241075:
4202112092009040006039129:
4202112092014320008698044:
4202112092003500004982114:
4202112092004400004924676:
4202112092056150006036876:
4202112092100070009346035:
4202112092105340008692560:
4202112092106100004927939:
4202112092106250005272910:
4202112092141340005254930:
4202112092144020004991241:
4202112092158150009351768:
4202112092159080009324629:
4202112092159200009247696:
4202112092200000009324605:
4202112092200020009336959:
4202112092200040005270772:
4202112092200050009292038:
4202112092200070008493340:
4202112092200080004929713:
4202112092200080009341742:
4202112092200110006031524:
4202112092200130008506912:
4202112092200140005264544:
4202112092200160005249654:
4202112092200170004936058:
4202112092200190004966178:
4202112092200200005263919:
4202112092200220005252017:
4202112092200230004948548:
4202112092200250005272909:
4202112092200260004169060:
4202112092200280004948548:
4202112092200290004159570:
4202112092200310009308083:
4202112092200330009342981:
4202112092200350008690203:
4202112092200370005264171:
4202112092200390004964407:
4202112092200410004165756:
4202112092200430004161988:
4202112092200450006028799:
4202112092200460004045200:
4202112092200480000431430:
4202112092200490005272252:
4202112092200510004949437:
4202112092200530008699709:
4202112092200550004953788:
4202112092200560005254710:
4202112092200580008690224:
4202112092200590009326626:
4202112092201020004167851:
4202112092201040005272908:
4202112092201050008508757:
4202112092201070004998055:
4202112092201080005251020:
4202112092201100009338161:
4202112092201120008495556:
4202112092201130005258478:
4202112092201150009287195:
4202112092201160009226797:
4202112092201180008500493:
4202112092201190004952531:
4202112092201210001087543:
4202112092201230007396382:
4202112092201250009305260:
4202112092201270009236868:
4202112092201280004990085:
4202112092201300005264545:
4202112092201320005008693:
4202112092201330004931038:
4202112092201350009341511:
4202112092201370003916932:
4202112092201380009295454:
4202112092201400008511222:
4202112092201420005255674:
4202112092201430005263971:
4202112092201450004957855:
4202112092201470005251356:
4202112092201490005254706:
4202112092201500009226821:
4202112092201520004941228:
4202112092201540003137754:
4202112092202040004605849:
4202112092202080004596345:
4202112092202300009311280:
4202112092202330007398203:
4202112092202400007402498:
4202112092202430005248395:
4202112092202450008716113:
4202112092202480008503089:
4202112092202520004968173:
4202112092202570004967900:
4202112092203320005252016:
4202112092207260009298223:
4202112092207320005272291:
4202112092207350005270175:
5202112090728460008497657:
5202112090734160005251019:
5202112090737560007404782:
5202112090738370004998138:
5202112090738390005012946:
5202112090738440004975531:
5202112090738500009285513:
5202112090739400005271889:
5202112090739590008494564:
5202112090740540009305457:
5202112090740570004989528:
5202112090741010004967585:
5202112090741200009346707:
5202112090741590006032924:
5202112090742030004924019:
5202112090745500009339273:
5202112090745550004989073:
5202112090746010004932362:
5202112090746040004989073:
5202112090746130004160314:
5202112090746160005248392:
5202112090746220009296798:
5202112090746260008517932:
5202112090746380004961022:
5202112090746400004162433:
5202112090746440004950845:
5202112090746520009346170:
5202112090746560004946775:
5202112090747050004605842:
5202112090747090008516236:
5202112090747130009236809:
5202112090747170005271890:
5202112090747200004162161:
5202112090747240004957738:
5202112090747310004950937:
5202112090747450009347607:
5202112090748040001079288:
5202112090748140006025812:
5202112090748170004938202:
5202112090748200005266100:
5202112090748230005251014:
5202112090748260004158137:
5202112090748310005259619:
5202112090748350008503915:
5202112090748380004941773:
5202112090748450009230781:
5202112090748521513645885:
5202112090749070006037287:
5202112090749180004969726:
5202112090749210008499208:
5202112090749260007402523:
5202112090749280005270074:
5202112090749320004968298:
5202112090749390004967900:
5202112090749460004994074:
5202112090749510004960782:
5202112090749550008695330:
5202112090749590004995938:
5202112090750090005270773:
5202112090750130004602278:
5202112090750180005255711:
5202112090750220008692450:
5202112090750300008503171:
5202112090750330004167847:
5202112090750360004596343:
5202112090750390004966418:
5202112090750410009252984:
5202112090750430009352009:
5202112090750460008717926:
5202112090750480005268448:
5202112090751010008690529:
5202112090751020009286616:
5202112090751050004961787:
5202112090751070005007370:
5202112090751090006022852:
5202112090751110004935186:
5202112090751140005249647:
5202112090751160004157441:
5202112090751200004980727:
5202112090751220005249706:
5202112090751290005254709:
5202112090751320004930090:
5202112090751340005250927:
5202112090751370008513950:
5202112090751400005258468:
5202112090751420004964719:
5202112090751450005012521:
5202112090751480004937490:
5202112090751500004968004:
5202112090751520006039493:
5202112090751550007402500:
5202112090752010004966761:
5202112090752030005272911:
5202112090752090005006958:
5202112090752130005264310:
5202112090752200004997873:
5202112090752240005263969:
5202112090752260004965814:
5202112090752280008500184:
5202112090752300004961404:
5202112090752330006030130:
5202112090752360009234480:
5202112090752380009233710:
5202112090752410006018008:
5202112090752470004946517:
5202112090752500008493750:
5202112090752530004990401:
5202112090752570009351823:
5202112090753000004922969:
5202112090753020005266259:
5202112090753050009346362:
5202112090753080004936419:
5202112090753110005266872:
5202112090753150005251354:
5202112090753180008694659:
5202112090753200009341030:
5202112090753350009321334:
5202112090753370004972420:
5202112090753390004958379:
5202112090753420009279709:
5202112090753440005004855:
5202112090753460004972171:
5202112090753480005270002:
5202112090753500005248394:
5202112090753520004924182:
5202112090753560004967073:
5202112090753590009351308:
5202112090754000006036336:
5202112090754030004975166:
5202112090754050005267724:
5202112090754070004167842:
5202112090754080004989232:
5202112090754100005272914:
5202112090754130006016276:
5202112090754150001108277:
5202112090754240004951445:
5202112090754300004966591:
5202112090754340008496310:
5202112090754360004921536:
5202112090754390002854367:
5202112090754400004928389:
5202112090754480005272371:
5202112090754510009282809:
5202112090754530004159572:
5202112090754550005266257:
5202112090754560005270172:
5202112090754590008699606:
5202112090755010007407739:
5202112090755040009321395:
5202112090755050005267056:
5202112090755090009280491:
5202112090755120003137991:
5202112090755140004976589:
5202112090755160008512216:
5202112090755170005264544:
5202112090755190008512216:
5202112090755210005254539:
5202112090755230004945980:
5202112090755250004923454:
5202112090755270005248389:
5202112090755290006030118:
5202112090755310004932359:
5202112090755330005006101:
5202112090755350004927329:
5202112090755370004957428:
5202112090755380005267473:
5202112090755400004931257:
5202112090755430009324076:
5202112090755460009339219:
5202112090755480004934727:
5202112090755500004997809:
5202112090755520003920040:
5202112090755530005264312:
5202112090755550005005056:
5202112090755570005256328:
5202112090755590004934727:
5202112090756010004931701:
5202112090756030004997809:
5202112090756050008506766:
5202112090756060007411321:
5202112090756090004986846:
5202112090756110004967590:
5202112090756130009226440:
5202112090756150008494201:
5202112090756170004968194:
5202112090756190008510090:
5202112090756220008511510:
5202112090756230005254423:
5202112090756250006039541:
5202112090756270004966986:
5202112090756280006033090:
5202112090756310004957545:
5202112090756330004966750:
5202112090756360005248386:
5202112090756380004989670:
5202112090756400008709011:
5202112090756420008676811:
5202112090756430005012741:
5202112090756450004968100:
5202112090756470008701083:
5202112090756480004997608:
5202112090756500004941508:
5202112090756530006023662:
5202112090756540004968208:
5202112090756560004940672:
5202112090756590005265081:
5202112090757020004602281:
5202112090757040009292038:
5202112090757060006030142:
5202112090757070004602281:
5202112090757090008510716:
5202112090757100005006528:
5202112090757120004952229:
5202112090757140008515021:
5202112090757170005263924:
5202112090757190004981830:
5202112090757200004991584:
5202112090757220007412611:
5202112090757230004956498:
5202112090757260005263012:
5202112090757300009230754:
5202112090757320005264171:
5202112090757360004927727:
5202112090757370004605852:
5202112090757390004942040:
5202112090757400004996986:
5202112090757420004962761:
5202112090757440004994314:
5202112090757460004951489:
5202112090757480004987744:
5202112090757500009340820:
5202112090757520008697836:
5202112090757540001083110:
5202112090757550004951489:
5202112090757570004992723:
5202112090757590009354401:
5202112090758010009342959:
5202112090758030008494613:
5202112090758050006041875:
5202112090758080004959001:
5202112090758100004965754:
5202112090758130008696894:
5202112090758140008497935:
5202112090758160009348543:
5202112090758180009346033:
5202112090758210004167849:
5202112090758230005008846:
5202112090758250004954090:
5202112090758270007414082:
5202112090758290004949598:
5202112090758310005004848:
5202112090758330004963073:
5202112090758340004966903:
5202112090758360004180013:
5202112090758380005267341:
5202112090758400007395592:
5202112090758420005266258:
5202112090758430008701274:
5202112090758460006036994:
5202112090759020004157151:
5202112090759040009326658:
5202112090759070006039506:
5202112090759090004969384:
5202112090759120009354001:
5202112090759150008512859:
5202112090759170004975477:
5202112090759190004993674:
5202112090759210004982680:
5202112090759230004162434:
5202112090759260009339524:
5202112090759280009346035:
5202112090759300008502189:
5202112090759320009322682:
5202112090759340009297056:
5202112090759360009352010:
5202112090759390005259621:
5202112090759400009342962:
5202112090759420005263920:
5202112090759440003132773:
5202112090759460009246202:
5202112090759470009327620:
5202112090759500009339144:
5202112090759510008718216:
5202112090759530003892332:
5202112090759550004996445:
5202112090759560009339837:
5202112090759580004178213:
5202112090800010004994575:
5202112090800030008502984:
5202112090800040008500113:
5202112090800060006018006:
5202112090800120009240533:
5202112090800140008692560:
5202112090800180006028797:
5202112090800250004966802:
5202112090800360009343593:
5202112090800390009339834:
5202112090800420005252028:
5202112090800450005254708:
5202112090800590004951477:
5202112090801010008508757:
5202112090801240004964545:
5202112090801281513409863:
5202112090801290005265555:
5202112090801320004599827:
5202112090801330009342183:
5202112090801370004990107:
5202112090801410009305197:
5202112090801430006036876:
5202112090801570005262048:
5202112090803140009254207:
5202112090804490004605844:
5202112090804500007410282:
5202112090804550009281814:
5202112090805120009225494:
5202112090806280009226392:
5202112090807140009339803:
5202112090812030009302380:
5202112090815220007410385:
5202112090828310005249644:
5202112090914350006016277:
5202112091701530004998138:
5202112091701580004975531:
5202112091703490008513950:
5202112091703510006030142:
5202112091703550004992723:
5202112091704140004922875:
5202112091704390009351823:
5202112091705210005249653:
5202112091705360009339803:
5202112091705410005249653:
5202112091705460004961404:
5202112091706550004950845:
5202112091706580004966903:
5202112091707260009325535:
5202112091707320009233710:
5202112091707460004932362:
5202112091707540004957545:
5202112091707560004159572:
5202112091707590006033090:
5202112091708070009305457:
5202112091708440004969384:
5202112091711010007421743:
5202112091711350004967585:
5202112091713240006031525:
5202112091714180007410282:
5202112091716300004167850:
5202112091722400006009777:
5202112091724150005263923:
5202112091734400006016090:
5202112091804030005270172:
5202112091817080004968004:
5202112091817100004992022:
5202112091817130004940674:
5202112091820020004968004:
5202112091831070004975255:
5202112091831340008703345:
5202112091900290009346170:
5202112091900300009279709:
5202112091900330004923454:
5202112091900350004157441:
5202112091900370004930090:
5202112091900390009276680:
5202112091900410005266100:
5202112091900580004989232:
5202112091901010008692450:
5202112091901040009282809:
5202112091901060005270002:
5202112091902230006030118:
5202112091902260006039493:
5202112091902280004158137:
5202112091902350004959001:
5202112091902390004167847:
5202112091902420004995938:
5202112091902450008512216:
5202112091902470008494564:
5202112091902500005272911:
5202112091902520004981830:
5202112091902550009352009:
5202112091902580004972171:
5202112091903010004975166:
5202112091903030004994074:
5202112091903060005004855:
5202112091903080004958379:
5202112091903120009296798:
5202112091903350009321395:
5202112091903370009236809:
5202112091903410008517932:
5202112091903550006037287:
5202112091903580004989365:
5202112091904010004599825:
5202112091904050005248386:
5202112091904180004921536:
5202112091904380004960782:
5202112091904400004967416:
5202112091904440006037287:
5202112091904530006039969:
5202112091905090004937490:
5202112091905310004160311:
5202112091905430004987744:
5202112091905480008496310:
5202112091905530008697836:
5202112091905550005248389:
5202112091905580005249645:
5202112091906000004961787:
5202112091906040004924019:
5202112091906180005254709:
5202112091906250005266259:
5202112091906310008516236:
5202112091906330008503171:
5202112091906390004947107:
5202112091906440005256328:
5202112091906470009232378:
5202112091906500009339524:
5202112091907550009226412:
5202112091909490008690234:
5202112091910090009354401:
5202112091910130009280491:
5202112091912370004167842:
5202112091921100004596343:
5202112091924110005249644:
5202112091959010004965866:
5202112091959050005005063:
5202112092000000006017488:
5202112092000020008695330:
5202112092000040005251016:
5202112092000060008695330:
5202112092000080004161989:
5202112092000110004957738:
5202112092000190004921380:
5202112092000240001083110:
5202112092000370005006101:
5202112092000390005268448:
5202112092000400005258468:
5202112092000420008510716:
5202112092000440008699606:
5202112092000460001108277:
5202112092000480005258468:
5202112092000490005012946:
5202112092000510004965814:
5202112092000520008697764:
5202112092000540007401654:
5202112092000560004927329:
5202112092000590004951489:
5202112092001000008500184:
5202112092001020004927329:
5202112092001040008500184:
5202112092001060005012946:
5202112092001070009226826:
5202112092001090008493750:
5202112092001100004922969:
5202112092001120004924182:
5202112092001140004952169:
5202112092001160007402500:
5202112092001180006039130:
5202112092001200008515021:
5202112092001220009342959:
5202112092001240005272914:
5202112092001260006030130:
5202112092001280004946517:
5202112092001300004997809:
5202112092001330009342959:
5202112092001350004946517:
5202112092001370004966418:
5202112092001380004950937:
5202112092001400004980727:
5202112092001410005262500:
5202112092001430008702320:
5202112092001440005249647:
5202112092001460005251354:
5202112092001470004990401:
5202112092001490006032924:
5202112092001500008499208:
5202112092001520007411321:
5202112092001540004989670:
5202112092001550008499208:
5202112092001570004936419:
5202112092001580008690529:
5202112092002000009321334:
5202112092002020004967073:
5202112092002040008717926:
5202112092002061513645885:
5202112092002080004167848:
5202112092002090004180013:
5202112092002110005267341:
5202112092002130009290365:
5202112092002150008676811:
5202112092002170008696388:
5202112092002190008680442:
5202112092002200005011308:
5202112092002220008676811:
5202112092002230004963035:
5202112092002240004951445:
5202112092002260004935186:
5202112092002270004966761:
5202112092002310008694659:
5202112092002390004966761:
5202112092002410008694659:
5202112092002420005006958:
5202112092002450009347607:
5202112092002480005259619:
5202112092002490009230754:
5202112092002520001079288:
5202112092002540004963035:
5202112092002570004969726:
5202112092003000004934727:
5202112092003020004963035:
5202112092003040004934727:
5202112092003050004605842:
5202112092003080004160314:
5202112092003100009346362:
5202112092003140006025812:
5202112092003160004989528:
5202112092003180005258489:
5202112092003190006041715:
5202112092003210009230781:
5202112092003240009234480:
5202112092003260004966986:
5202112092003280005270773:
5202112092003320004968298:
5202112092003340008503915:
5202112092003380009339273:
5202112092003410005272371:
5202112092003420004993674:
5202112092003450004989073:
5202112092003470009351308:
5202112092003490007414082:
5202112092003510006036993:
5202112092003550009294273:
5202112092003570004972420:
5202112092004000005267475:
5202112092004020004946775:
5202112092004180006021991:
5202112092004210009341030:
5202112092004370007402194:
5202112092005110008718216:
5202112092005140005005056:
5202112092005170009341030:
5202112092005220004599831:
5202112092005330003920040:
5202112092005370009346707:
5202112092005400009341030:
5202112092005450004958690:
5202112092007240009341030:
5202112092007400005267473:
5202112092008380004605846:
5202112092008460006042873:
5202112092011050005254708:
5202112092014160004923771:
5202112092014180004943327:
5202112092014200008709011:
5202112092014220009225494:
5202112092014290009252984:
5202112092015020009339219:
5202112092015360004957428:
5202112092016160008500113:
5202112092017360004957428:
5202112092009430009226392:
5202112092005530004924676:
5202112092044180006022855:
5202112092044360009324076:
5202112092044390008706494:
5202112092052270004967590:
5202112092056360009234486:
5202112092057390009340824:
5202112092057410004964719:
5202112092059440004961221:
5202112092100050008701083:
5202112092101080008500312:
5202112092101500004933649:
5202112092102240004997873:
5202112092102270004932359:
5202112092102410005272316:
5202112092103300005268169:
5202112092103400005258218:
5202112092104140005268168:
5202112092107400004958069:
5202112092100350004977027:
5202112092145210004991241:
5202112092156380005267724:
5202112092156470005251351:
5202112092158260004974136:
5202112092158270005252028:
5202112092158350007421690:
5202112092158370004967312:
5202112092158410004976407:
5202112092158440004939835:
5202112092158460004999443:
5202112092158470009243147:
5202112092158500005009382:
5202112092158510004975477:
5202112092158550005268450:
5202112092158560004931257:
5202112092158580005001068:
5202112092159000006020195:
5202112092159020004161986:
5202112092159050004949598:
5202112092159080007395592:
5202112092159100005263972:
5202112092159120004929645:
5202112092159140004602278:
5202112092159150008502984:
5202112092159170004159578:
5202112092159180009342954:
5202112092159220004602278:
5202112092159240004946192:
5202112092159250004941773:
5202112092159270005261578:
5202112092159300005250565:
5202112092159310004998544:
5202112092159340005249706:
5202112092159360004162161:
5202112092159380005268446:
5202112092159400005254539:
5202112092159420009331842:
5202112092159440005252076:
5202112092159450004927727:
5202112092159470004596347:
5202112092159520004980976:
5202112092159560004928175:
5202112092159590004165890:
5202112092200020004596346:
5202112092200040004936685:
5202112092200050004932392:
5202112092200070004976589:
5202112092200080005264163:
5202112092200100009302534:
5202112092200110006022852:
5202112092200130009324629:
5202112092200150005266099:
5202112092200160009342183:
5202112092200180009232653:
5202112092200190004162433:
5202112092200210009342183:
5202112092200220005254929:
5202112092200240009324629:
5202112092200250008493286:
5202112092200270009232653:
5202112092200290004934669:
5202112092200300005265555:
5202112092200320008508290:
5202112092200330005254929:
5202112092200350004934669:
5202112092200370005268686:
5202112092200380009324879:
5202112092200400004161985:
5202112092200410004952471:
5202112092200430005268449:
5202112092200440006018008:
5202112092200460007407459:
5202112092200480008695905:
5202112092200490008494613:
5202112092200530005254716:
5202112092200560008680280:
5202112092200570004923016:
5202112092201010009252970:
5202112092201020009254908:
5202112092201040005253082:
5202112092201050004923016:
5202112092201070005006528:
5202112092201080008710216:
5202112092201100005263969:
5202112092201110004968555:
5202112092201130004940881:
5202112092201160005254540:
5202112092201170004968592:
5202112092201190005005468:
5202112092201210004938202:
5202112092201230004954090:
5202112092201250009278808:
5202112092201260004948548:
5202112092201260009226440:
5202112092201290009226440:
5202112092201300009340820:
5202112092201320004997608:
5202112092201330004998074:
5202112092201350004986846:
5202112092201370004966591:
5202112092201380005248878:
5202112092201400004966591:
5202112092201410005263715:
5202112092201430009253739:
5202112092201450004947445:
5202112092201470009354001:
5202112092201480005255626:
5202112092201500004927029:
5202112092201520008504091:
5202112092201540004605852:
5202112092201560006021994:
5202112092201570003132773:
5202112092201590009352010:
5202112092202000005267056:
5202112092202020008499471:
5202112092202040003132773:
5202112092202080004604856:
5202112092202090006036336:
5202112092202110008680900:
5202112092202120008492776:
5202112092202130009290264:
5202112092202150004956498:
5202112092202160005249705:
5202112092202180005252073:
5202112092202190005248392:
5202112092202220008494201:
5202112092202240004961532:
5202112092202250000431430:
5202112092202270004961532:
5202112092202280004951477:
5202112092202300004952773:
5202112092202310007404782:
5202112092202330009286616:
5202112092202350004953182:
5202112092202360008506074:
5202112092202380005271892:
5202112092202390008431645:
5202112092202420008502189:
5202112092202440004930576:
5202112092202450004961644:
5202112092202460004167851:
5202112092202490004989794:
5202112092202500008501795:
5202112092202520006016276:
5202112092202530004961333:
5202112092202550008698315:
5202112092202560005248880:
5202112092202580004973922:
5202112092203010005262048:
5202112092203030005253081:
5202112092203050007412611:
5202112092203070005248394:
5202112092203090004605849:
5202112092203120004968194:
5202112092203140004596345:
5202112092203160008511510:
5202112092203190004990953:
5202112092203340009339834:
5202112092203580004165753:
5202112092203590008696238:
5202112092204020006018006:
5202112092204050003892332:
5202112092204070005264312:
5202112092204090009240533:
5202112092204110009288913:
5202112092204130004157151:
5202112092206200009324604:
5202112092208580006029920:
5202112092209030006033000:
5202112092203210005271889:
5202112092209240005271890:
5202112092209540005263012:
5202112092209560009281814:
5202112092240120009297056:
5202112092255410007410385:
5202112092256010004951327:
5202112092300030005255711:
5202112092315090007410385:
5202112092315130009326612:
5202112092340010009324604:
6202112090730160004992307:
6202112090732020004951327:
6202112090732190004935629:
6202112090734070006031524:
6202112090734440005251019:
6202112090735260004968173:
6202112090737430004946192:
6202112090738540005262500:
6202112090738580004158136:
6202112090740130005272916:
6202112090740210005270716:
6202112090740440005272916:
6202112090741120005270716:
6202112090743430004961644:
6202112090743470004161988:
6202112090743510009287614:
6202112090744260004596346:
6202112090744330004936685:
6202112090745160004159576:
6202112090745480000431430:
6202112090746040005272915:
6202112090746470005263968:
6202112090746480005267482:
6202112090746550004953182:
6202112090747020004961022:
6202112090747060005008853:
6202112090747110009292116:
6202112090747260008708048:
6202112090747280009292116:
6202112090747300008708048:
6202112090747380004923771:
6202112090747540004936293:
6202112090748170004998074:
6202112090748340005252073:
6202112090748380004972764:
6202112090748450005006747:
6202112090748490004987025:
6202112090748510005012405:
6202112090748540005248391:
6202112090748590005271893:
6202112090749010005258478:
6202112090749030004987731:
6202112090749060005248878:
6202112090749230009339225:
6202112090749290005267479:
6202112090749310004998194:
6202112090749490005265079:
6202112090749510004987731:
6202112090749530004160313:
6202112090749570005270005:
6202112090750280004927120:
6202112090750380006039510:
6202112090750410004957118:
6202112090750430008499805:
6202112090750560004990979:
6202112090750590004975690:
6202112090751030004926646:
6202112090751070008690234:
6202112090751090008683421:
6202112090751120004967296:
6202112090751160004596348:
6202112090751190004604852:
6202112090751230004167851:
6202112090751250005001068:
6202112090751270004604852:
6202112090751300004167851:
6202112090751350005267345:
6202112090751400005258213:
6202112090751430005249706:
6202112090751450005270173:
6202112090751490004596347:
6202112090751510004159579:
6202112090751560007402498:
6202112090752100004605847:
6202112090752130004948881:
6202112090752160004932608:
6202112090752190004596345:
6202112090752210009253995:
6202112090752230004605849:
6202112090752260004934669:
6202112090752290004952169:
6202112090752330008508290:
6202112090752350005268686:
6202112090752370005005468:
6202112090752400004952471:
6202112090752430008715839:
6202112090752500004932392:
6202112090752520006039974:
6202112090752530005249704:
6202112090752550004159571:
6202112090753000005253081:
6202112090753050004974233:
6202112090753140008508441:
6202112090753220008684967:
6202112090753230005270000:
6202112090753250008697764:
6202112090753280009233704:
6202112090753410005270001:
6202112090753450005010841:
6202112090753460005248390:
6202112090753510005254542:
6202112090754030008501795:
6202112090754080004961532:
6202112090754100004965031:
6202112090754130006030480:
6202112090754140004961532:
6202112090754160006021994:
6202112090754190005269841:
6202112090754300004965502:
6202112090754320004968592:
6202112090754340005006315:
6202112090754360006016276:
6202112090754380004989657:
6202112090754400009254908:
6202112090754430004928604:
6202112090754450005262499:
6202112090755010009327615:
6202112090755040004159573:
6202112090755060004970930:
6202112090755110009342978:
6202112090755130009252946:
6202112090755150000424146:
6202112090755170009348776:
6202112090755180005272907:
6202112090755200005270172:
6202112090755220008492776:
6202112090755230004928640:
6202112090755250009308083:
6202112090755260005264728:
6202112090755280004159578:
6202112090755320004976589:
6202112090755400004993934:
6202112090755440004931925:
6202112090755480005248880:
6202112090755490009278808:
6202112090755540008677829:
6202112090755570004952531:
6202112090755590005271892:
6202112090756010004599830:
6202112090756030005254540:
6202112090756050004989524:
6202112090756070008431645:
6202112090756090004928175:
6202112090756110004989794:
6202112090756120005253082:
6202112090756150005270004:
6202112090756190005267344:
6202112090756200005272290:
6202112090756220001114611:
6202112090756240004931257:
6202112090756250005264312:
6202112090756270008686117:
6202112090756290004929235:
6202112090756310004977027:
6202112090756330009331842:
6202112090756350005269401:
6202112090756370008497774:
6202112090756390005272226:
6202112090756410004968194:
6202112090756430005273786:
6202112090756440005268447:
6202112090756490005270006:
6202112090756520005254712:
6202112090756540004958069:
6202112090756560005270771:
6202112090756580004966750:
6202112090757000004988793:
6202112090757020005272909:
6202112090757040004989670:
6202112090757060004165890:
6202112090757070006025807:
6202112090757090006033000:
6202112090757110005268450:
6202112090757130004602280:
6202112090757150004162430:
6202112090757160004922029:
6202112090757180005251013:
6202112090757190004167852:
6202112090757210004988079:
6202112090757230005252022:
6202112090757250008709488:
6202112090757260008506074:
6202112090757280008507829:
6202112090757290008693920:
6202112090757310004933902:
6202112090757320004966178:
6202112090757340004164864:
6202112090757350004928833:
6202112090757380009354349:
6202112090757400009325535:
6202112090757420007412611:
6202112090757440005267480:
6202112090757460004045200:
6202112090757490004991584:
6202112090757500006015460:
6202112090757520005270772:
6202112090757530005261061:
6202112090757550004965866:
6202112090757560004927539:
6202112090757580004968886:
6202112090758000005263716:
6202112090758010009348748:
6202112090758050004976000:
6202112090758060004962761:
6202112090758080004967379:
6202112090758100004953788:
6202112090758110005262498:
6202112090758130005264721:
6202112090758150005254706:
6202112090758170004966362:
6202112090758190004998544:
6202112090758210005255416:
6202112090758240008698315:
6202112090758260005254929:
6202112090758280008495468:
6202112090758300008494613:
6202112090758320004997277:
6202112090758340008511510:
6202112090758350004962579:
6202112090758370005006239:
6202112090758380008695905:
6202112090758400004929408:
6202112090758430004161985:
6202112090758480004949598:
6202112090758510005008846:
6202112090758530005265558:
6202112090758560008499471:
6202112090758580005267476:
6202112090759000005266258:
6202112090759010006036994:
6202112090759040009354391:
6202112090759110004980976:
6202112090759130004923548:
6202112090759150009354582:
6202112090759160004979341:
6202112090759180004937930:
6202112090759200009254212:
6202112090759210004157151:
6202112090759240004993672:
6202112090759460004988378:
6202112090759500008509836:
6202112090759550008693892:
6202112090800000005249651:
6202112090800010009322590:
6202112090800040009339144:
6202112090800090004929016:
6202112090800130003892332:
6202112090801250004951477:
6202112090801470004936854:
6202112090801570008698121:
6202112090802040004158135:
6202112090802090006033720:
6202112090802170005009021:
6202112090802210005262048:
6202112090802230004923617:
6202112090802410009339211:
6202112090802540005263715:
6202112090803130004989820:
6202112090806050005251353:
6202112090808180004975841:
6202112090813270008506597:
6202112090837310009298073:
6202112090840120005259620:
6202112090847450005251022:
6202112090914320004963347:
6202112090914420005262496:
6202112090917330009279594:
6202112091028190005272210:
6202112091700240005265556:
6202112091701060008506632:
6202112091702200004602280:
6202112091707070009325535:
6202112091710140004928833:
6202112091712290006036994:
6202112091713420009254002:
6202112091732420009310727:
6202112091802280009292116:
6202112091802570004957118:
6202112091803450005270172:
6202112091859160006023662:
6202112091901550004932608:
6202112091901590009339144:
6202112091902000004936854:
6202112091902510005267479:
6202112091902580002851443:
6202112091903010005267479:
6202112091903030009295891:
6202112091903050005251353:
6202112091903240005251021:
6202112091903250004159573:
6202112091903550004953650:
6202112091904380008690234:
6202112091906080008708048:
6202112091906360005248391:
6202112091906450005272916:
6202112091907480004936293:
6202112091908090008517056:
6202112091910570006033720:
6202112091915520004996986:
6202112091902450004963347:
6202112091958460004951627:
6202112091958490005005063:
6202112091958540004981830:
6202112091959010004987025:
6202112092000030004936413:
6202112092000060008506597:
6202112092000150004987025:
6202112092000180005254707:
6202112092000200006028451:
6202112092000210008687514:
6202112092000230004605851:
6202112092000250009226447:
6202112092000270008686117:
6202112092000290005264721:
6202112092000320009287614:
6202112092000340006039130:
6202112092000360004994314:
6202112092000390005262498:
6202112092000410004933902:
6202112092000430005273786:
6202112092000440004159571:
6202112092000480004968100:
6202112092000500004952169:
6202112092000520009354582:
6202112092000530005008846:
6202112092000550008699992:
6202112092000570005263968:
6202112092000590005267482:
6202112092001000008689944:
6202112092001020005266258:
6202112092001030004158136:
6202112092001050005273787:
6202112092001070004162429:
6202112092001090004599827:
6202112092001120005258214:
6202112092001130004989524:
6202112092001150005265083:
6202112092001170005265082:
6202112092001190004159576:
6202112092001210004160313:
6202112092001220005270173:
6202112092001240005272292:
6202112092001250004989670:
6202112092001270006037924:
6202112092001280009233704:
6202112092001300004159579:
6202112092001310005254712:
6202112092001330004961022:
6202112092001350008499149:
6202112092001370004987731:
6202112092001390005256125:
6202112092001400004966750:
6202112092001410005272290:
6202112092001430004926646:
6202112092001450004599830:
6202112092001460009348776:
6202112092001480005270001:
6202112092001490004167852:
6202112092001510008709393:
6202112092001520004967379:
6202112092001540004167846:
6202112092001560008497774:
6202112092001570005262499:
6202112092001590004165755:
6202112092002000005269841:
6202112092002020005270006:
6202112092002120005270005:
6202112092002160005270000:
6202112092002180005270006:
6202112092002230005270004:
6202112092002260004165891:
6202112092002280005264727:
6202112092002300006039974:
6202112092002380004952229:
6202112092002400005268443:
6202112092002420004968886:
6202112092002430008710875:
6202112092002450005262094:
6202112092002460007419049:
6202112092002480009233695:
6202112092002510009343149:
6202112092003080005268447:
6202112092003110004178213:
6202112092003320009252946:
6202112092003340004975690:
6202112092003360004927120:
6202112092004370006039510:
6202112092004420005009021:
6202112092005370005012521:
6202112092005470005264164:
6202112092005490005272228:
6202112092007030005262067:
6202112092007240005272907:
6202112092009540008497935:
6202112092010200005254708:
6202112092011550006019315:
6202112092011580004160309:
6202112092012020005264720:
6202112092014160008497634:
6202112092015590004928616:
6202112092016050008516772:
6202112092021450009351758:
6202112092051050005259620:
6202112092051100007407502:
6202112092051120004992307:
6202112092053180005261061:
6202112092058330004934412:
6202112092058350008713215:
6202112092102070005268168:
6202112092105010006015460:
6202112092106380004964545:
6202112092107170004958069:
6202112092107590008494964:
6202112092108090004975841:
6202112092110160004977027:
6202112092114450004988378:
6202112092116030005267345:
6202112092156060004928581:
6202112092158080005252028:
6202112092158110005259621:
6202112092158140004605847:
6202112092158270005254536:
6202112092158290004931257:
6202112092158320005251019:
6202112092158350009286387:
6202112092158390008502984:
6202112092158410004596347:
6202112092158450005263972:
6202112092158470005252675:
6202112092158490005010841:
6202112092158500004946192:
6202112092158520005250568:
6202112092158550008495468:
6202112092158560009226952:
6202112092158590004929408:
6202112092159020007422489:
6202112092159030004923159:
6202112092159050004969598:
6202112092159070004165890:
6202112092159080005254539:
6202112092159100005251013:
6202112092159110004994575:
6202112092159180005268446:
6202112092159200004932392:
6202112092159260005255628:
6202112092159300004942040:
6202112092159320005266099:
6202112092159340004934669:
6202112092159370008695905:
6202112092159420004976589:
6202112092159490004953182:
6202112092159510005265555:
6202112092159540004962761:
6202112092159580004952471:
6202112092200010008508290:
6202112092200020009232629:
6202112092200040005264920:
6202112092200060005006747:
6202112092200080005268686:
6202112092200090007407459:
6202112092200110009348748:
6202112092200130004938202:
6202112092200140009254212:
6202112092200160008494613:
6202112092200170009254212:
6202112092200190005012405:
6202112092200200008494613:
6202112092200220005253082:
6202112092200230004966490:
6202112092200250004158135:
6202112092200260004965031:
6202112092200280004929202:
6202112092200290004938202:
6202112092200310009254908:
6202112092200320005272315:
6202112092200350009278808:
6202112092200370005272315:
6202112092200390005005468:
6202112092200400004968555:
6202112092200420005264920:
6202112092200430005254540:
6202112092200450009278808:
6202112092200460004931925:
6202112092200480008698795:
6202112092200510006025807:
6202112092200530008507829:
6202112092200540005270716:
6202112092200560004976000:
6202112092200570005264728:
6202112092200590004926955:
6202112092201000004922029:
6202112092201020005267056:
6202112092201030005008358:
6202112092201070004936557:
6202112092201130008496367:
6202112092201150004990111:
6202112092201170004969304:
6202112092201180004936557:
6202112092201200005248396:
6202112092201210004979341:
6202112092201230006021994:
6202112092201250008697063:
6202112092201270005263970:
6202112092201290004996445:
6202112092201300008511510:
6202112092201330005008853:
6202112092201350004956498:
6202112092201360009339837:
6202112092201380008492776:
6202112092201390009339837:
6202112092201410008506074:
6202112092201420008492776:
6202112092201440004951477:
6202112092201460005252073:
6202112092201500007404782:
6202112092201520009281193:
6202112092201540008501795:
6202112092201560009286616:
6202112092201570005263975:
6202112092201590004962579:
6202112092202000004961532:
6202112092202020008431645:
6202112092202040004998194:
6202112092202050005265079:
6202112092202070005265558:
6202112092202080006016276:
6202112092202110005006239:
6202112092202120004997277:
6202112092202140005271892:
6202112092202150009321321:
6202112092202170004604852:
6202112092202180004935629:
6202112092202200004961644:
6202112092202220004948585:
6202112092202240008498021:
6202112092202250006016276:
6202112092202270009343593:
6202112092202280005248880:
6202112092202300004961333:
6202112092202310004982680:
6202112092202330008499805:
6202112092202360005262048:
6202112092202370005253081:
6202112092202400007412611:
6202112092202430005270182:
6202112092202440005006315:
6202112092202460004949140:
6202112092202470004988793:
6202112092202510004968194:
6202112092202540004948881:
6202112092202550007421210:
6202112092202580008501482:
6202112092203000004929016:
6202112092203011513409863:
6202112092203040004990979:
6202112092203060008683421:
6202112092203090004935891:
6202112092203230007398203:
6202112092203270004967296:
6202112092203290006018006:
6202112092203310008696238:
6202112092203330005264312:
6202112092203410008512859:
6202112092203430003892332:
6202112092203450009240533:
6202112092203470009276489:
6202112092203500004157151:
6202112092203520009288913:
6202112092203530004937089:
6202112092203550001114611:
6202112092203590004605844:
6202112092204270008688253:
6202112092204290008506766:
6202112092204310004596350:
6202112092208210009339211:
6202112092210310004989820:
8202112090741150006015165:
8202112090741350005248457:
8202112090746090007396382:
8202112090746390005001511:
8202112090747210005250565:
8202112090748120008716113:
8202112090748330005253569:
8202112090748370008511681:
8202112090749010004929419:
8202112090749180005264545:
8202112090749540004974727:
8202112090750140008500626:
8202112090750370004927939:
8202112090750390009234249:
8202112090750400004948548:
8202112090750510009236868:
8202112090750540001087543:
8202112090751020004953437:
8202112090751040005264166:
8202112090751080000424167:
8202112090751110009324629:
8202112090751180005248602:
8202112090751290004981013:
8202112090751350008445656:
8202112090752040004162428:
8202112090752110008504234:
8202112090752140009273291:
8202112090752160009301802:
8202112090752190005007370:
8202112090752260005272910:
8202112090752320008493340:
8202112090752350004949437:
8202112090752480006020192:
8202112090752500004927575:
8202112090752520004990686:
8202112090752540004169060:
8202112090752580009339792:
8202112090753010007407499:
8202112090753110005254707:
8202112090753140004957311:
8202112090753170009296645:
8202112090753190004991542:
8202112090753260005251017:
8202112090753280009324572:
8202112090753430004941228:
8202112090753530004931038:
8202112090754100008512783:
8202112090754230009346340:
8202112090754250006028799:
8202112090754280008496149:
8202112090754320004989259:
8202112090754340004935638:
8202112090754350005251015:
8202112090754410004967114:
8202112090754430004953135:
8202112090754480005008693:
8202112090755040008511222:
8202112090755090003126360:
8202112090755170004972892:
8202112090755210005268443:
8202112090755220009341511:
8202112090755250005264311:
8202112090755270006036336:
8202112090756070009311280:
8202112090756090005266257:
8202112090756150004605843:
8202112090756240008690224:
8202112090756260009252994:
8202112090756320009250787:
8202112090756430005263971:
8202112090756450005252070:
8202112090756490005267477:
8202112090756530008710875:
8202112090757120009341742:
8202112090757140009283323:
8202112090757160004965343:
8202112090757240008499867:
8202112090757270005252017:
8202112090757290004165756:
8202112090757310005251356:
8202112090757330005270181:
8202112090757470004990375:
8202112090757500009305260:
8202112090757560008495556:
8202112090758010005248395:
8202112090758360005264171:
8202112090758380004996716:
8202112090758410009300590:
8202112090758580004159574:
8202112090800380005251016:
8202112090800400008502693:
8202112090800510005270720:
8202112090802190008503089:
8202112091701590008445656:
8202112091711220006036994:
8202112091728310009354827:
8202112091900200005001511:
8202112091900250005007370:
8202112091900260009253995:
8202112091900330004990375:
8202112091900350005252024:
8202112091900360005266257:
8202112091900380005270720:
8202112091900390004989259:
8202112091900410004990686:
8202112091900420004605843:
8202112091900440005248459:
8202112091900500004967114:
8202112091900560009342978:
8202112091900590009339818:
8202112091901020009296645:
8202112091901050009339817:
8202112091901070005248602:
8202112091901090004965343:
8202112091901110009250787:
8202112091901130009346340:
8202112091901150004981013:
8202112091901170009346055:
8202112091901190002854367:
8202112091901210004936293:
8202112091901230009252994:
8202112091901250009342143:
8202112091901300004929270:
8202112091901320005250927:
8202112091901410008512783:
8202112091901430004957311:
8202112091901460004927575:
8202112091901490004958669:
8202112091901590005264170:
8202112091902240008504234:
8202112091902320006028957:
8202112091902490008502693:
8202112091902500007402196:
8202112091903050009290271:
8202112091903140004965502:
8202112091903170004996716:
8202112091903190005253569:
8202112091903200008702698:
8202112091903330009301802:
8202112091904530006020192:
8202112091916440004972892:
8202112091920480004162428:
8202112091958250008511681:
8202112091958340004159574:
8202112092000060004974727:
8202112092000350005001262:
8202112092000390009327620:
8202112092000460009234249:
8202112092000490005250567:
8202112092000540009342997:
8202112092000570003126360:
8202112092001010005251015:
8202112092001060007407499:
8202112092001100009342962:
8202112092001110005251015:
8202112092001140004965170:
8202112092001160005268443:
8202112092001180005264311:
8202112092001200005252070:
8202112092001250004991528:
8202112092001270005012741:
8202112092001420004991542:
8202112092001570004167843:
8202112092002130004167849:
8202112092002320005251017:
8202112092002340004164864:
8202112092002500009339821:
8202112092002540009230812:
8202112092002580006041875:
8202112092002590004953135:
8202112092003410004988966:
8202112092004440004974233:
8202112092004490009283323:
8202112092005060008496149:
8202112092006460004989657:
8202112092007140009246202:
8202112092007290008509836:
8202112092007310005267444:
8202112092007450009326600:
8202112092105370004927939:
8202112092105490005005802:
8202112092105540009272187:
8202112092105560004162434:
8202112092136090005004848:
8202112092157400005248456:
8202112092200010009324572:
8202112092200030008495556:
8202112092200040005254534:
8202112092200060008500626:
8202112092200090004964407:
8202112092200100006028799:
8202112092200120009226797:
8202112092200130009234457:
8202112092200150009287195:
8202112092200170008501835:
8202112092200190009273291:
8202112092200200008500493:
8202112092200220009226391:
8202112092200230005271887:
8202112092200250001087543:
8202112092200270005251020:
8202112092200290005254710:
8202112092200300007396382:
8202112092200320004952531:
8202112092200340009305260:
8202112092200350009236868:
8202112092200370005264545:
8202112092200390001099428:
8202112092200420008499867:
8202112092200450005258478:
8202112092200470009341511:
8202112092200490005008693:
8202112092200550004931038:
8202112092200570009295454:
8202112092200580008511222:
8202112092201060005263971:
8202112092201080004957855:
8202112092201100005255674:
8202112092201120005251356:
8202112092201130005270771:
8202112092201150009286996:
8202112092201170009226817:
8202112092201190005254706:
8202112092201200008677903:
8202112092201220005252021:
8202112092201240006015165:
8202112092201260004941228:
8202112092201290009226821:
8202112092201310005252029:
8202112092201330003137754:
8202112092201350005254051:
8202112092201370005267723:
8202112092201400005248394:
8202112092202080009311280:
8202112092202190005254424:
8202112092202200007402498:
8202112092202220005264166:
8202112092202240005248395:
8202112092202250008716113:
8202112092202280004968173:
8202112092202400004967900:
