2202112050004490008510090:
2202112050005050004947445:
2202112050005340004972420:
2202112050005370004947445:
2202112050730130004966050:
2202112050736380005265080:
2202112050738210009254926:
2202112050738290004929937:
2202112050740440006029990:
2202112050740490004941773:
2202112050742520008424093:
2202112050742560004947963:
2202112050743040005269999:
2202112050744020009283296:
2202112050744130004605848:
2202112050744210004924676:
2202112050744300005255715:
2202112050746350006021875:
2202112050746390008497657:
2202112050747070006036505:
2202112050747200004933649:
2202112050747280004981261:
2202112050747350005270174:
2202112050747400008504041:
2202112050747490004937490:
2202112050748020008429638:
2202112050748040004924346:
2202112050748120005252072:
2202112050748160009253739:
2202112050748321513646659:
2202112050748440004960782:
2202112050748500009307295:
2202112050748540005265558:
2202112050749010009297569:
2202112050749040009290365:
2202112050749080005255675:
2202112050749110004957428:
2202112050749130005270840:
2202112050749250005267343:
2202112050749340009344566:
2202112050749400004968394:
2202112050749450005252028:
2202112050749530009230754:
2202112050749560009226447:
2202112050749580004605851:
2202112050750050005264727:
2202112050750160004997665:
2202112050750190005252073:
2202112050750210004966418:
2202112050750250004997665:
2202112050750300008505663:
2202112050750550004604853:
2202112050751030004599832:
2202112050751050009252984:
2202112050751070004963659:
2202112050751090004972764:
2202112050751110005263923:
2202112050751190004996134:
2202112050751270004167850:
2202112050751290004987910:
2202112050751320005258216:
2202112050751380009253997:
2202112050751400004605846:
2202112050751410004161991:
2202112050751450005270182:
2202112050752020008698044:
2202112050752080006014349:
2202112050752090009236810:
2202112050752120005272372:
2202112050752140005265313:
2202112050752150004965814:
2202112050752170004968004:
2202112050752210004980727:
2202112050752240005266871:
2202112050752270004967900:
2202112050752300005270001:
2202112050752370005263977:
2202112050752420004989073:
2202112050752440005258489:
2202112050752470005006958:
2202112050752490008681883:
2202112050752580006037924:
2202112050753070004967967:
2202112050753100004939835:
2202112050753120008709061:
2202112050753200004940674:
2202112050753220007407459:
2202112050753240005254540:
2202112050753260005271892:
2202112050753280004953182:
2202112050753310004165753:
2202112050753330007421743:
2202112050753370005258468:
2202112050753400004167848:
2202112050753430004992022:
2202112050753450008492705:
2202112050753480006029988:
2202112050753500004961221:
2202112050753520005268446:
2202112050753540004167848:
2202112050753560009226393:
2202112050753580009346707:
2202112050754010004986846:
2202112050754030004927120:
2202112050754050004982114:
2202112050754060004160311:
2202112050754080009279709:
2202112050754100004599827:
2202112050754140008493750:
2202112050754180005267056:
2202112050754230005258218:
2202112050754340008492776:
2202112050754440005254710:
2202112050754460004956498:
2202112050754510004596350:
2202112050754530004949598:
2202112050754550004935107:
2202112050754590001079879:
2202112050755030003137754:
2202112050755050006030142:
2202112050755070005272291:
2202112050755090004948881:
2202112050755110004921380:
2202112050755130005261061:
2202112050755140009232378:
2202112050755160004951489:
2202112050755180005270074:
2202112050755220009276908:
2202112050755240009324572:
2202112050755270009326618:
2202112050755280008492065:
2202112050755300004972767:
2202112050755320006030145:
2202112050755340004599831:
2202112050755350006022439:
2202112050755380008680442:
2202112050755400008697836:
2202112050755410008506766:
2202112050755430006016090:
2202112050755460004165890:
2202112050755480008701083:
2202112050755500004952531:
2202112050755520004968592:
2202112050755540006039497:
2202112050755570006030135:
2202112050755590002851478:
2202112050756020009253846:
2202112050756040008709369:
2202112050756070004967416:
2202112050756090008706494:
2202112050756110009341030:
2202112050756140004922875:
2202112050756150006020195:
2202112050756180008512059:
2202112050756200004990953:
2202112050756210004977027:
2202112050756230006039969:
2202112050756250005254422:
2202112050756270009321395:
2202112050756290007414082:
2202112050756300006033001:
2202112050756320004948585:
2202112050756330005248880:
2202112050756350007402482:
2202112050756360005263922:
2202112050756390004931193:
2202112050756410004936413:
2202112050756421513631101:
2202112050756440009284157:
2202112050756460009246193:
2202112050756470008426248:
2202112050756490004968544:
2202112050756510005267443:
2202112050756520006021994:
2202112050756540004923016:
2202112050756550004605852:
2202112050756570005012741:
2202112050756580004970618:
2202112050757000008696388:
2202112050757010004936557:
2202112050757030004954665:
2202112050757040005258214:
2202112050757060004933902:
2202112050757070005248878:
2202112050757090004928175:
2202112050757110009325535:
2202112050757120008506907:
2202112050757140004966591:
2202112050757150007402194:
2202112050757170009351823:
2202112050757180009293911:
2202112050757200005265083:
2202112050757220009339828:
2202112050757240004993146:
2202112050757260004964407:
2202112050757270005263970:
2202112050757290004976407:
2202112050757300009314286:
2202112050757320004165757:
2202112050757330009314286:
2202112050757350004930608:
2202112050757370004923159:
2202112050757380009279728:
2202112050757400009279481:
2202112050757420008506912:
2202112050757430005265082:
2202112050757450009232651:
2202112050757460005273787:
2202112050757480004604857:
2202112050757490009313676:
2202112050757520008701527:
2202112050757530009226826:
2202112050757550007421210:
2202112050757570004951627:
2202112050757590005272807:
2202112050758000004602280:
2202112050758030008707911:
2202112050758050005248458:
2202112050758060004159580:
2202112050758080004989657:
2202112050758120009297664:
2202112050758130009292038:
2202112050758150008713215:
2202112050758160005252032:
2202112050758180008502693:
2202112050758190005248457:
2202112050758210004929491:
2202112050758220004158333:
2202112050758240005254536:
2202112050758250009276489:
2202112050758270004963921:
2202112050758280004975875:
2202112050758300004989502:
2202112050758330004936058:
2202112050758340009302534:
2202112050758360009341742:
2202112050758370004161986:
2202112050758390009230815:
2202112050758400005261578:
2202112050758420005268444:
2202112050758430009330833:
2202112050758450008701274:
2202112050758480005263975:
2202112050758490005273785:
2202112050758510008512216:
2202112050758530004968208:
2202112050758540009343592:
2202112050758560007419049:
2202112050758570008511510:
2202112050758590005263919:
2202112050759000004995116:
2202112050759020003137991:
2202112050759030008516772:
2202112050759050009275335:
2202112050759060006751664:
2202112050759080004947445:
2202112050759090004990085:
2202112050759110004929713:
2202112050759120004167844:
2202112050759140004930576:
2202112050759200004996481:
2202112050759210005254538:
2202112050759230004941508:
2202112050759240008688253:
2202112050759260005258488:
2202112050759270006039130:
2202112050759300004993409:
2202112050759320005254716:
2202112050759360004993409:
2202112050759380009346038:
2202112050759400004599829:
2202112050759420004934727:
2202112050759420009300590:
2202112050759450006041875:
2202112050759470004927029:
2202112050759480004968555:
2202112050759500004980976:
2202112050759510006023662:
2202112050759530004960160:
2202112050759540009226412:
2202112050759560004604850:
2202112050759590008711249:
2202112050800000005268449:
2202112050800020009226412:
2202112050800040004990375:
2202112050800050008711249:
2202112050800070009290271:
2202112050800080009226440:
2202112050800100009232653:
2202112050800110008499149:
2202112050800130005265084:
2202112050800140008500889:
2202112050800160004968886:
2202112050800170004969598:
2202112050800190008500312:
2202112050800200008714113:
2202112050800220000431412:
2202112050800240004991241:
2202112050800250004966802:
2202112050800270008686663:
2202112050800280008500401:
2202112050800310009354391:
2202112050800320009339930:
2202112050800340009226391:
2202112050800350009309829:
2202112050800370004952773:
2202112050800390009322682:
2202112050800400008696238:
2202112050800420006017488:
2202112050800440004923617:
2202112050800460002851465:
2202112050800470008494333:
2202112050800490006022852:
2202112050800500004935186:
2202112050800520009254229:
2202112050800540009354349:
2202112050800560003132773:
2202112050800580004921669:
2202112050801000005250569:
2202112050801020009234089:
2202112050801030004921669:
2202112050801060008496367:
2202112050801130009343593:
2202112050801150005258470:
2202112050801180006021991:
2202112050801270008512859:
2202112050801300006028451:
2202112050801330004949177:
2202112050801350004951868:
2202112050801370004951537:
2202112050801380005009382:
2202112050801400006014941:
2202112050801420004596343:
2202112050801440009346020:
2202112050801450006024859:
2202112050801470009230812:
2202112050801490006031526:
2202112050801500004964719:
2202112050801520005006768:
2202112050801540005005802:
2202112050801560004966178:
2202112050801570005010999:
2202112050801590008500493:
2202112050802010009354581:
2202112050802020006041715:
2202112050802040004991528:
2202112050802060002851443:
2202112050802080008709393:
2202112050802100006039993:
2202112050802140009290264:
2202112050802170004604855:
2202112050802210004930389:
2202112050802350005255716:
2202112050802370008493286:
2202112050802390007401654:
2202112050802410004966490:
2202112050802420005249705:
2202112050802460006027540:
2202112050802470009294273:
2202112050802500004929645:
2202112050802510006022160:
2202112050802530004930162:
2202112050802550005252020:
2202112050802580005252022:
2202112050803000008492480:
2202112050803020009282101:
2202112050803030009286624:
2202112050803050004958690:
2202112050803070008698795:
2202112050803080006042873:
2202112050803100008694944:
2202112050803120004945980:
2202112050803270005264544:
2202112050803300005254539:
2202112050803460005258221:
2202112050803490004938474:
2202112050803560005254715:
2202112050803590004964566:
2202112050804010009336990:
2202112050804070005254534:
2202112050804090004929270:
2202112050804110009226433:
2202112050804140005270175:
2202112050804180009342183:
2202112050804200009281928:
2202112050804420005007161:
2202112050804480007421269:
2202112050804510004953953:
2202112050804560004948851:
2202112050804580004947107:
2202112050805010006042240:
2202112050805060009307388:
2202112050805110004935891:
2202112050805170008498988:
2202112050805220008510378:
2202112050805290005254714:
2202112050805330008494964:
2202112050805480008697063:
2202112050805550009254002:
2202112050805590006019315:
2202112050806010006041103:
2202112050806070009226392:
2202112050806130008703345:
2202112050806320009233697:
2202112050806360004967606:
2202112050807030009225494:
2202112050807070007402196:
2202112050807220007422489:
2202112050808040008677773:
2202112050808200006039506:
2202112050808490006022855:
2202112050809020005264720:
2202112050809190009339824:
2202112050811140004975069:
2202112050811220006031525:
2202112050811380008506632:
2202112050812100008508219:
2202112050812160004967312:
2202112050813000009234240:
2202112050813110004967590:
2202112050814180005263973:
2202112050814570004985430:
2202112050816230008502364:
2202112050816270005251014:
2202112050816380004929016:
2202112050817530007407502:
2202112050818480004160309:
2202112050821070006042277:
2202112050822020008712416:
2202112050824160009254000:
2202112050826530005262497:
2202112050830330009310727:
2202112050831070009298073:
2202112050858510005267475:
2202112050901540009290471:
2202112051658130008426248:
2202112051700010004972767:
2202112051700550008699606:
2202112051702570008701274:
2202112051705480005266871:
2202112051706030004604850:
2202112051706090000431412:
2202112051714280004958690:
2202112051716320006025823:
2202112051842430008712416:
2202112051907150004940674:
2202112051908150004985430:
2202112051910160004992723:
2202112051940480005271883:
2202112051941210004953953:
2202112051948281513646659:
2202112051948370005267343:
2202112051949570009313676:
2202112051954210004921669:
2202112051955040009283296:
2202112051955560004972793:
2202112051955580009307388:
2202112051956470006029990:
2202112051957120004963659:
2202112051959410009246193:
2202112051959470008701527:
2202112052000010004604855:
2202112052000030005272807:
2202112052000070002851478:
2202112052000090005272807:
2202112052000120002851478:
2202112052000140006021875:
2202112052000180005270840:
2202112052000200004604853:
2202112052000220005270840:
2202112052000240009276908:
2202112052000260009346038:
2202112052000280009314286:
2202112052000300008506907:
2202112052000330009314286:
2202112052000360008681883:
2202112052000380004924346:
2202112052000430004967967:
2202112052000450008681883:
2202112052000480004967967:
2202112052000520004960160:
2202112052000560004930389:
2202112052000590004981261:
2202112052001020008429638:
2202112052001040009226393:
2202112052001100004968394:
2202112052001130005269999:
2202112052001160001079879:
2202112052001290009307295:
2202112052001340005262500:
2202112052001360004968004:
2202112052001390009326618:
2202112052001420004964719:
2202112052002180004941773:
2202112052003040009297569:
2202112052003080006030135:
2202112052003140009297664:
2202112052003230004954665:
2202112052003410004929491:
2202112052004000009226412:
2202112052004410008686663:
2202112052004590008698044:
2202112052005060008492705:
2202112052005080009275335:
2202112052005150004932359:
2202112052005170005259619:
2202112052005220004961404:
2202112052005280005272372:
2202112052005310005249648:
2202112052005370009286624:
2202112052005490005249648:
2202112052006060004922969:
2202112052006140004975531:
2202112052006250005265313:
2202112052006350004970618:
2202112052008160005006101:
2202112052008190004958165:
2202112052009360009305457:
2202112052010520007414082:
2202112052011070004969384:
2202112052011310009226392:
2202112052011330004966802:
2202112052012450005272371:
2202112052014350004165753:
2202112052006040005254422:
2202112052044320009236810:
2202112052059550008512059:
2202112052059580009300596:
2202112052100020007402523:
2202112052100050006751664:
2202112052100440004995116:
2202112052101160009252984:
2202112052104330008703345:
2202112052150300007402482:
2202112052155460008503089:
2202112052158560003918790:
2202112052159490005264727:
2202112052200170004159580:
2202112052200190005255716:
2202112052200230005254538:
2202112052200240005255716:
2202112052200260004997665:
2202112052200280005254538:
2202112052200300004997665:
2202112052200330006016090:
2202112052200340005271892:
2202112052200360009279481:
2202112052200390004605848:
2202112052200470009302534:
2202112052200490004959868:
2202112052200560006033001:
2202112052201010004165757:
2202112052201050005248387:
2202112052201070004165757:
2202112052201090004605848:
2202112052201110008709369:
2202112052201120005248388:
2202112052201170007421743:
2202112052201190004605848:
2202112052201250005248387:
2202112052201310004605848:
2202112052201320005248388:
2202112052201350007421743:
2202112052201370008709061:
2202112052201390004972764:
2202112052201400005248387:
2202112052201420006033001:
2202112052201430005263922:
2202112052201450004975477:
2202112052201470005248388:
2202112052201510009322602:
2202112052201520005263922:
2202112052201530005255715:
2202112052201550008709061:
2202112052201570005249650:
2202112052201590009243147:
2202112052202010007422489:
2202112052202030009354349:
2202112052202070004975875:
2202112052202090004596347:
2202112052202120004969726:
2202112052202140004977027:
2202112052202150008497774:
2202112052202170004968544:
2202112052202190004158333:
2202112052202210008497657:
2202112052202240008716113:
2202112052202260006039130:
2202112052202280006014941:
2202112052202310005249650:
2202112052202330004967416:
2202112052202350008510716:
2202112052202390009234486:
2202112052202410009285513:
2202112052202430005270281:
2202112052202460004972171:
2202112052202480006016276:
2202112052202490005270002:
2202112052202510006037287:
2202112052202580009278808:
2202112052203010009279709:
2202112052203030009276680:
2202112052203070004968555:
2202112052203110004596348:
2202112052203130005011155:
2202112052203160005248386:
2202112052203200005266258:
2202112052203250004989365:
2202112052203280004949177:
2202112052203310005267056:
2202112052203330009339802:
2202112052203350008695905:
2202112052203370004930090:
2202112052203380004949177:
2202112052203400008695905:
2202112052203420004989365:
2202112052203430008517932:
2202112052203450004981830:
2202112052203470005255675:
2202112052203490005008846:
2202112052203510004165890:
2202112052203530004932392:
2202112052203570004924019:
2202112052203590005256328:
2202112052204010004938474:
2202112052204020009330833:
2202112052204060008696238:
2202112052204100009232378:
2202112052204150007402500:
2202112052204170004965814:
2202112052204200008494333:
2202112052204240004986730:
2202112052204320009339828:
2202112052204350004991528:
2202112052204370009339828:
2202112052204390004596346:
2202112052204410005265080:
2202112052204520004933649:
2202112052204540008496310:
2202112052204570005004855:
2202112052205060009225494:
2202112052205090004943327:
2202112052206100005270175:
2202112052206130005259622:
2202112052227240004991241:
3202112050737140005271888:
3202112050737460006031524:
3202112050739260004968173:
3202112050740150008501288:
3202112050741040004974136:
3202112050741470005255713:
3202112050743250005250571:
3202112050743270005004742:
3202112050743350008708048:
3202112050743520004965502:
3202112050744590001099428:
3202112050745040008503303:
3202112050745310005252018:
3202112050745520004604851:
3202112050746200009351758:
3202112050747060008692290:
3202112050747180004928640:
3202112050747290007421690:
3202112050747330005264920:
3202112050747360006028957:
3202112050747400008513325:
3202112050747420004975787:
3202112050747440006039016:
3202112050747470009234458:
3202112050747500004959868:
3202112050747530004949140:
3202112050748260009323446:
3202112050748570008504091:
3202112050749010005252029:
3202112050749030008504091:
3202112050749290008687514:
3202112050749380004162160:
3202112050750010004161989:
3202112050750050004926757:
3202112050750280008497634:
3202112050750320005250572:
3202112050750450005252069:
3202112050750470004935446:
3202112050750490004986942:
3202112050750520005258215:
3202112050750560009295891:
3202112050750590005266872:
3202112050751160005009549:
3202112050751280004962972:
3202112050751320009283931:
3202112050751340004998074:
3202112050751360005264727:
3202112050751400005001262:
3202112050751420004932608:
3202112050751470005258217:
3202112050751500005250568:
3202112050751530009301802:
3202112050752070004596344:
3202112050752150005011155:
3202112050752180004933136:
3202112050752210008711197:
3202112050752230005254707:
3202112050752310004926955:
3202112050752340006015460:
3202112050752460009343149:
3202112050752560007418333:
3202112050752590004987910:
3202112050753150005255676:
3202112050753230004929202:
3202112050753280004942841:
3202112050753440009335560:
3202112050753470008684967:
3202112050753540004973922:
3202112050753580009342954:
3202112050754020006032999:
3202112050754050006018008:
3202112050754070004993672:
3202112050754110004952471:
3202112050754210008680900:
3202112050754230008499165:
3202112050754260005271887:
3202112050754420008680280:
3202112050754460004165753:
3202112050754490009326626:
3202112050754510008689944:
3202112050754530004165753:
3202112050755140009306586:
3202112050755190005255674:
3202112050755220005248596:
3202112050755310004167845:
3202112050755360009336959:
3202112050755380005254537:
3202112050755430004927539:
3202112050755460004165756:
3202112050755480009283323:
3202112050755500005271892:
3202112050755520004957118:
3202112050755560006039974:
3202112050756030005249704:
3202112050756060009275492:
3202112050756080009342978:
3202112050756100005250566:
3202112050756120004969304:
3202112050756150004931925:
3202112050756170005264728:
3202112050756210009300618:
3202112050756250005262094:
3202112050756310005270075:
3202112050756340004162162:
3202112050756370004999443:
3202112050756390005263972:
3202112050756450004986730:
3202112050756470008691341:
3202112050756500006033000:
3202112050756560009324879:
3202112050757000005248597:
3202112050757110009286996:
3202112050757170005269401:
3202112050757190005006315:
3202112050757210006039497:
3202112050757230005007370:
3202112050757250009327615:
3202112050757330004990953:
3202112050757380009348776:
3202112050757390009339802:
3202112050757430004949239:
3202112050757450005008358:
3202112050757480009322602:
3202112050757500005263967:
3202112050757520009321321:
3202112050757570006039541:
3202112050757590005252027:
3202112050758020008717268:
3202112050758070006030480:
3202112050758100004949833:
3202112050758110006041721:
3202112050758150008699992:
3202112050758180004940881:
3202112050758200005271893:
3202112050758250005254423:
3202112050758270008708003:
3202112050758310005254706:
3202112050758350005272314:
3202112050758380004988378:
3202112050758400004989794:
3202112050758420009343384:
3202112050758450005259624:
3202112050758480004599828:
3202112050758510009233695:
3202112050758540004989657:
3202112050758570004936149:
3202112050758590005262501:
3202112050759010009226952:
3202112050759130005248599:
3202112050759150004604856:
3202112050759160003918790:
3202112050759180004966362:
3202112050759190008507829:
3202112050759220009308083:
3202112050759240005263920:
3202112050759250008692117:
3202112050759270008677829:
3202112050759290004993934:
3202112050759320009254212:
3202112050759330008710216:
3202112050759350009252970:
3202112050759430005263714:
3202112050759450009326658:
3202112050759480008697764:
3202112050759560005255416:
3202112050800090009234248:
3202112050800180004929235:
3202112050800350005258486:
3202112050800390008502984:
3202112050801060004990107:
3202112050801180005265081:
3202112050801460004936854:
3202112050801480009339144:
3202112051704150005267344:
3202112051802130005252027:
3202112051802150006023662:
3202112051802180006015460:
3202112051803340005255416:
3202112051803380005258213:
3202112051803490004993934:
3202112051805060009286387:
3202112051805090004974233:
3202112051805140004164864:
3202112051805340009281928:
3202112051806100004989794:
3202112051806200004967606:
3202112051806230004941508:
3202112051806250004923617:
3202112051806540004968208:
3202112051807380005258215:
3202112051808570006036336:
3202112051901010004162430:
3202112051901470004935638:
3202112051902190009234240:
3202112051902200006024859:
3202112051902380004989657:
3202112051902540004953650:
3202112051903160005248457:
3202112051911110004160309:
3202112051911130009309504:
3202112051911480006036994:
3202112051959210005262501:
3202112051959240005267476:
3202112052000010005008358:
3202112052000040004936413:
3202112052000090005258221:
3202112052000560009331842:
3202112052001020008499471:
3202112052001050005267476:
3202112052001100008492065:
3202112052001120005269401:
3202112052001150004161986:
3202112052001170004927539:
3202112052001190004998074:
3202112052001210004962972:
3202112052001230005258217:
3202112052001250005263967:
3202112052001270008692290:
3202112052001290005252018:
3202112052001300005254537:
3202112052001320004935446:
3202112052001340004986942:
3202112052001360008518736:
3202112052001370009339144:
3202112052001390009327615:
3202112052001400009346020:
3202112052001420008499165:
3202112052001440004599828:
3202112052001460004987910:
3202112052001480006018008:
3202112052001500005258486:
3202112052001530007418333:
3202112052001550008680280:
3202112052001570009252970:
3202112052001590004965343:
3202112052002020006028451:
3202112052002040005263972:
3202112052002070005264728:
3202112052002090005263972:
3202112052002120008500889:
3202112052002170005266872:
3202112052002190005011308:
3202112052002290004965754:
3202112052002320004952229:
3202112052002340004965754:
3202112052002350005248596:
3202112052002390005001068:
3202112052002510004929202:
3202112052002570004604851:
3202112052003030005263972:
3202112052003110008503303:
3202112052003150008688253:
3202112052003270009234248:
3202112052003330005252069:
3202112052003380009335560:
3202112052003450004931701:
3202112052004000008708048:
3202112052004010004975069:
3202112052004070007421690:
3202112052004100008711197:
3202112052004150002854367:
3202112052004180005263920:
3202112052004220005263924:
3202112052004430005265851:
3202112052004430009326658:
3202112052005210004929235:
3202112052005240004933136:
3202112052005330008677829:
3202112052005370008506766:
3202112052005520009322590:
3202112052007240008699992:
3202112052016400005264720:
3202112052042380004975255:
3202112052102580004949140:
3202112052104090009293535:
3202112052156220005254714:
3202112052157470005009549:
3202112052158140005264727:
3202112052158270008697764:
3202112052158580009323446:
3202112052159010008680900:
3202112052159030006021991:
3202112052159050004970930:
3202112052159060008714113:
3202112052159080004988205:
3202112052159100008709488:
3202112052159110008693920:
3202112052159130004931925:
3202112052159140004975787:
3202112052159160005273785:
3202112052159180008687514:
3202112052159200003132773:
3202112052159210005259624:
3202112052159290009279481:
3202112052159310009343384:
3202112052159320009279481:
3202112052159340005250572:
3202112052159360004959868:
3202112052159380006030480:
3202112052159400006041721:
3202112052159420008501288:
3202112052159440009302534:
3202112052159460004990953:
3202112052159480004923548:
3202112052159500009309829:
3202112052159510005250568:
3202112052159530006039541:
3202112052159550004951537:
3202112052159570004948881:
3202112052200000004937930:
3202112052200020009325535:
3202112052200040009280051:
3202112052200050008502984:
3202112052200070005248597:
3202112052200090003137991:
3202112052200110005271893:
3202112052200130008717268:
3202112052200150004975477:
3202112052200160009354582:
3202112052200180008689944:
3202112052200200004949437:
3202112052200220004596344:
3202112052200240005254542:
3202112052200260009348776:
3202112052200280009275492:
3202112052200300008715839:
3202112052200310005255713:
3202112052200360009343149:
3202112052200380008690203:
3202112052200400005248599:
3202112052200410009354349:
3202112052200430008679943:
3202112052200450008693892:
3202112052200470008499556:
3202112052200480005249705:
3202112052200500006020195:
3202112052200510008499556:
3202112052200530004928640:
3202112052200550008498021:
3202112052200570009234458:
3202112052200580009326626:
3202112052201000000424146:
3202112052201010004999443:
3202112052201030005270075:
3202112052201040008684967:
3202112052201070004926955:
3202112052201090005255676:
3202112052201100008684967:
3202112052201120005249720:
3202112052201140006014941:
3202112052201160004942841:
3202112052201180004966362:
3202112052201200004949239:
3202112052201210009342954:
3202112052201230008495468:
3202112052201240004165756:
3202112052201260005263714:
3202112052201270005262094:
3202112052201290008494201:
3202112052201300009339930:
3202112052201320008498188:
3202112052201330005265558:
3202112052201350004973922:
3202112052201370005255713:
3202112052201410009300618:
3202112052201420009226391:
3202112052201440005011155:
3202112052201450005263716:
3202112052201470008710216:
3202112052201490005248458:
3202112052201510008711249:
3202112052201520004936149:
3202112052201550005248458:
3202112052201570005268449:
3202112052201590005252675:
3202112052202000005268449:
3202112052202020004949833:
3202112052202040009343593:
3202112052202060004162162:
3202112052202110009339802:
3202112052202120009324879:
3202112052202150005250569:
3202112052202170009308083:
3202112052202180008698315:
3202112052202210004930162:
3202112052202220009226952:
3202112052202240005252020:
3202112052202260005250571:
3202112052202290009354391:
3202112052202300008497634:
3202112052202320008698795:
3202112052202350006039016:
3202112052202380008502189:
3202112052202410005004742:
3202112052202430009339225:
3202112052202460008677773:
3202112052203090009346367:
3202112052203210004936854:
3202112052203270009339792:
3202112052203310009233697:
3202112052203350004161989:
3202112052203520006039506:
3202112052204060005248460:
3202112052204110009351758:
3202112052204140005258470:
3202112052205070009344566:
3202112052205090006039129:
3202112052205280003137754:
3202112052205430004965502:
3202112052205490005271888:
3202112052206300005254715:
3202112052206330005264920:
3202112052206380005272314:
3202112052206430009324637:
3202112052207030009321321:
3202112052207150005263923:
3202112052207250004968472:
3202112052207280005263923:
3202112052207330004990107:
3202112052207350004988378:
3202112052208040008494964:
3202112052208060005253080:
3202112052209300004929937:
3202112052209330005252029:
3202112052209360005254051:
3202112052209370006032999:
3202112052209390009300590:
3202112052209410005259625:
3202112052211240005263977:
3202112052211260005270074:
3202112052211280005272291:
4202112050734450009234486:
4202112050734490009285513:
4202112050740360005254930:
4202112050743070008504234:
4202112050743420007398203:
4202112050744130007396382:
4202112050745380006015165:
4202112050746430009339818:
4202112050747530004928616:
4202112050748030004161988:
4202112050748220005001511:
4202112050748250004981013:
4202112050748520008716113:
4202112050748560004929419:
4202112050749050008445656:
4202112050749070004159570:
4202112050749170004965482:
4202112050749530004965170:
4202112050750230008501835:
4202112050750540007407499:
4202112050751140005252028:
4202112050751170004990686:
4202112050751480009236868:
4202112050751550009338161:
4202112050752000008690224:
4202112050752020005255714:
4202112050752050009338161:
4202112050752190004958165:
4202112050752210004605844:
4202112050752240005253569:
4202112050753100005250565:
4202112050753140004927575:
4202112050753330008699709:
4202112050753370009324629:
4202112050753380004936688:
4202112050753400004936293:
4202112050753420009346340:
4202112050753440005268443:
4202112050753450005008693:
4202112050754130004996716:
4202112050754150008496149:
4202112050754190008495426:
4202112050754220009324118:
4202112050754240005248602:
4202112050754270009250787:
4202112050754350009252994:
4202112050754360009341511:
4202112050754390004958669:
4202112050754410004988966:
4202112050754450009342997:
4202112050754560008695597:
4202112050754570008493340:
4202112050754590004605843:
4202112050755010004949437:
4202112050755090004931038:
4202112050755150009272187:
4202112050755180008512783:
4202112050755200009234249:
4202112050755220005004322:
4202112050755240005263971:
4202112050755270005267444:
4202112050755330009342143:
4202112050755350004974727:
4202112050755370001087543:
4202112050755410003126360:
4202112050755570004169060:
4202112050755590006020192:
4202112050756000004957311:
4202112050756020004941228:
4202112050756070009295454:
4202112050756100004989259:
4202112050756120004935638:
4202112050756170004927939:
4202112050756200009234457:
4202112050756230009226817:
4202112050756250003137754:
4202112050756270005254710:
4202112050756290005264545:
4202112050756300005264311:
4202112050756320005258478:
4202112050756390008710875:
4202112050756420008677903:
4202112050756450004953788:
4202112050756490006036336:
4202112050756510004953135:
4202112050756560004968761:
4202112050756570004946812:
4202112050756590005252017:
4202112050757010009339817:
4202112050757030004965343:
4202112050757050005264521:
4202112050757080005248459:
4202112050757110004167843:
4202112050757210005258213:
4202112050757250004162434:
4202112050757270004952531:
4202112050757300004972892:
4202112050757320009326600:
4202112050757340006028799:
4202112050757370006035802:
4202112050757380008494427:
4202112050757400005251015:
4202112050757420009342981:
4202112050757440004948548:
4202112050757460005250927:
4202112050757580005251016:
4202112050758000004162428:
4202112050758030007402498:
4202112050758050006039129:
4202112050758070008708992:
4202112050758090009226797:
4202112050758210009305260:
4202112050758290005270181:
4202112050758320005012741:
4202112050758340009311280:
4202112050758360009324605:
4202112050758380009287195:
4202112050758410009348543:
4202112050759010005259622:
4202112050759110009342962:
4202112050759130005254424:
4202112050759180005266257:
4202112050759200008499706:
4202112050759250009293535:
4202112050759280009274874:
4202112050759310006036994:
4202112050759330006025823:
4202112050759350009241075:
4202112050759360009247696:
4202112050759380003916932:
4202112050759400009226821:
4202112050759410007401131:
4202112050759430004179142:
4202112050759450004962411:
4202112050759460005012521:
4202112050759480005254421:
4202112050759490004990111:
4202112050759520009346055:
4202112050759550000431385:
4202112050759560009327620:
4202112050800000009292038:
4202112050800100004167849:
4202112050800130004957855:
4202112050800300009246202:
4202112050801020009351768:
4202112050801040005265078:
4202112050801060004993409:
4202112050801130005005263:
4202112050801150009333812:
4202112050801290006022158:
4202112050801310004964545:
4202112050801350008508757:
4202112050801380005252024:
4202112050801440004929641:
4202112050802060005264309:
4202112050803250006036876:
4202112050803510009298223:
4202112050809250008519041:
4202112050822200006022420:
4202112051701030004987025:
4202112051703250006041875:
4202112051801490008502693:
4202112051801550005255714:
4202112051802140004957855:
4202112051802270004968761:
4202112051802550005253569:
4202112051802570004929270:
4202112051804091513631101:
4202112051805380006039974:
4202112051805400005249704:
4202112051818140005248390:
4202112051900210005001262:
4202112051900300004159570:
4202112051900490004974727:
4202112051900510005268443:
4202112051900540004952471:
4202112051900570004159570:
4202112051900590009346055:
4202112051901040004167849:
4202112051901090005248602:
4202112051901140006028957:
4202112051901180008511222:
4202112051901200005254710:
4202112051901220005008693:
4202112051901230005261060:
4202112051901250009253995:
4202112051901330005252024:
4202112051901570005012741:
4202112051901580004957311:
4202112051902000004981546:
4202112051902020005001511:
4202112051902030009342997:
4202112051902050005258478:
4202112051902070005267444:
4202112051902100005252017:
4202112051902130009327620:
4202112051902150009342978:
4202112051902160004929419:
4202112051902280005250565:
4202112051902430004948548:
4202112051902540009234249:
4202112051903170004946812:
4202112051903290006022158:
4202112051905170004996716:
4202112051914350009346033:
4202112051959580006030145:
4202112052000020009283931:
4202112052000040009324118:
4202112052000070004926757:
4202112052000080004953437:
4202112052000270009339817:
4202112052000290009296645:
4202112052000310009339817:
4202112052000330009346340:
4202112052000340009250787:
4202112052000370004927575:
4202112052000390008512783:
4202112052000410002851443:
4202112052000450004965482:
4202112052000470004929641:
4202112052000480004962411:
4202112052000500009252994:
4202112052000510009341511:
4202112052000530005004322:
4202112052000540005007370:
4202112052000560004932608:
4202112052000570007402196:
4202112052000590006036504:
4202112052001020008445656:
4202112052001050007396382:
4202112052001070004988966:
4202112052001100004929713:
4202112052001130008495556:
4202112052001380009326600:
4202112052001400008499706:
4202112052001420004605843:
4202112052001450004990686:
4202112052001470004972892:
4202112052002150005258488:
4202112052002170005264165:
4202112052002190004963073:
4202112052002210005010999:
4202112052002230004964566:
4202112052002310008504234:
4202112052002450009232651:
4202112052002470008492410:
4202112052002490005254706:
4202112052002500004167845:
4202112052002540009305260:
4202112052002570005264544:
4202112052003010005006315:
4202112052003060004981013:
4202112052003270008698044:
4202112052004070005250927:
4202112052004340005270174:
4202112052004460004162428:
4202112052004520005254707:
4202112052005590008707911:
4202112052007170009336990:
4202112052019380008519041:
4202112052044540004179142:
4202112052120030006036876:
4202112052130240004989259:
4202112052142320004933960:
4202112052159180004990085:
4202112052159240009324629:
4202112052159260004167843:
4202112052159460009247696:
4202112052200000004941228:
4202112052200020004936058:
4202112052200030004941228:
4202112052200050009324605:
4202112052200070004964407:
4202112052200090005266257:
4202112052200110009338161:
4202112052200120009234457:
4202112052200140005270181:
4202112052200160004162160:
4202112052200170004045200:
4202112052200190008494427:
4202112052200210004965170:
4202112052200230006035802:
4202112052200250005264311:
4202112052200260009233695:
4202112052200280004596350:
4202112052200290005251015:
4202112052200310006028799:
4202112052200320008710875:
4202112052200330004162434:
4202112052200390005263971:
4202112052200410009301802:
4202112052200430009295891:
4202112052200440005252032:
4202112052200460006015165:
4202112052200470001087543:
4202112052200490009272187:
4202112052200510004169060:
4202112052200540009226433:
4202112052200560007401131:
4202112052200570009287195:
4202112052201010006031524:
4202112052201030005252021:
4202112052201050009342981:
4202112052201070008500493:
4202112052201090005250567:
4202112052201100004966178:
4202112052201120005264521:
4202112052201140000424167:
4202112052201180004969304:
4202112052201210004952531:
4202112052201230009295454:
4202112052201310009342962:
4202112052201420008699709:
4202112052201430004953788:
4202112052201450005271887:
4202112052201510009351768:
4202112052201520005271887:
4202112052202040009341742:
4202112052202240009236868:
4202112052202250009246202:
4202112052202280009230812:
4202112052202290009311280:
4202112052202330008695597:
4202112052202410005264545:
4202112052202550004928616:
4202112052202590005259621:
4202112052203020009324572:
4202112052203040004931038:
4202112052203060008493340:
4202112052203150005012521:
4202112052203230008690224:
4202112052203490008496149:
4202112052203550004967900:
4202112052204200005255674:
4202112052204280009226821:
4202112052205240005248456:
4202112052206170004161988:
4202112052225050007398203:
4202112052225070005254930:
4202112052226160007402498:
4202112052226290004968173:
5202112050004190001079288:
5202112050004200008510090:
5202112050004220008690529:
5202112050004240009342959:
5202112050004270006751664:
5202112050004280008702320:
5202112050004360009354001:
5202112050004470004954090:
5202112050004490008676811:
5202112050004540004972420:
5202112050004570006036993:
5202112050006510008493286:
5202112050007080004947445:
5202112050007110004972420:
5202112050008320008495616:
5202112050009080008494333:
5202112050009100009324604:
5202112050010080006031525:
5202112050116090008706494:
5202112050116110004966050:
5202112050116140007402523:
5202112050116150007398914:
5202112050116180008497463:
5202112050116190008508219:
5202112050116220008512059:
5202112050735470004972793:
5202112050739480005271883:
5202112050740490004998138:
5202112050740540004975531:
5202112050741250009276680:
5202112050741360004941773:
5202112050742060005268445:
5202112050742400009305457:
5202112050742450004989528:
5202112050742530004957738:
5202112050742560008494564:
5202112050742590005271889:
5202112050743350004946775:
5202112050743420006032924:
5202112050743490004995938:
5202112050744270008503915:
5202112050744320007404782:
5202112050744370008503915:
5202112050744520008698279:
5202112050744550004924019:
5202112050746440008695330:
5202112050746530004922969:
5202112050747070008517932:
5202112050747190008497657:
5202112050747260004990397:
5202112050747340004157441:
5202112050747400004959001:
5202112050748170001079288:
5202112050748230004937390:
5202112050748250004937490:
5202112050748330004961022:
5202112050748380009296798:
5202112050749010005266100:
5202112050749100009236809:
5202112050749110005259619:
5202112050749170004961787:
5202112050749210004990979:
5202112050749240004960782:
5202112050749260005255711:
5202112050749280008509901:
5202112050750020004160314:
5202112050750100006025812:
5202112050750140006039493:
5202112050750170008499208:
5202112050750230005012946:
5202112050750250008692450:
5202112050750270005270002:
5202112050750380009339273:
5202112050750500009346170:
5202112050750511513645885:
5202112050750580004966418:
5202112050751020004998074:
5202112050751040005255711:
5202112050751110004932362:
5202112050751130007402500:
5202112050751150008513950:
5202112050751170004969726:
5202112050751190004605842:
5202112050751230004950937:
5202112050751250006030130:
5202112050751390009252984:
5202112050751440004936419:
5202112050751490005254709:
5202112050751520008516236:
5202112050751540005269841:
5202112050751550004602278:
5202112050751570005269841:
5202112050751590004996134:
5202112050752020009230781:
5202112050752050005271890:
5202112050752070004958069:
5202112050752110009352009:
5202112050752240008699606:
5202112050752260004975166:
5202112050752290008717926:
5202112050752420004162431:
5202112050752430005270172:
5202112050752450009234480:
5202112050752480004946517:
5202112050752510004950845:
5202112050752520004968004:
5202112050752540007402523:
5202112050752570004162161:
5202112050752580004980727:
5202112050753000005256328:
5202112050753020004966761:
5202112050753040005264312:
5202112050753070004967900:
5202112050753110004997873:
5202112050753210004989073:
5202112050753240004951445:
5202112050753260008503171:
5202112050753280005006958:
5202112050753310009346362:
5202112050753390004967585:
5202112050753410004992723:
5202112050753430009321334:
5202112050753510004940674:
5202112050753540004972171:
5202112050753560004966986:
5202112050754040008510716:
5202112050754070007407459:
5202112050754090005254540:
5202112050754120005271892:
5202112050754140005011308:
5202112050754150004602277:
5202112050754170005258468:
5202112050754190005272371:
5202112050754220000424167:
5202112050754230001108277:
5202112050754250004989232:
5202112050754300004976589:
5202112050754330008694659:
5202112050754390007411321:
5202112050754420004599827:
5202112050754470009351308:
5202112050754500009346707:
5202112050754520009225481:
5202112050754540009282809:
5202112050754570008493750:
5202112050754590008500113:
5202112050755010009347607:
5202112050755030008690529:
5202112050755090005266259:
5202112050755110004159572:
5202112050755130004974855:
5202112050755150004167842:
5202112050755170004963073:
5202112050755190009324076:
5202112050755250005248661:
5202112050755270004167847:
5202112050755290004994314:
5202112050755320004949598:
5202112050755330004968100:
5202112050755350004158137:
5202112050755370004972420:
5202112050755390009339219:
5202112050755410004965967:
5202112050755430006030142:
5202112050755450005252070:
5202112050755460004961532:
5202112050755480006036336:
5202112050755520004951489:
5202112050755540004921536:
5202112050755560004930090:
5202112050755580006037287:
5202112050756000009340820:
5202112050756020005004855:
5202112050756040004987744:
5202112050756050003920040:
5202112050756070009346033:
5202112050756100009280491:
5202112050756130005248597:
5202112050756230009286616:
5202112050756250004165890:
5202112050756300004967379:
5202112050756330008510090:
5202112050756350004927329:
5202112050756400004967416:
5202112050756450008506766:
5202112050756470009341030:
5202112050756490004969384:
5202112050756510005250927:
5202112050756550004996986:
5202112050756580004162429:
5202112050757000006025807:
5202112050757010007414082:
5202112050757030005251016:
5202112050757050005005056:
5202112050757060009321395:
5202112050757080004162428:
5202112050757100006039969:
5202112050757110004977027:
5202112050757130005006101:
5202112050757150005256125:
5202112050757160008515021:
5202112050757180007407739:
5202112050757190004931257:
5202112050757210004159573:
5202112050757220004931257:
5202112050757240007407739:
5202112050757260004931257:
5202112050757270004988793:
5202112050757290009297056:
5202112050757310005263012:
5202112050757330009342959:
5202112050757350008496310:
5202112050757360008494201:
5202112050757380003892332:
5202112050757400004958379:
5202112050757420004968194:
5202112050757440008718216:
5202112050757450004928389:
5202112050757470009348543:
5202112050757480005268448:
5202112050757500004997809:
5202112050757510006030118:
5202112050757530004981830:
5202112050757540004966903:
5202112050757560008497463:
5202112050757580004957545:
5202112050758000006033090:
5202112050758020009351823:
5202112050758040004966591:
5202112050758050009354401:
5202112050758071513409863:
5202112050758090007402194:
5202112050758100004979341:
5202112050758120009340824:
5202112050758130004162433:
5202112050758150008676811:
5202112050758170004924182:
5202112050758190004165757:
5202112050758200004951477:
5202112050758210008431645:
5202112050758230005263969:
5202112050758250004961404:
5202112050758270004966750:
5202112050758280008494613:
5202112050758300004989670:
5202112050758310004938202:
5202112050758330008709011:
5202112050758350005005063:
5202112050758370009252970:
5202112050758390005262048:
5202112050758410005273786:
5202112050758420004932359:
5202112050758440008692117:
5202112050758450009354001:
5202112050758470008695905:
5202112050758490004990111:
5202112050758510004159580:
5202112050758520004990111:
5202112050758540005264310:
5202112050758550008707911:
5202112050759000006018006:
5202112050759010008707911:
5202112050759020009240533:
5202112050759040002854367:
5202112050759050008495556:
5202112050759070004975477:
5202112050759080004167849:
5202112050759100005254929:
5202112050759110006016276:
5202112050759130004998544:
5202112050759150005261060:
5202112050759160005255416:
5202112050759180004178213:
5202112050759200009243147:
5202112050759210005264543:
5202112050759230009246202:
5202112050759240004951177:
5202112050759260004997608:
5202112050759280009234248:
5202112050759290006036993:
5202112050759310008702320:
5202112050759330004954090:
5202112050759350004927727:
5202112050759360004952229:
5202112050759380008512216:
5202112050759390008701274:
5202112050759410009339524:
5202112050759430004965754:
5202112050759450004990401:
5202112050759460004158139:
5202112050759480009354827:
5202112050759500009339821:
5202112050759510005006528:
5202112050759530008499471:
5202112050759550001083110:
5202112050759580004993674:
5202112050759590004943327:
5202112050800010005267341:
5202112050800020004180013:
5202112050800040009346035:
5202112050800070009281193:
5202112050800080007412611:
5202112050800100005267341:
5202112050800120008497935:
5202112050800130005265555:
5202112050800150008500184:
5202112050800170005266099:
5202112050800180009331842:
5202112050800200004961333:
5202112050800210008698315:
5202112050800230008495468:
5202112050800250005265081:
5202112050800330004996445:
5202112050800350004934727:
5202112050800360004980976:
5202112050800400004996445:
5202112050800410009339837:
5202112050800430009282114:
5202112050800450004980976:
5202112050800460004989365:
5202112050800470008502189:
5202112050800490005268450:
5202112050800510004960160:
5202112050800520009226440:
5202112050800540009339803:
5202112050800570004969598:
5202112050801000008495616:
5202112050801020009254207:
5202112050801050004966802:
5202112050801070004968472:
5202112050801090009326612:
5202112050801130004933960:
5202112050801220008494333:
5202112050801230009254229:
5202112050801530009343593:
5202112050802090008703693:
5202112050802180007410385:
5202112050802200004964719:
5202112050802260009346020:
5202112050802310009339834:
5202112050802460005253080:
5202112050803180007410282:
5202112050803190009281814:
5202112050803210005271886:
5202112050803240005008846:
5202112050803260005271884:
5202112050803280006033720:
5202112050804080005254539:
5202112050804160005263715:
5202112050804200007401654:
5202112050805480005004848:
5202112050805510009305197:
5202112050806340009226392:
5202112050812440006009777:
5202112050857510006016277:
5202112051659540008699606:
5202112051701280004966903:
5202112051705030004959001:
5202112051713390004993674:
5202112051715220009253846:
5202112051715280005268448:
5202112051804200005255416:
5202112051815020008506632:
5202112051819580005248390:
5202112051833370008505663:
5202112051900050004966591:
5202112051900120005265081:
5202112051900210008507829:
5202112051900240004957118:
5202112051900260005265081:
5202112051900280004966591:
5202112051900300004957118:
5202112051902030004167849:
5202112051905190005263919:
5202112051905210005248389:
5202112051905240005248391:
5202112051906260004953135:
5202112051906400009340824:
5202112051906420004940674:
5202112051907490009225481:
5202112051909430004992723:
5202112051918480004957428:
5202112051946290005271884:
5202112051946310005271886:
5202112051946360005271889:
5202112052000140005262500:
5202112052000190005252072:
5202112052000220004921380:
5202112052001060004968004:
5202112052001110008513950:
5202112052001150004964719:
5202112052001170006030142:
5202112052001240005255711:
5202112052001270004989232:
5202112052001290004992022:
5202112052001310004965814:
5202112052001350004596343:
5202112052001370008718216:
5202112052001390004968194:
5202112052001400004941773:
5202112052001420002851443:
5202112052001440009282809:
5202112052001460005005056:
5202112052001480004997873:
5202112052001500001083110:
5202112052001520004602278:
5202112052001540009290365:
5202112052001560009236809:
5202112052001590004160314:
5202112052002020004998074:
5202112052002050005265555:
5202112052002070004962761:
5202112052002090009351308:
5202112052002120009226826:
5202112052002211513645885:
5202112052002240009327615:
5202112052002260006018008:
5202112052002300009351823:
5202112052002340008717926:
5202112052002450009351308:
5202112052002460005264543:
5202112052002480005258218:
5202112052002500009321334:
5202112052002510005251016:
5202112052002530005006958:
5202112052002550005268445:
5202112052002560005258468:
5202112052002590009339273:
5202112052003020004993146:
5202112052003070009230781:
5202112052003090009346170:
5202112052003130007407739:
5202112052003150004167851:
5202112052003180004963073:
5202112052003200009226412:
5202112052003230007411321:
5202112052003250009253997:
5202112052003270004976000:
5202112052003290006025807:
5202112052003310005262048:
5202112052003340005248880:
5202112052003410004604857:
5202112052003430009226440:
5202112052003450008499208:
5202112052003480004599830:
5202112052003510009226440:
5202112052003530004980727:
5202112052003560004934727:
5202112052003580009339273:
5202112052004000004934727:
5202112052004020008688253:
5202112052004040007412611:
5202112052004060009340820:
5202112052004080004997608:
5202112052004140006029988:
5202112052004160004961644:
5202112052004180004167848:
5202112052004210004997809:
5202112052004230004927329:
5202112052004260004967585:
5202112052004330004931701:
5202112052004380008493750:
5202112052004400005012946:
5202112052004420005259619:
5202112052004450004932359:
5202112052004480009293911:
5202112052004500004961404:
5202112052004520005252072:
5202112052004560004605842:
5202112052005000008500312:
5202112052005020005012946:
5202112052005040004950937:
5202112052005060004957545:
5202112052005090006033090:
5202112052005100005266100:
5202112052005160005254540:
5202112052005180004998138:
5202112052005240004975531:
5202112052005260004998138:
5202112052005280004975531:
5202112052005310004922969:
5202112052005320005270174:
5202112052005340004599827:
5202112052005460004966986:
5202112052005530004946775:
5202112052006060004988793:
5202112052006110004924182:
5202112052006200004966418:
5202112052006240008506766:
5202112052006350008694659:
5202112052006390009321395:
5202112052006410004990401:
5202112052006430005264312:
5202112052006440005252028:
5202112052006460004162431:
5202112052006480004986846:
5202112052007120004966761:
5202112052007240004951445:
5202112052007310008500184:
5202112052007360005006101:
5202112052007440009234480:
5202112052007470009348543:
5202112052008270004932362:
5202112052008530004921536:
5202112052008550007402194:
5202112052008590009305457:
5202112052009000004157441:
5202112052009100006039969:
5202112052009290005263012:
5202112052009410004989073:
5202112052010110007414082:
5202112052010400009226392:
5202112052010410004935107:
5202112052010500004180013:
5202112052011190006041103:
5202112052011570006025812:
5202112052011590005272371:
5202112052012010009347607:
5202112052012030006031525:
5202112052012050006041715:
5202112052012060009346362:
5202112052012080009230754:
5202112052012100005258489:
5202112052012120009230754:
5202112052012140004989528:
5202112052013050008709011:
5202112052014000004165753:
5202112052014250005268446:
5202112052015210009346707:
5202112052015250009341030:
5202112052015320009339824:
5202112052015400009341030:
5202112052016310004951489:
5202112052018170003920040:
5202112052024270004946517:
5202112052024460009354001:
5202112052040400009297056:
5202112052043330006022855:
5202112052100080004162433:
5202112052100100008690529:
5202112052100120006022852:
5202112052100150008676811:
5202112052100170004935186:
5202112052100210004947445:
5202112052100230004935186:
5202112052100250009254229:
5202112052100300009342183:
5202112052100320008702320:
5202112052100330004954090:
5202112052100350009342183:
5202112052100380009252984:
5202112052100550001079288:
5202112052100560008510090:
5202112052101100008495616:
5202112052101430008694944:
5202112052101450005268444:
5202112052101470004931193:
5202112052102120005267341:
5202112052102160009339219:
5202112052102290006036993:
5202112052102440004972420:
5202112052102460009294273:
5202112052103140007410385:
5202112052106330005249647:
5202112052107020004961221:
5202112052107030005271890:
5202112052107370009326612:
5202112052107380005263973:
5202112052123100005267475:
5202112052124140008508219:
5202112052124160008497463:
5202112052124170004966050:
5202112052124380004967590:
5202112052124450008706494:
5202112052125100004167850:
5202112052146500009322682:
5202112052146540009290250:
5202112052150090004161991:
5202112052154010004605846:
5202112052158040009339803:
5202112052158290004158139:
5202112052158350009254212:
5202112052158390005252070:
5202112052159570004970930:
5202112052159580007407459:
5202112052200000005252022:
5202112052200020005271892:
5202112052200040008516772:
5202112052200060008680900:
5202112052200080004975787:
5202112052200090004165757:
5202112052200110008714113:
5202112052200120008709369:
5202112052200140003132773:
5202112052200150006032924:
5202112052200170009286616:
5202112052200180004604856:
5202112052200200008697764:
5202112052200220008695330:
5202112052200240005258216:
5202112052200250004939835:
5202112052200270004976407:
5202112052200280006021994:
5202112052200300005249706:
5202112052200320004161985:
5202112052200330004937390:
5202112052200350004929408:
5202112052200380008703693:
5202112052200400004945980:
5202112052200410006033000:
5202112052200430004599831:
5202112052200440008692117:
5202112052200460004968100:
5202112052200470009325535:
5202112052200490009282114:
5202112052200500004951537:
5202112052200520004980976:
5202112052200550008502984:
5202112052200570004951477:
5202112052200590003137991:
5202112052201010004966750:
5202112052201030005248597:
5202112052201050004596344:
5202112052201080004974136:
5202112052201100004961022:
5202112052201120005009382:
5202112052201130005271893:
5202112052201140005270181:
5202112052201160004937390:
5202112052201210004986730:
5202112052201230009343149:
5202112052201240008691341:
5202112052201250004596347:
5202112052201280004946192:
5202112052201290006039497:
5202112052201310008492776:
5202112052201320004969726:
5202112052201340008515021:
5202112052201360004977027:
5202112052201380004160311:
5202112052201390004965170:
5202112052201410008497774:
5202112052201420008510716:
5202112052201440009284157:
5202112052201470004160311:
5202112052201490009296798:
5202112052201500009284157:
5202112052201520008515021:
5202112052201530004967416:
5202112052201550007419049:
5202112052201590004989670:
5202112052202010004972171:
5202112052202030009290264:
5202112052202050008510716:
5202112052202060004952169:
5202112052202080006037287:
5202112052202090005270002:
5202112052202130008494613:
5202112052202150001108277:
5202112052202170008494613:
5202112052202200004958379:
5202112052202220009276680:
5202112052202230009279709:
5202112052202250004936419:
5202112052202270004596348:
5202112052202280004936419:
5202112052202300004987744:
5202112052202340004931257:
5202112052202360004926646:
5202112052202370005254709:
5202112052202390004162161:
5202112052202410005263970:
5202112052202420008692450:
5202112052202440009288913:
5202112052202460004969132:
5202112052202470004157151:
5202112052202490009288913:
5202112052202510008509901:
5202112052202540008517932:
5202112052202550004930090:
5202112052202570005008846:
5202112052203040008697836:
5202112052203060005270172:
5202112052203070004167842:
5202112052203090009253739:
5202112052203110004981830:
5202112052203120004961532:
5202112052203150004924019:
5202112052203170004961532:
5202112052203180005256328:
5202112052203200004961532:
5202112052203210004951177:
5202112052203240008511510:
5202112052203250009339834:
5202112052203270004922875:
5202112052203290004965814:
5202112052203310006030118:
5202112052203320004158137:
5202112052203340009342959:
5202112052203370005248392:
5202112052203410008513325:
5202112052203430009342959:
5202112052203440004990979:
5202112052203460007402500:
5202112052203480004960782:
5202112052203490009354401:
5202112052203510004974855:
5202112052203530008494564:
5202112052203560004159572:
5202112052203570004960782:
5202112052203590004167847:
5202112052204000004991528:
5202112052204020009352009:
5202112052204040008516236:
5202112052204070004961787:
5202112052204090004995938:
5202112052204110008496310:
5202112052204130008503915:
5202112052204140008698279:
5202112052204170005004855:
5202112052204190008512216:
5202112052204210005004855:
5202112052204220008512216:
5202112052204240004975166:
5202112052204260005249645:
5202112052204270009339524:
5202112052204290004957738:
5202112052204310004965967:
5202112052204340005266259:
5202112052204370008503171:
5202112052204400001087528:
5202112052204420006030130:
5202112052204440009281814:
5202112052204460009324076:
5202112052204490005249644:
5202112052204510008500113:
5202112052204540005249644:
5202112052204550004947107:
5202112052204590004937490:
5202112052205010005264310:
5202112052205100009280491:
5202112052205380008701083:
5202112052205530007410282:
5202112052206070009346035:
5202112052226510005254930:
5202112052226540004991241:
5202112052300000004936685:
5202112052300100004998544:
5202112052300190008508290:
5202112052300210008431645:
5202112052300240005254539:
5202112052300270004996134:
5202112052300320004938202:
5202112052300350005263969:
5202112052300380004991584:
5202112052300520003892332:
5202112052300570004967296:
5202112052301020008692560:
5202112052301040009240533:
5202112052301080006018006:
5202112052301410008690234:
5202112052302010004958069:
6202112050730520004951327:
6202112050734440004946192:
6202112050738480004968173:
6202112050739420004992307:
6202112050739480004961644:
6202112050740400005263968:
6202112050740440005262500:
6202112050740450004158136:
6202112050741380005254051:
6202112050742160004965866:
6202112050742300004982680:
6202112050743090008708048:
6202112050743220004965502:
6202112050743590004596346:
6202112050745000007404782:
6202112050745070004942040:
6202112050745140004967296:
6202112050745180004596348:
6202112050747000008508441:
6202112050747050004949140:
6202112050747320004159576:
6202112050747370005267346:
6202112050747400009287614:
6202112050748140005270000:
6202112050748190005270174:
6202112050748230004605847:
6202112050748460008517056:
6202112050748530005012405:
6202112050748550004961022:
6202112050749030005008853:
6202112050749060005006747:
6202112050749290004596345:
6202112050749390004987025:
6202112050749410004605849:
6202112050749440004604852:
6202112050749460004990979:
6202112050749560005265558:
6202112050750120004926646:
6202112050750180005267345:
6202112050750260004928604:
6202112050750490004974233:
6202112050750530008508290:
6202112050750560005268686:
6202112050750580005250567:
6202112050751070004975690:
6202112050751090004932608:
6202112050751130004998074:
6202112050751150005252073:
6202112050751310005259625:
6202112050751350004157151:
6202112050751380008683421:
6202112050751400009288913:
6202112050751420004167851:
6202112050751440005010841:
6202112050751500005262499:
6202112050751520004952169:
6202112050751540005010841:
6202112050751560000431430:
6202112050752000006015460:
6202112050752010005270005:
6202112050752090009292116:
6202112050752110004929408:
6202112050752150004165891:
6202112050752250004958069:
6202112050752270005265079:
6202112050752360004936685:
6202112050752450008698121:
6202112050752490006039510:
6202112050752510008499805:
6202112050752530008702698:
6202112050752580005269841:
6202112050753020004989524:
6202112050753050005005468:
6202112050753070004162431:
6202112050753100005270172:
6202112050753150009335560:
6202112050753170008684967:
6202112050753210005270173:
6202112050753230004987731:
6202112050753250004975841:
6202112050753280005264312:
6202112050753340004970930:
6202112050753380006018008:
6202112050753420004993672:
6202112050753450004965031:
6202112050753470004952471:
6202112050753480009252946:
6202112050753510004161985:
6202112050753550009253995:
6202112050754000004159579:
6202112050754020001087528:
6202112050754160005253081:
6202112050754190008689944:
6202112050754240008492410:
6202112050754270007421743:
6202112050754300008690234:
6202112050754370005001068:
6202112050754410005268446:
6202112050754490004976589:
6202112050754530005248456:
6202112050754560004981546:
6202112050754580005249706:
6202112050755010008715839:
6202112050755030004957118:
6202112050755060004975255:
6202112050755080009324637:
6202112050755100004165756:
6202112050755120004927539:
6202112050755140005267056:
6202112050755160004160313:
6202112050755190008499556:
6202112050755210004599830:
6202112050755240009232629:
6202112050755260004988205:
6202112050755280009233704:
6202112050755300009275492:
6202112050755320004932392:
6202112050755330009342978:
6202112050755350004165754:
6202112050755360004931925:
6202112050755380005267344:
6202112050755400005249704:
6202112050755420008492776:
6202112050755430004969304:
6202112050755450004998194:
6202112050755470004949536:
6202112050755480005264728:
6202112050755560004948881:
6202112050756010004961532:
6202112050756040009339225:
6202112050756060004961532:
6202112050756080008691341:
6202112050756090004922029:
6202112050756120005263972:
6202112050756150006033000:
6202112050756170004962579:
6202112050756200005248460:
6202112050756220009335539:
6202112050756240004159578:
6202112050756260009286387:
6202112050756270009324879:
6202112050756320004159571:
6202112050756350005249720:
6202112050756370008518736:
6202112050756400008501795:
6202112050756420008690203:
6202112050756450005006315:
6202112050756510005268447:
6202112050756540009327615:
6202112050756570005252021:
6202112050756580005254712:
6202112050757020005263924:
6202112050757040004162430:
6202112050757070005265851:
6202112050757100009348776:
6202112050757140005254542:
6202112050757160004923548:
6202112050757180005248880:
6202112050757200008709488:
6202112050757220008693920:
6202112050757230006025807:
6202112050757250004935629:
6202112050757270006039541:
6202112050757280008679943:
6202112050757300004931701:
6202112050757320009278808:
6202112050757380004928833:
6202112050757400006030480:
6202112050757420004159573:
6202112050757440004045200:
6202112050757450004987532:
6202112050757470004940881:
6202112050757480008498021:
6202112050757500004602281:
6202112050757520006021994:
6202112050757540008699992:
6202112050757550005264721:
6202112050757570005271893:
6202112050757580004931257:
6202112050758000004596347:
6202112050758020005254706:
6202112050758030004988378:
6202112050758050003892332:
6202112050758060004989794:
6202112050758080004933902:
6202112050758090009325535:
6202112050758110004968194:
6202112050758140004928175:
6202112050758170004161990:
6202112050758190005270281:
6202112050758230009233695:
6202112050758250009354582:
6202112050758260000424146:
6202112050758270005263920:
6202112050758320005263716:
6202112050758340005270004:
6202112050758360004962761:
6202112050758380005263716:
6202112050758390009280051:
6202112050758410009348748:
6202112050758420005272290:
6202112050758440001114611:
6202112050758460005262498:
6202112050758470005263920:
6202112050758490009254212:
6202112050758510008507829:
6202112050758520008494613:
6202112050758540008431645:
6202112050758550008710216:
6202112050758570004976000:
6202112050758580005263969:
6202112050759000008506074:
6202112050759020005259621:
6202112050759040004951477:
6202112050759060005251013:
6202112050759090005273786:
6202112050759120005270006:
6202112050759140005272292:
6202112050759150005262048:
6202112050759170004937930:
6202112050759190005254536:
6202112050759210004164864:
6202112050759230004953650:
6202112050759260004160308:
6202112050759270008498188:
6202112050759280006018006:
6202112050759300008692560:
6202112050759320004975477:
6202112050759340009240533:
6202112050759360005006239:
6202112050759370008692560:
6202112050759390004997277:
6202112050759420004969132:
6202112050759430006016276:
6202112050759450008511510:
6202112050759470004937089:
6202112050759490004604854:
6202112050759520004157149:
6202112050759540008497774:
6202112050759560004178213:
6202112050759580004927727:
6202112050800000004994575:
6202112050800020004991584:
6202112050800040008502984:
6202112050800090005267476:
6202112050800110004998055:
6202112050800180009346367:
6202112050800210008693892:
6202112050800280006039130:
6202112050800300007412611:
6202112050800410005266258:
6202112050800470006023662:
6202112050800500009331842:
6202112050800540009322590:
6202112050800560008698315:
6202112050800580004936854:
6202112050801000009339144:
6202112050801020008495468:
6202112050801230009282114:
6202112050801310004923617:
6202112050801500004933960:
6202112050802070009339211:
6202112050802290005252675:
6202112050803330008503089:
6202112050803440006033720:
6202112050804160008501482:
6202112050806130004989820:
6202112050809320004923771:
6202112050810060004158135:
6202112050813090008506597:
6202112050821380005259620:
6202112050857380005262496:
6202112050924260009279594:
6202112051703350004996986:
6202112051717570004989502:
6202112051757370006022420:
6202112051802400006015460:
6202112051804180005258213:
6202112051805290004974233:
6202112051805360004164864:
6202112051806340004989794:
6202112051806390004941508:
6202112051806440004923617:
6202112051807120004968208:
6202112051807370008504091:
6202112051819210005248390:
6202112051830180005267483:
6202112051857220006042277:
6202112051900020008507829:
6202112051900040004957118:
6202112051902040004993409:
6202112051903090004953650:
6202112051904530005263919:
6202112051904570005248391:
6202112051905030005248389:
6202112051905470005254716:
6202112051912100006036994:
6202112051950340008502364:
6202112051958330005248393:
6202112052000010008506597:
6202112052000030004965866:
6202112052000070008506597:
6202112052000200005008358:
6202112052000460004162429:
6202112052000500004161990:
6202112052000530005264721:
6202112052001100004160308:
6202112052001120004167844:
6202112052001150004968194:
6202112052001180005262498:
6202112052001210009331842:
6202112052001280008499471:
6202112052001350004927539:
6202112052001370005256125:
6202112052001390004998074:
6202112052001410005273787:
6202112052001430004962761:
6202112052001440005265555:
6202112052001460005254536:
6202112052001480004159576:
6202112052001490004605851:
6202112052001540007404782:
6202112052001580005006239:
6202112052002000005262499:
6202112052002030004159579:
6202112052002050004997277:
6202112052002080004599828:
6202112052002100006018008:
6202112052002150004987910:
6202112052002190008680280:
6202112052002220005265082:
6202112052002230009252970:
6202112052002250005265083:
6202112052002270004965343:
6202112052002300005264728:
6202112052002330005272292:
6202112052002360004159571:
6202112052002520005270000:
6202112052002540004167851:
6202112052002550005270004:
6202112052002570005262048:
6202112052002590004976000:
6202112052003010005267443:
6202112052003030004962579:
6202112052003050005272290:
6202112052003070006025807:
6202112052003090009339144:
6202112052003100004965031:
6202112052003120005248880:
6202112052003130005001068:
6202112052003180004949598:
6202112052003190005263975:
6202112052003240004599830:
6202112052003270004929202:
6202112052003300007412611:
6202112052003350004922029:
6202112052003370004923016:
6202112052003460005258214:
6202112052003480004952229:
6202112052003490008506074:
6202112052003520004961644:
6202112052004010009232653:
6202112052004030004165891:
6202112052004050005267482:
6202112052004070004987731:
6202112052004110005258486:
6202112052004150004979341:
6202112052004220004599827:
6202112052004250004968886:
6202112052004270008499149:
6202112052004290004975069:
6202112052004300004158136:
6202112052004320004956498:
6202112052004330005263968:
6202112052004360004928175:
6202112052004390004599827:
6202112052004410005254712:
6202112052004450004949598:
6202112052004490005010841:
6202112052004520005254540:
6202112052004540004160313:
6202112052005020005265851:
6202112052005070004159573:
6202112052005200004988793:
6202112052005250008708048:
6202112052006030005265079:
6202112052006130004948585:
6202112052006160004963347:
6202112052006190005264312:
6202112052006220004162431:
6202112052006240005252028:
6202112052006360009348543:
6202112052006460004982680:
6202112052006530008709393:
6202112052006570009348543:
6202112052007130004935891:
6202112052007230004930608:
6202112052007510008699992:
6202112052007530009348748:
6202112052008010004968592:
6202112052009460008698121:
6202112052011270004990111:
6202112052012560004923771:
6202112052013400004165753:
6202112052014040005268446:
6202112052014520007407502:
6202112052014540006019315:
6202112052017050007421269:
6202112052019450009254207:
6202112052026550004989524:
6202112052037130009305197:
6202112052103190004949140:
6202112052104160005252073:
6202112052105010004605847:
6202112052106020009254000:
6202112052108320004951627:
6202112052112480008500401:
6202112052112520008713215:
6202112052112590004934412:
6202112052105200005259620:
6202112052108300008508441:
6202112052109070004930576:
6202112052110000004992307:
6202112052138390004923771:
6202112052138450004975841:
6202112052143220005267346:
6202112052145590005261061:
6202112052152360004599832:
6202112052152480009254002:
6202112052157520008510378:
6202112052158070003918790:
6202112052158100009254212:
6202112052158120004159580:
6202112052158140005252070:
6202112052158430004604854:
6202112052158470005264727:
6202112052158530004604854:
6202112052159280004604856:
6202112052159340007407459:
6202112052159360005271892:
6202112052159400004928833:
6202112052159450004165754:
6202112052159500005270006:
6202112052159540004923159:
6202112052159570004967379:
6202112052159590004159578:
6202112052200020004602281:
6202112052200040004161985:
6202112052200050004976407:
6202112052200070009252946:
6202112052200130005270173:
6202112052200150005268450:
6202112052200170009252946:
6202112052200180005263715:
6202112052200200004935629:
6202112052200210004987532:
6202112052200230008499805:
6202112052200240005269841:
6202112052200260004951477:
6202112052200280005266099:
6202112052200290008517056:
6202112052200310008508757:
6202112052200320008517056:
6202112052200360004602277:
6202112052200380005248878:
6202112052200400004605852:
6202112052200410004961022:
6202112052200430005009382:
6202112052200450004596347:
6202112052200470008689944:
6202112052200480008501795:
6202112052200500004949437:
6202112052200510004926646:
6202112052200530009348776:
6202112052200540004946192:
6202112052200560004952169:
6202112052200570004926646:
6202112052200590008511510:
6202112052201010009230815:
6202112052201030005270001:
6202112052201040008492776:
6202112052201060005261578:
6202112052201080005251013:
6202112052201090004998194:
6202112052201110008492776:
6202112052201120008696238:
6202112052201140004998194:
6202112052201150004942040:
6202112052201170004602280:
6202112052201180005008853:
6202112052201200004157151:
6202112052201210004931257:
6202112052201230008494613:
6202112052201240005270005:
6202112052201260005006747:
6202112052201270009290264:
6202112052201290005268447:
6202112052201300006039130:
6202112052201320004158135:
6202112052201330009232629:
6202112052201350009339837:
6202112052201370004953182:
6202112052201390009339837:
6202112052201410009281193:
6202112052201420005264163:
6202112052201440006016276:
6202112052201450009233704:
6202112052201470004998055:
6202112052201480009278808:
6202112052201500005264163:
6202112052201510008496367:
6202112052201530008695905:
6202112052201540005273786:
6202112052201560008683421:
6202112052201580004996445:
6202112052201590006037924:
6202112052202010004927120:
6202112052202020004936557:
6202112052202040005012405:
6202112052202060005005063:
6202112052202070004933902:
6202112052202090001114611:
6202112052202100009233704:
6202112052202130004993672:
6202112052202140004178213:
6202112052202160008492480:
6202112052202180004178213:
6202112052202200009292116:
6202112052202220005270172:
6202112052202250005267056:
6202112052202260005268686:
6202112052202280005005063:
6202112052202290008710216:
6202112052202310005266258:
6202112052202320005254423:
6202112052202340004165890:
6202112052202350004961532:
6202112052202370009343593:
6202112052202380005270182:
6202112052202400004940881:
6202112052202410004961532:
6202112052202430004969598:
6202112052202440004963921:
6202112052202460005248661:
6202112052202480004975690:
6202112052202490005005263:
6202112052202510004932392:
6202112052202520009324879:
6202112052202540008497935:
6202112052202550004961333:
6202112052202570008698315:
6202112052202580004157149:
6202112052202590004937089:
6202112052203010004596345:
6202112052203030009335539:
6202112052203040005005468:
6202112052203060009226952:
6202112052203070008495468:
6202112052203100004952773:
6202112052203110004990979:
6202112052203130005253081:
6202112052203140008497634:
6202112052203160005254929:
6202112052203180000431430:
6202112052203200008502189:
6202112052203210005005468:
6202112052203230006039510:
6202112052203260004928604:
6202112052203270004927029:
6202112052203310004994575:
6202112052203330004596346:
6202112052203340008697063:
6202112052203360004927727:
6202112052203380003916932:
6202112052203400004604852:
6202112052203420001087528:
6202112052203440004929016:
6202112052203470006017488:
6202112052203480008501482:
6202112052203500009276489:
6202112052203550004936854:
6202112052203580004605849:
6202112052204011513409863:
6202112052204040004599829:
6202112052204060004929645:
6202112052204080004994314:
6202112052204160006022160:
6202112052204180008512859:
6202112052204200004966490:
6202112052204220004967312:
6202112052204390008496149:
6202112052204460004605844:
6202112052205010009287614:
6202112052205220004967900:
6202112052205250006039129:
6202112052205440003137754:
6202112052205540006014349:
6202112052205580009274874:
6202112052206030004965502:
6202112052206590005250566:
6202112052207040009324637:
6202112052207590005267345:
6202112052208000009321321:
6202112052208310004988378:
6202112052208330008494964:
6202112052210320005007161:
6202112052210350004951327:
6202112052211370009298223:
6202112052223110007421210:
6202112052226240007398203:
6202112052230180004968173:
6202112052230210007402498:
6202112052232080009241075:
6202112052300010008431645:
6202112052300030008508290:
6202112052300040005254539:
6202112052300050004996134:
6202112052300110004938202:
6202112052300130005006528:
6202112052300150005263969:
6202112052300240003892332:
6202112052300270006033720:
6202112052300300006018006:
6202112052300320004967296:
6202112052300330008692560:
6202112052300370009240533:
6202112052301200004958069:
6202112052301230008690234:
6202112052301300005262497:
6202112052303120008708003:
6202112052304140004989820:
8202112050743360008504234:
8202112050744310009339792:
8202112050744340007396382:
8202112050745560006015165:
8202112050748420005001511:
8202112050748540004981013:
8202112050749120008716113:
8202112050749150004929419:
8202112050749260008511681:
8202112050749280008445656:
8202112050749300008511681:
8202112050749380004965482:
8202112050751150007407499:
8202112050751330004990686:
8202112050751580004953437:
8202112050752070009236868:
8202112050752200005255714:
8202112050752330006036504:
8202112050752360008500626:
8202112050752400006028960:
8202112050753300005250565:
8202112050753350009296645:
8202112050753370004927575:
8202112050753530009273291:
8202112050754060009346340:
8202112050754070005268443:
8202112050754100005008693:
8202112050754340004996716:
8202112050754350008496149:
8202112050754450005248602:
8202112050754470009250787:
8202112050754560009252994:
8202112050754580009341511:
8202112050755010004991542:
8202112050755190004605843:
8202112050755210004949437:
8202112050755240004931038:
8202112050755410005263971:
8202112050755430008512783:
8202112050755450009234249:
8202112050755470005004322:
8202112050755520005267444:
8202112050755550000424167:
8202112050755570004974727:
8202112050756000001087543:
8202112050756030003126360:
8202112050756080004169060:
8202112050756230004957311:
8202112050756240006020192:
8202112050756260004941228:
8202112050756290004989259:
8202112050756440005264545:
8202112050756480005264311:
8202112050756550005258478:
8202112050756570009324572:
8202112050756590008710875:
8202112050757140004968761:
8202112050757190004946812:
8202112050757210008511222:
8202112050757240005252017:
8202112050757260004965343:
8202112050757520006028799:
8202112050757550009326600:
8202112050757580005251015:
8202112050758030004948548:
8202112050758260008499867:
8202112050758380009305260:
8202112050758470005270181:
8202112050758540009311280:
8202112050758580009287195:
8202112050759310005266257:
8202112050759380009342962:
8202112050800000009241075:
8202112050800010005012521:
8202112050800060005254421:
8202112050800430004602279:
8202112050805440004929270:
8202112051702190009354827:
8202112051702340006041875:
8202112051704440009226817:
8202112051800500007407499:
8202112051801210005255714:
8202112051801230008502693:
8202112051801500004957855:
8202112051802030004968761:
8202112051802230008495426:
8202112051802290004929270:
8202112051802470006028960:
8202112051805170006039974:
8202112051900020005001262:
8202112051900060004974727:
8202112051900240005008693:
8202112051900260005268443:
8202112051900280009346055:
8202112051900310004952471:
8202112051900340004167849:
8202112051900460005248602:
8202112051900500000431385:
8202112051900520006028957:
8202112051900540000431385:
8202112051900560005254710:
8202112051900580008511222:
8202112051901030009343592:
8202112051901050005261060:
8202112051901090005265084:
8202112051901120005252024:
8202112051901130006020192:
8202112051901260004957311:
8202112051901280009342143:
8202112051901300005012741:
8202112051901310005001511:
8202112051901330004981546:
8202112051901350005254421:
8202112051901370005252017:
8202112051901390005258478:
8202112051901420009327620:
8202112051901470009342978:
8202112051902060005250565:
8202112051902080009283323:
8202112051902220004948548:
8202112051902260009234249:
8202112051902300004991542:
8202112051902550004946812:
8202112051903030006022158:
8202112051904590004996716:
8202112051922020008677903:
8202112052000070009296645:
8202112052000090009346340:
8202112052000100004927575:
8202112052000120009250787:
8202112052000140007402196:
8202112052000160008512783:
8202112052000180004929641:
8202112052000190009252994:
8202112052000210009341511:
8202112052000230005007370:
8202112052000250005004322:
8202112052000270004932608:
8202112052000280005258488:
8202112052000300008499867:
8202112052000320004988966:
8202112052000340008445656:
8202112052000360007396382:
8202112052000380008495556:
8202112052000410004929713:
8202112052000490008504234:
8202112052000570005248459:
8202112052001010009326600:
8202112052001100004605843:
8202112052001120004936688:
8202112052001140004936293:
8202112052001170008499706:
8202112052001210004990686:
8202112052001230004972892:
8202112052001590008708992:
8202112052002010009290271:
8202112052002050009333812:
8202112052002210005254706:
8202112052002230004167845:
8202112052002250009305260:
8202112052002290008492410:
8202112052002300005006315:
8202112052002330005264544:
8202112052002350004951868:
8202112052002370004981013:
8202112052003010005254707:
8202112052003400005250927:
8202112052004220004162428:
8202112052006390009336990:
8202112052009360004982114:
8202112052116270005004848:
8202112052130070004989259:
8202112052132490004924676:
8202112052200010005264311:
8202112052200020009233695:
8202112052200040005251015:
8202112052200050006028799:
8202112052200070008716113:
8202112052200080008710875:
8202112052200100009273291:
8202112052200110005005802:
8202112052200130004927939:
8202112052200160009272187:
8202112052200170009301802:
8202112052200190005263971:
8202112052200200009295891:
8202112052200220006015165:
8202112052200240001087543:
8202112052200250005264309:
8202112052200270004169060:
8202112052200290009226433:
8202112052200300009287195:
8202112052200320009226797:
8202112052200350003126360:
8202112052200370008500493:
8202112052200390005250567:
8202112052200410008500626:
8202112052200430000424167:
8202112052200460009336959:
8202112052200470009339821:
8202112052200500009295454:
8202112052200510009339818:
8202112052200530004952531:
8202112052200550004969304:
8202112052200570009342962:
8202112052201000008511681:
8202112052201060008702698:
8202112052201090004990375:
8202112052201190001099428:
8202112052201230005254534:
8202112052201290005265078:
8202112052201310005254424:
8202112052201350009341742:
8202112052201370004958669:
8202112052201480005264545:
8202112052201500009246202:
8202112052201510009230812:
8202112052201530009236868:
8202112052201550009292038:
8202112052201570009311280:
8202112052202340005259621:
8202112052202390009324572:
8202112052202420004931038:
8202112052202430008501835:
8202112052202460008680442:
8202112052202500008493340:
8202112052202560005012521:
8202112052203000008690224:
8202112052203020009292038:
8202112052203310008496149:
8202112052203490005255674:
8202112052204000009286996:
8202112052204070009226821:
8202112052204330004964545:
8202112052205070005248456:
8202112052206190005258470:
8202112052208370004602279:
