2202112310000080004933960:
2202112310101500006031525:
2202112310200520004972171:
2202112310200530005270002:
2202112310200570008692450:
2202112310201000009253997:
2202112310201230004965814:
2202112310201300004980727:
2202112310201320004995938:
2202112310201330004967416:
2202112310201360009230754:
2202112310201390008517932:
2202112310201420008510716:
2202112310201440005258468:
2202112310201450009276680:
2202112310201480005270773:
2202112310202030004997873:
2202112310202050007402500:
2202112310202080006037287:
2202112310202110009330833:
2202112310202130009232378:
2202112310202160005272911:
2202112310202280004950937:
2202112310202390008500184:
2202112310202400009279709:
2202112310202580005268169:
2202112310204060004941773:
2202112310204240004968004:
2202112310212300005272371:
2202112310219370008496310:
2202112310302500008500312:
2202112310302520009252984:
2202112310302550004964878:
2202112310306520008495616:
2202112310306530006751664:
2202112310329540004967590:
2202112310451170009300596:
2202112310451210009324604:
2202112310451230004966050:
2202112310451240005268444:
2202112310451260008694944:
2202112310451280007398914:
2202112310451330004931193:
2202112310452180008512059:
2202112310452330004995116:
2202112310452370007402523:
2202112310454500004947963:
2202112310454550005267343:
2202112310455320008508219:
2202112310455430008497463:
3202112311515050004969598:
3202112311515150008504091:
3202112311515180004966591:
3202112312147120008504091:
4202112310005300009344566:
4202112310005310006039129:
4202112310117480006036876:
4202112310302280008690234:
4202112310316280007398203:
4202112310316450004991241:
4202112310319090007402498:
4202112310319130005258224:
5202112310002290006025807:
5202112310003250006022855:
5202112310003270009346707:
5202112310004240005266587:
5202112310038000009339803:
5202112310151430009234486:
5202112310200050004975166:
5202112310200070005012946:
5202112310200110004981830:
5202112310200150004972171:
5202112310200160005270002:
5202112310200190004958379:
5202112310200210008515021:
5202112310200220008699606:
5202112310200250008692450:
5202112310200270008699606:
5202112310200290008692450:
5202112310200300004966903:
5202112310200320005268448:
5202112310200350009352009:
5202112310200370008494564:
5202112310200400008512216:
5202112310200420004167848:
5202112310200430004965814:
5202112310200450004980727:
5202112310200460008512216:
5202112310200480008510716:
5202112310200490006041715:
5202112310200510008493750:
5202112310200520008510716:
5202112310200540005248392:
5202112310200580004167847:
5202112310201000004995938:
5202112310201010009276680:
5202112310201030004936419:
5202112310201040004967416:
5202112310201060001108277:
5202112310201070009230754:
5202112310201090005258218:
5202112310201120008517932:
5202112310201140005258468:
5202112310201150009346170:
5202112310201170005272911:
5202112310201190005270773:
5202112310201210006039493:
5202112310201220004950937:
5202112310201240008516236:
5202112310201260004924019:
5202112310201280009282809:
5202112310201300004997873:
5202112310201310006037287:
5202112310201330007402500:
5202112310201350009321334:
5202112310201370009232378:
5202112310201390004964719:
5202112310201410005248386:
5202112310201420009234480:
5202112310201450001083110:
5202112310201460004951445:
5202112310201490004961404:
5202112310201510009225481:
5202112310201540009290365:
5202112310201560009226440:
5202112310201580004950937:
5202112310202000009354401:
5202112310202020009226440:
5202112310202040008500184:
5202112310202061513645885:
5202112310202080004923454:
5202112310202100009279709:
5202112310202140005268169:
5202112310203000005254709:
5202112310203030004987744:
5202112310203060004159572:
5202112310203130008503171:
5202112310203180004989365:
5202112310203270004997608:
5202112310203300009340820:
5202112310203320004940674:
5202112310203340004989232:
5202112310203360004992022:
5202112310203380004941773:
5202112310203550009340824:
5202112310203560004968004:
5202112310204280004959001:
5202112310204430004961787:
5202112310204450008697836:
5202112310204500004963630:
5202112310204540009296798:
5202112310205020005258530:
5202112310205330004160311:
5202112310206110004969384:
5202112310206260007401654:
5202112310206280004969384:
5202112310206330005249710:
5202112310206350005272229:
5202112310206380004957545:
5202112310206400006033090:
5202112310206450005272229:
5202112310207000009321395:
5202112310207140004995654:
5202112310211470005272371:
5202112310215020004957738:
5202112310215070004930090:
5202112310215090005004855:
5202112310217200009339524:
5202112310217250008698279:
5202112310217590005252358:
5202112310218080009280491:
5202112310218110003920040:
5202112310218130009341030:
5202112310218150008694659:
5202112310218240004921536:
5202112310218270009341030:
5202112310218500006030118:
5202112310209020008496310:
5202112310208180004158137:
5202112310209500008500113:
5202112310209510008706494:
5202112310230440005249644:
5202112310231330009281814:
5202112310231370005263012:
5202112310231420004157441:
5202112310233430004167842:
5202112310233450004937490:
5202112310233520009339219:
5202112310234010008503915:
5202112310240110005271890:
5202112310241020009297056:
5202112310241050009285513:
5202112310302070008500312:
5202112310302100008709011:
5202112310302160009252984:
5202112310305100006022852:
5202112310305130005251354:
5202112310305150004935186:
5202112310305170008676811:
5202112310305180005249647:
5202112310305200005272110:
5202112310305230008493286:
5202112310305260009342183:
5202112310305280004162433:
5202112310305300004954090:
5202112310305320004963035:
5202112310305340009342959:
5202112310305370004946517:
5202112310305500005272111:
5202112310306080001079288:
5202112310306100008510090:
5202112310306130008702320:
5202112310306150004972420:
5202112310306180006751664:
5202112310306200008495616:
5202112310306220008690529:
5202112310306380005007161:
5202112310306540005255711:
5202112310307050006036993:
5202112310307270009294273:
5202112310317560004947107:
5202112310326230004943327:
5202112310326260009324076:
5202112310327300004933649:
5202112310327330009324076:
5202112310329270009326612:
5202112310340310004605846:
5202112310340380004161991:
5202112310400000004975875:
5202112310453210009339824:
5202112311940310006042277:
5202112311940370004993595:
6202112310001050004989820:
6202112310001070004967312:
6202112310002000006025807:
6202112310002020009292116:
6202112310002060008697063:
6202112310010050005006528:
6202112310010100008494613:
6202112310010130004991584:
6202112310020360005262497:
6202112310203160004990085:
6202112310204060003916932:
6202112310205300004165890:
6202112310205320004932392:
6202112310207300008501795:
6202112310207360005264379:
6202112310207420005254929:
6202112310208290004966490:
6202112310215450006039506:
6202112310218180004996986:
6202112310300170004976407:
6202112310300390009254908:
6202112310300420004936685:
6202112310300450004929016:
6202112310300470008508290:
6202112310300490008431645:
6202112310300510004996134:
6202112310301010009339211:
6202112310301050005263969:
6202112310301110004996134:
6202112310301120005263969:
6202112310301310009240533:
6202112310301330005263969:
6202112310301350004964878:
6202112310301390004938202:
6202112310301410004964878:
6202112310301430004938202:
6202112310302210006025823:
6202112310302240005252016:
6202112310302290008494964:
6202112310302560008690234:
6202112310317380007398203:
6202112310317490004991241:
6202112310318030009241075:
6202112311110020006042277:
620211231191937552222588:
