2202104110733160009324831:
2202104110733400008687593:
2202104110735400009339795:
2202104110739460008677300:
2202104110739580006028292:
2202104110740280003137990:
2202104110740430009322683:
2202104110741270006012153:
2202104110741400009314377:
2202104110741450009225506:
2202104110741480008499075:
2202104110743510008504268:
2202104110743530009342996:
2202104110744000009351823:
2202104110744390008497657:
2202104110745200006040284:
2202104110745281513645885:
2202104110745310009230781:
2202104110746580009283515:
2202104110747030008509894:
2202104110747090007414082:
2202104110747380008517932:
2202104110748380008513950:
2202104110748530009326645:
2202104110748560009312114:
2202104110748560009339812:
2202104110749110008512362:
2202104110749180009339839:
2202104110749220009343374:
2202104110749261513641316:
2202104110749370009339273:
2202104110749390009340820:
2202104110749400009352009:
2202104110749420009354401:
2202104110749440009234467:
2202104110749460008690529:
2202104110749470009346170:
2202104110749490009338246:
2202104110749520001122092:
2202104110750101513652619:
2202104110750140009283499:
2202104110750150008495037:
2202104110750250008507561:
2202104110750290008717044:
2202104110750480009230795:
2202104110750500009354576:
2202104110751000008503915:
2202104110751040008509708:
2202104110751170009347607:
2202104110751190001088073:
2202104110751210008676811:
2202104110751250008717926:
2202104110751280009234480:
2202104110751340009249499:
2202104110751360008698279:
2202104110751390009346353:
2202104110751400009247716:
2202104110751440009351998:
2202104110752050009225522:
2202104110752070008692742:
2202104110752090007421252:
2202104110752140006027612:
2202104110752170009226965:
2202104110752190008506376:
2202104110752340009354001:
2202104110752360009230780:
2202104110752400009254229:
2202104110752470009225523:
2202104110752490009336990:
2202104110752570008494656:
2202104110752590000424165:
2202104110753020008678770:
2202104110753040009287011:
2202104110753090008516297:
2202104110753110008692450:
2202104110753180009346180:
2202104110753190009344572:
2202104110753270008508587:
2202104110753291513626317:
2202104110753330006039506:
2202104110753370009232378:
2202104110753390009346362:
2202104110753420008496581:
2202104110753430006039671:
2202104110753460009346708:
2202104110753470009225481:
2202104110753490006009777:
2202104110753520009281874:
2202104110753550009297056:
2202104110753580009279728:
2202104110754110009346707:
2202104110754210009336988:
2202104110754250008515081:
2202104110754260007402194:
2202104110754290009253842:
2202104110754470008510090:
2202104110754480003920040:
2202104110754550008704200:
2202104110754580008519522:
2202104110755010009281814:
2202104110755080008510696:
2202104110755100009250799:
2202104110755120008707413:
2202104110755140009348762:
2202104110755170008718216:
2202104110755180006019316:
2202104110755210009349986:
2202104110755240009341030:
2202104110755270008495556:
2202104110755300009225495:
2202104110755370001096293:
2202104110755390009236809:
2202104110755400006039969:
2202104110755460009326435:
2202104110755480006039969:
2202104110755540009341030:
2202104110755590008706878:
2202104110756050009232651:
2202104110756100009339524:
2202104110756160002851465:
2202104110756180009234236:
2202104110756200003918796:
2202104110756220006016276:
2202104110756240008497935:
2202104110756330006031525:
2202104110756350009233736:
2202104110756390008695667:
2202104110756400008509370:
2202104110756500009346290:
2202104110756530008501942:
2202104110757020009344566:
2202104110757150009323985:
2202104110757170008493366:
2202104110757190007407739:
2202104110757220009226946:
2202104110757260009337006:
2202104110757290009351833:
2202104110757330009254212:
2202104110757350009346173:
2202104110757440003126381:
2202104110757570009321395:
2202104110758000008499631:
2202104110758020006019064:
2202104110758040009254183:
2202104110758070009346376:
2202104110758090003126145:
2202104110758130001083110:
2202104110758150009327416:
2202104110758170004180013:
2202104110758320008709393:
2202104110758370008506074:
2202104110758450003132773:
2202104110758480009297574:
2202104110758561513649006:
2202104110758580009226392:
2202104110759100009351768:
2202104110759120008493286:
2202104110759240006021871:
2202104110759450009339803:
2202104110759480008497260:
2202104110759500006037288:
2202104110800370006018009:
2202104110800430009324107:
2202104110804350001097762:
2202104110809590009234247:
2202104111700330008493645:
2202104111702240008494656:
2202104111704050008692742:
2202104111704400009342183:
2202104111704440009342002:
2202104111710200009236809:
2202104111712390009326622:
2202104111743220009226392:
2202104111801340008686663:
2202104111815560006032030:
2202104111857490009232651:
2202104111901230009346173:
2202104111901250009254212:
2202104111901420008493217:
2202104111902010008678308:
2202104111902160009346033:
2202104111902540002851478:
2202104111903230008503789:
2202104111903310008702965:
2202104111903400008504457:
2202104111905570009326618:
2202104111906030009307295:
2202104111906150009339828:
2202104111906540007400852:
2202104111907130003137754:
2202104111907360009340483:
2202104111908220008492754:
2202104111909050009301551:
2202104111909070008500167:
2202104111909120009281928:
2202104111909180008698279:
2202104111909220008709061:
2202104111911520008515447:
2202104111912550006022855:
2202104111917580009348566:
2202104111918170009324604:
2202104111959130008702698:
2202104111959150008701274:
2202104111959160009325511:
2202104111959180006032999:
2202104111959560006028762:
2202104112000000008506632:
2202104112000010006027344:
2202104112000030008692560:
2202104112000040008506632:
2202104112000060008681103:
2202104112000080007421209:
2202104112000120009321707:
2202104112000140009286616:
2202104112000150008508521:
2202104112000170009226789:
2202104112000190008713928:
2202104112000200008690203:
2202104112000220008512035:
2202104112000240006036996:
2202104112000260008517815:
2202104112000270006024122:
2202104112000290009339274:
2202104112000300008497935:
2202104112000320008707413:
2202104112000340009321818:
2202104112000370009249499:
2202104112000390009287011:
2202104112000410008508587:
2202104112000430009351768:
2202104112000450009340813:
2202104112000470009324085:
2202104112000480008518128:
2202104112000500009343149:
2202104112000520008689564:
2202104112000530003132773:
2202104112000550000424007:
2202104112000560008508546:
2202104112001000009275948:
2202104112001020009344572:
2202104112001040009324107:
2202104112001060006015460:
2202104112001070009339144:
2202104112001130002851799:
2202104112001140008517783:
2202104112001170009339795:
2202104112001190008692587:
2202104112001210009340499:
2202104112001230007414046:
2202104112001270006014993:
2202104112001290009230795:
2202104112001320008710326:
2202104112001350008509894:
2202104112001370009225522:
2202104112001400009230785:
2202104112001440008698044:
2202104112001480003126145:
2202104112001500009336988:
2202104112001520008501833:
2202104112001560008512362:
2202104112001590009346376:
2202104112002020008499782:
2202104112002190006028292:
2202104112002220008509708:
2202104112002250009314377:
2202104112002270009250799:
2202104112002290006019316:
2202104112002310008507561:
2202104112002330008690529:
2202104112002340008515081:
2202104112002371513645885:
2202104112002410007411321:
2202104112002440009276797:
2202104112002500009324831:
2202104112002530008676811:
2202104112002550006040284:
2202104112002560008509370:
2202104112002580008495616:
2202104112003000009225495:
2202104112003020009247716:
2202104112003040008510090:
2202104112003130009254229:
2202104112003330009339839:
2202104112003380009339812:
2202104112003400006039506:
2202104112003440006031525:
2202104112003490009349986:
2202104112003510006018009:
2202104112003520009225507:
2202104112004010009346290:
2202104112004300009322683:
2202104112004320008493286:
2202104112004360007407739:
2202104112004380009253997:
2202104112004410004180013:
2202104112004421513637915:
2202104112004550007402194:
2202104112004570003920040:
2202104112005130008694659:
2202104112005460009339797:
2202104112005490006039969:
2202104112005520008497657:
2202104112005550006039969:
2202104112005580006036993:
2202104112006000008709393:
2202104112006020000439539:
2202104112006050009294273:
2202104112006560008503915:
2202104112006590007407764:
2202104112007010008493833:
2202104112010420008682585:
2202104112011380009233736:
2202104112016150006039494:
2202104112017521513649006:
2202104112018030008678770:
2202104112023530003137987:
2202104112027090009279728:
2202104112027230001100446:
2202104112032510008497463:
2202104112042380009234247:
2202104112043560008686064:
2202104112050460009303525:
2202104112050480009339824:
2202104112100150009304051:
2202104112143580008497260:
2202104112152510008503532:
2202104112153060009285513:
2202104112159570008499631:
2202104112200010009254183:
2202104112200050006019064:
2202104112200070001083110:
2202104112200090008517932:
2202104112200130008706878:
2202104112200140009225523:
2202104112200160001097762:
2202104112200180007414082:
2202104112200200006037288:
2202104112200220008496310:
2202104112200230009346353:
2202104112200250003892332:
2202104112200270008702320:
2202104112200290007421212:
2202104112200310009346708:
2202104112200330006027612:
2202104112200350008497759:
2202104112200370009351823:
2202104112200390009348762:
2202104112200410003137990:
2202104112200430008704200:
2202104112200440009234236:
2202104112200460006039671:
2202104112200490008718216:
2202104112200510008709954:
2202104112200520009323985:
2202104112200590009354576:
2202104112201010007421252:
2202104112201030009323985:
2202104112201060009354576:
2202104112201080009230780:
2202104112201100009226965:
2202104112201120008499075:
2202104112201130009347607:
2202104112201150008493366:
2202104112201170009345998:
2202104112201190008687593:
2202104112201210009340820:
2202104112201220008513950:
2202104112201240006012153:
2202104112201260009234480:
2202104112201270009341030:
2202104112201310009338246:
2202104112201330009321395:
2202104112201350009339273:
2202104112201380008717044:
2202104112201390009352009:
2202104112201410006021871:
2202104112201430008691017:
2202104112201450007422376:
2202104112201480009252984:
2202104112201501513641316:
2202104112201510009281814:
2202104112201530009297056:
2202104112201550008508219:
2202104112202050009342996:
2202104112202080009343374:
2202104112202100009354401:
2202104112202120003126381:
2202104112202130009346180:
2202104112202150008510696:
2202104112202160007410282:
2202104112202180009346362:
2202104112202190008519522:
2202104112202210003109818:
2202104112202230009351308:
2202104112202240009225506:
2202104112202260000424165:
2202104112202270001088073:
2202104112202290008506376:
2202104112202310009234467:
2202104112202340009326435:
2202104112202360009253842:
2202104112202390008503721:
2202104112202420009312114:
2202104112202440008717926:
2202104112202460009346707:
2202104112202481513652619:
2202104112202510009283499:
2202104112202540009326645:
2202104112203120007410385:
2202104112205080000442293:
2202104112205170009339803:
2202104112205590009324119:
2202104112208290001122092:
2202104112208310006009777:
2202104112208330008704021:
2202104112208340008496471:
3202104110724350008505489:
3202104110741190009339211:
3202104110742050007397755:
3202104110742110008681103:
3202104110742470009351758:
3202104110742521513653821:
3202104110743150009236868:
3202104110743210008718055:
3202104110743260009234248:
3202104110744300009284852:
3202104110744330009303427:
3202104110744360007406637:
3202104110744380009339277:
3202104110745160008503824:
3202104110745470001087543:
3202104110746520008501288:
3202104110746570009340817:
3202104110747010008687514:
3202104110747090009300618:
3202104110747150008687514:
3202104110747230009354344:
3202104110747320008698286:
3202104110747360001079882:
3202104110747500007395593:
3202104110747550009324606:
3202104110748190009326647:
3202104110748220008508406:
3202104110748280009234108:
3202104110748360009278449:
3202104110748400008500142:
3202104110749050008712381:
3202104110749260009346367:
3202104110749320008693892:
3202104110750020009241075:
3202104110750050008691341:
3202104110750090009299255:
3202104110750110006026835:
3202104110750140009308083:
3202104110750230003137991:
3202104110750510008492549:
3202104110750550009326650:
3202104110751110008703693:
3202104110751140000442316:
3202104110751170009337945:
3202104110751240008697156:
3202104110751340008695330:
3202104110751410009351964:
3202104110751550006029910:
3202104110752050003137972:
3202104110752100008514437:
3202104110752120003137967:
3202104110752170009282830:
3202104110752220009321321:
3202104110752250009343149:
3202104110752280008496133:
3202104110752330008498170:
3202104110752450008517323:
3202104110752530009326609:
3202104110752590008709374:
3202104110753090008445992:
3202104110753160009232375:
3202104110753210003137966:
3202104110753280008680280:
3202104110753370006030484:
3202104110753420009339802:
3202104110753500009343383:
3202104110753580009339837:
3202104110754030008505037:
3202104110754060009225488:
3202104110754130003137964:
3202104110754170009324068:
3202104110754190006039541:
3202104110754290006020195:
3202104110754330008685403:
3202104110754390006018008:
3202104110754430008685403:
3202104110754470009322602:
3202104110754500007401131:
3202104110754540009342954:
3202104110754560009331842:
3202104110754590006040154:
3202104110755020006014341:
3202104110755070008715630:
3202104110755100006030480:
3202104110755120008713928:
3202104110755170009336959:
3202104110755230008686117:
3202104110755300007418333:
3202104110755360008680900:
3202104110755400009246201:
3202104110755480008714702:
3202104110755500009352010:
3202104110755550008711249:
3202104110755560009293880:
3202104110755580008518095:
3202104110756000009324637:
3202104110756020007411321:
3202104110756030006015460:
3202104110756100008692811:
3202104110756120000424146:
3202104110756150008681357:
3202104110756200009253719:
3202104110756220008681357:
3202104110756250008677829:
3202104110756270008492754:
3202104110756290008680648:
3202104110756310009340812:
3202104110756330009287411:
3202104110756350008493217:
3202104110756360001096293:
3202104110756390009287411:
3202104110756410008704360:
3202104110756470006032999:
3202104110756480008701274:
3202104110756500008702698:
3202104110756520008504041:
3202104110756590008702698:
3202104110757020008495972:
3202104110757110009346055:
3202104110757140008493770:
3202104110757180009231455:
3202104110757230008496431:
3202104110757250009254169:
3202104110757300009234458:
3202104110757330009243147:
3202104110757360009354825:
3202104110757390008696164:
3202104110757420008711892:
3202104110757450007419418:
3202104110757470008690203:
3202104110757500009322614:
3202104110757530008692032:
3202104110757560009273013:
3202104110757590008678678:
3202104110758010008492065:
3202104110758030006019317:
3202104110758070008689564:
3202104110758100009353030:
3202104110758140009339195:
3202104110758170009354460:
3202104110758200008503789:
3202104110758300008514276:
3202104110758360006029906:
3202104110758420008698315:
3202104110758480009326648:
3202104110758580003137963:
3202104110759080008500916:
3202104110759120004179142:
3202104110759180007401654:
3202104110759220006024859:
3202104110759250008493749:
3202104110759430009309829:
3202104110759450008681703:
3202104110800000007404980:
3202104110800350006024741:
3202104110800470008699143:
3202104110801090009346033:
3202104110803220003137754:
3202104110805360008506597:
3202104110807130009309504:
3202104110839370009253980:
3202104111659210008698286:
3202104111659240009354344:
3202104111659270009326609:
3202104111659290008493770:
3202104111659310008688767:
3202104111659340008699485:
3202104111659380009354825:
3202104111659400009326647:
3202104111659550008709488:
3202104111659580008699143:
3202104111700040008693920:
3202104111700090008680442:
3202104111700110009350096:
3202104111700140008499556:
3202104111700170008500142:
3202104111700581513626317:
3202104111701370008712381:
3202104111701420009330829:
3202104111701510009335491:
3202104111707230008704360:
3202104111707260008697156:
3202104111707560008689470:
3202104111708010008686117:
3202104111712260003137966:
3202104111719080008499840:
3202104111859050003137963:
3202104111859070008710216:
3202104111900000009324574:
3202104111900030009273013:
3202104111900050000442287:
3202104111900070009322701:
3202104111900090008717268:
3202104111900110008505037:
3202104111900130009326650:
3202104111900150008709659:
3202104111900170008681703:
3202104111900190008501288:
3202104111900210009340817:
3202104111900230007401654:
3202104111900250009300618:
3202104111900280008707174:
3202104111900290008517496:
3202104111900320009354802:
3202104111900350008687514:
3202104111900370009343383:
3202104111900410006019317:
3202104111900440009339254:
3202104111900470009321321:
3202104111900490009254169:
3202104111900510008704323:
3202104111900530000442316:
3202104111900550007419418:
3202104111900580006018008:
3202104111901010009337945:
3202104111901030008509836:
3202104111901070009233695:
3202104111901090006029906:
3202104111901120008493217:
3202104111901150009232352:
3202104111901170009340450:
3202104111901190009343430:
3202104111901220008508589:
3202104111901240008696388:
3202104111901260008685403:
3202104111901280008716625:
3202104111901310009225488:
3202104111901350008695330:
3202104111901380009346033:
3202104111901400009342954:
3202104111901420008677829:
3202104111901450008710875:
3202104111901480007406670:
3202104111901511513653821:
3202104111901540006029911:
3202104111902000009324614:
3202104111902020008715630:
3202104111902040006014341:
3202104111902070009232375:
3202104111902090008715839:
3202104111902110008492410:
3202104111902140008711249:
3202104111902160009339802:
3202104111902180009322614:
3202104111902200008503789:
3202104111902230001087543:
3202104111902250008690234:
3202104111902270006041875:
3202104111902310009231455:
3202104111902350009326604:
3202104111902360006028799:
3202104111902380008681212:
3202104111902410008692032:
3202104111902430009323999:
3202104111903070008693892:
3202104111903210001103793:
3202104111903290009326658:
3202104111903420009346055:
3202104111903590008678678:
3202104111904080000424167:
3202104111904190009339195:
3202104111905020009322602:
3202104111905110009309504:
3202104111905200009344566:
3202104111906050008492549:
3202104111906210008679943:
3202104111906440003137754:
3202104111907030007395593:
3202104111907190007401131:
3202104111907240009324637:
3202104111907490008680900:
3202104111907500008492754:
3202104111907570008514276:
3202104111907590009340801:
3202104111908020008513101:
3202104111908100008493689:
3202104111908220003137967:
3202104111908480008508352:
3202104111908550008703693:
3202104111909240009346020:
3202104111909400008492065:
3202104111910320008494924:
3202104111910510009280051:
3202104111911020008701103:
3202104111911070008693150:
3202104111912010008676957:
3202104111913260006039807:
3202104111915030006040154:
3202104111918560008492638:
3202104111921430009251764:
3202104111947450008508441:
3202104111947510008503489:
3202104111948470009289323:
3202104111948510008698121:
3202104111951510008494141:
3202104111956390009303427:
3202104111958190009354581:
3202104111958450008701274:
3202104111958480008713719:
3202104111958510008692811:
3202104111958550008709374:
3202104111959010008686301:
3202104111959050008699992:
3202104111959070009234458:
3202104111959130009352010:
3202104111959290009348748:
3202104111959330007397755:
3202104111959350008691341:
3202104111959400008498170:
3202104111959450008680280:
3202104111959470009324879:
3202104111959490009234248:
3202104112000010009340813:
3202104112000020003132773:
3202104112000040008715106:
3202104112000060009340812:
3202104112000080008517323:
3202104112000090003137972:
3202104112000090009343149:
3202104112000120003117204:
3202104112000140009324068:
3202104112000160008689564:
3202104112000170006039541:
3202104112000190009324606:
3202104112000200006030480:
3202104112000220009336959:
3202104112000240009327615:
3202104112000260008711892:
3202104112000280008711197:
3202104112000310008445992:
3202104112000320009252962:
3202104112000340008445992:
3202104112000350009331842:
3202104112000380009351964:
3202104112000410008514437:
3202104112000420009282830:
3202104112000470001096293:
3202104112001000003137964:
3202104112001060008501316:
3202104112001080003137964:
3202104112001100008500889:
3202104112001160008712416:
3202104112001200008506597:
3202104112001210006039129:
3202104112001230008698315:
3202104112001250008506597:
3202104112001400009226429:
3202104112001460009326438:
3202104112001510008509792:
3202104112001590008515578:
3202104112002080003126147:
3202104112002340009309829:
3202104112002450006033902:
3202104112002500009323007:
3202104112002520009351830:
3202104112003220009252945:
3202104112003330008496431:
3202104112003500009226821:
3202104112003520009299255:
3202104112003540006026835:
3202104112004090008688253:
3202104112004200008494964:
3202104112005180008677773:
3202104112005280007405149:
3202104112005400009291061:
3202104112005490007404980:
3202104112006310009236846:
3202104112006340008677300:
3202104112006360009254167:
3202104112006390008496133:
3202104112006410008503089:
3202104112006440009348542:
3202104112015060008494092:
4202104110727440008707174:
4202104110735160009285513:
4202104110735300009231425:
4202104110738400009250787:
4202104110740530009324076:
4202104110741210003137945:
4202104110741590008512375:
4202104110743340009346340:
4202104110744110008684967:
4202104110744140006031529:
4202104110744240009339818:
4202104110746260009272601:
4202104110746310008677438:
4202104110746361513653075:
4202104110746530006033000:
4202104110747050006040155:
4202104110747250008698121:
4202104110747310009338161:
4202104110747470009297868:
4202104110748150003934713:
4202104110748570008513100:
4202104110749300009341511:
4202104110749310008493092:
4202104110749380009349972:
4202104110749480008429607:
4202104110749510006013135:
4202104110750000008681212:
4202104110750030008690224:
4202104110750050008503532:
4202104110750120006036997:
4202104110750160009341742:
4202104110750350008504275:
4202104110750421513631101:
4202104110750470009305260:
4202104110750510009342035:
4202104110750530008499675:
4202104110750550009225500:
4202104110750580008677259:
4202104110751020008492638:
4202104110751090009331048:
4202104110751240009226823:
4202104110751300006027345:
4202104110751310008507377:
4202104110751360008689944:
4202104110751390009298435:
4202104110751410009236820:
4202104110751440008710875:
4202104110751480009301075:
4202104110751520009273437:
4202104110751550009330829:
4202104110752000009331044:
4202104110752170009324572:
4202104110752200008695597:
4202104110752270009339225:
4202104110752320009277510:
4202104110752330009342143:
4202104110752410009348608:
4202104110752470009286387:
4202104110753110009339915:
4202104110753130000424545:
4202104110753150008496149:
4202104110753160009295454:
4202104110753190006039974:
4202104110753420009273026:
4202104110753440009348376:
4202104110753460008712416:
4202104110753500009326658:
4202104110754000009325498:
4202104110754040009343593:
4202104110754080008493895:
4202104110754100008500083:
4202104110754120009283252:
4202104110754140009326617:
4202104110754260007402196:
4202104110754310008495426:
4202104110754340009298206:
4202104110754380006028799:
4202104110754400003116965:
4202104110754580008717694:
4202104110755020009340816:
4202104110755040009233697:
4202104110755070009234466:
4202104110755090007404978:
4202104110755110006039973:
4202104110755120009278607:
4202104110755140009339204:
4202104110755160009324605:
4202104110755170008512783:
4202104110755270009246202:
4202104110755290003132772:
4202104110755320009346181:
4202104110755340009234484:
4202104110755390009339817:
4202104110755420006036994:
4202104110756000009354827:
4202104110756020009327613:
4202104110756040008493340:
4202104110756060009342997:
4202104110756080001088074:
4202104110756100008699709:
4202104110756120009234486:
4202104110756130009280051:
4202104110756160008499867:
4202104110756170008511222:
4202104110756200009340470:
4202104110756220008499706:
4202104110756250006013128:
4202104110756290009327620:
4202104110756330009340819:
4202104110756400009324118:
4202104110756420004163548:
4202104110756540008678308:
4202104110757050008494427:
4202104110757080008719239:
4202104110757100009346685:
4202104110757110009351814:
4202104110757130009327564:
4202104110757260007395601:
4202104110757330009341989:
4202104110757410008494201:
4202104110757440000431385:
4202104110757490008507829:
4202104110757510009342978:
4202104110758040009342984:
4202104110758110009321481:
4202104110758140007421253:
4202104110758160004025142:
4202104110758170009339821:
4202104110758190009346035:
4202104110758210009288958:
4202104110758230007409909:
4202104110758250009354581:
4202104110758360009346058:
4202104110758450004179293:
4202104110758580009342982:
4202104110759020004169060:
4202104110759080003126380:
4202104110759120009313131:
4202104110759140001083930:
4202104110759360008505427:
4202104110759380009341013:
4202104110802160009226809:
4202104111659250008717694:
4202104111701390007402196:
4202104111702471513653075:
4202104111734060009231425:
4202104111801030009321481:
4202104111803070004025142:
4202104111900010003126380:
4202104111900020009301075:
4202104111900060009250787:
4202104111900090009298206:
4202104111900120009342035:
4202104111900140009339818:
4202104111900150009342978:
4202104111900170008507829:
4202104111900410009354391:
4202104111900430009348608:
4202104111900460008495161:
4202104111900470006036994:
4202104111900490009343592:
4202104111900510009324138:
4202104111900520009346685:
4202104111900590009325498:
4202104111901020004179293:
4202104111901090008679170:
4202104111901140009346340:
4202104111901160009234249:
4202104111901180009343593:
4202104111901200004169060:
4202104111901220008512783:
4202104111901240009295454:
4202104111901481513631101:
4202104111902050004163548:
4202104111902070009225508:
4202104111902140009326617:
4202104111902190008499675:
4202104111902230007409909:
4202104111902280001083930:
4202104111902350008507377:
4202104111902370008689254:
4202104111902390009273026:
4202104111902420009240515:
4202104111902590008513100:
4202104111903010008689944:
4202104111903030006024859:
4202104111903040008719239:
4202104111903060008689944:
4202104111903080009272601:
4202104111903140009339837:
4202104111903270006033000:
4202104111903340006016091:
4202104111903440006031529:
4202104111904010006040155:
4202104111904040008495556:
4202104111904090008699709:
4202104111904300006022003:
4202104111904370009346058:
4202104111906340009341013:
4202104111907000009297868:
4202104111907060009342142:
4202104111907550008429607:
4202104111909470008695597:
4202104111909510009340470:
4202104111959280006026834:
4202104111959590006015460:
4202104112000010009339144:
4202104112000030009348376:
4202104112000040008517783:
4202104112000060009342981:
4202104112000070009342962:
4202104112000090003116965:
4202104112000110009289801:
4202104112000140008506912:
4202104112000150009341511:
4202104112000170008695667:
4202104112000190008494201:
4202104112000200009226823:
4202104112000220009343174:
4202104112000230008495972:
4202104112000250009346367:
4202104112000260008504275:
4202104112000280000424545:
4202104112000310009253719:
4202104112000330009236868:
4202104112000340008494427:
4202104112000370009339915:
4202104112000380009327564:
4202104112000420009327620:
4202104112000440006039974:
4202104112000460009341742:
4202104112000470007395601:
4202104112000540008500083:
4202104112001270009298435:
4202104112001290009234486:
4202104112001310009230749:
4202104112001330009346035:
4202104112001350009331044:
4202104112001390009326648:
4202104112001460009338161:
4202104112002080008493340:
4202104112002100009236820:
4202104112004420009226809:
4202104112005080009234108:
4202104112008420008498988:
5202104110733580008439606:
5202104110737420009291663:
5202104110737490006036505:
5202104110738080006022439:
5202104110738240008506907:
5202104110738280006040161:
5202104110739400008508441:
5202104110741090008499075:
5202104110741370008496471:
5202104110741400007421210:
5202104110742090009246204:
5202104110742440008503198:
5202104110743450009272184:
5202104110743520009321697:
5202104110743550008497657:
5202104110746160009337900:
5202104110746350007414082:
5202104110746450002851799:
5202104110746550008683123:
5202104110747230009253995:
5202104110747260008497276:
5202104110747330009286624:
5202104110747380007418334:
5202104110747420009314286:
5202104110748140009304051:
5202104110748160009346063:
5202104110748190009349952:
5202104110748220009248259:
5202104110748240008692587:
5202104110748270009339797:
5202104110748510008682585:
5202104110749090009321818:
5202104110749200008698044:
5202104110749230009341005:
5202104110749300009283296:
5202104110749330009307295:
5202104110749440008499031:
5202104110749460008507377:
5202104110749500008494333:
5202104110749550008677773:
5202104110750110008499782:
5202104110750220008680743:
5202104110750250008499108:
5202104110750280008508219:
5202104110750500004181482:
5202104110750520008509806:
5202104110750540009236810:
5202104110750550009351317:
5202104110750570008681883:
5202104110751020008492636:
5202104110751040008496191:
5202104110751200007414046:
5202104110751240009225522:
5202104110751330008704021:
5202104110751400008716113:
5202104110751430008699606:
5202104110751440007422376:
5202104110751470006039494:
5202104110751480009230754:
5202104110751500009296651:
5202104110751550008496310:
5202104110751590006024747:
5202104110752040003932686:
5202104110752180009343567:
5202104110752200009337903:
5202104110752220009342002:
5202104110752240009234487:
5202104110752270009287011:
5202104110752290009282645:
5202104110752350008500401:
5202104110752410009225488:
5202104110752480008508587:
5202104110752510009252984:
5202104110753090008515447:
5202104110753130001108277:
5202104110753150009225507:
5202104110753181513628688:
5202104110753200008504258:
5202104110753230001100446:
5202104110753270008512059:
5202104110753290009346064:
5202104110753370007419049:
5202104110753410006041088:
5202104110753440006022855:
5202104110753480000439539:
5202104110753490009254926:
5202104110753520009323007:
5202104110753560000431412:
5202104110754050006014349:
5202104110754090009232187:
5202104110754120009351308:
5202104110754150003915458:
5202104110754170008707413:
5202104110754250008709369:
5202104110754320008702320:
5202104110754410008701083:
5202104110754420009343592:
5202104110754450008690941:
5202104110754470009226392:
5202104110754490008694659:
5202104110754520008678354:
5202104110754550008496367:
5202104110754590008713719:
5202104110755040009236903:
5202104110755070008497759:
5202104110755090008691017:
5202104110755120009234089:
5202104110755150009347747:
5202104110755170009326622:
5202104110755190009314167:
5202104110755210006036321:
5202104110755230009276908:
5202104110755260008686663:
5202104110755280009326432:
5202104110755290009313377:
5202104110755340006033001:
5202104110755370003109818:
5202104110755390008506632:
5202104110755430004165136:
5202104110755450009340813:
5202104110755480002851478:
5202104110755541513646659:
5202104110755570008494267:
5202104110756000009241934:
5202104110756030009321334:
5202104110756050009339219:
5202104110756080008697836:
5202104110756100008706494:
5202104110756120008686064:
5202104110756140009340824:
5202104110756170006022158:
5202104110756210008497463:
5202104110756220003126383:
5202104110756250008710326:
5202104110756280008503489:
5202104110756310008500167:
5202104110756340009301551:
5202104110756370008695140:
5202104110756390007406867:
5202104110756400008514276:
5202104110756420006010458:
5202104110756440008514276:
5202104110756470006021991:
5202104110756480009246193:
5202104110756500008508326:
5202104110756510009326618:
5202104110756530006036993:
5202104110756550008709061:
5202104110756570009351833:
5202104110756590009291061:
5202104110757010009339828:
5202104110757020008504457:
5202104110757040008518128:
5202104110757060008690794:
5202104110757080009325511:
5202104110757090009230785:
5202104110757110008702965:
5202104110757130006029990:
5202104110757150009342959:
5202104110757190009321362:
5202104110757230007402482:
5202104110757240008701527:
5202104110757260009321395:
5202104110757280008493833:
5202104110757310009330833:
5202104110757350008709954:
5202104110757360009226422:
5202104110757380009326648:
5202104110757400009240515:
5202104110757420009279481:
5202104110757440009345998:
5202104110757460008509836:
5202104110757480009225494:
5202104110757490009342958:
5202104110757510008709393:
5202104110757530006032030:
5202104110757550009321326:
5202104110757580003918604:
5202104110757590008707832:
5202104110758030009324604:
5202104110758050009232653:
5202104110758061513637915:
5202104110758080009346038:
5202104110758100008503721:
5202104110758120008696894:
5202104110758160008491998:
5202104110758170009339144:
5202104110758310006018006:
5202104110758340008692560:
5202104110758350008696238:
5202104110758380008681703:
5202104110758420009354391:
5202104110758450008501741:
5202104110758480009340499:
5202104110758500007396360:
5202104110758520001079288:
5202104110758540009253997:
5202104110758570007402523:
5202104110758580009281928:
5202104110759000009288638:
5202104110759020006042277:
5202104110759070008502364:
5202104110759110009346020:
5202104110759120006029911:
5202104110759180008494964:
5202104110759200008493028:
5202104110759300008495616:
5202104110759320009340483:
5202104110759340008688767:
5202104110759360008690234:
5202104110759440009326612:
5202104110759460007410385:
5202104110759510009276797:
5202104110759530008694944:
5202104110759540007398914:
5202104110759570007400852:
5202104110800010009313676:
5202104110800030008493677:
5202104110800050008689470:
5202104110800060007407764:
5202104110800100009339824:
5202104110800120006018009:
5202104110800140009342183:
5202104110800170003137970:
5202104110800190009303870:
5202104110800210008426247:
5202104110800230008713081:
5202104110800250007421212:
5202104110800260006027540:
5202104110800280008424093:
5202104110800350009326604:
5202104110800380008708048:
5202104110800560009294273:
5202104110800580008499206:
5202104110801000008508352:
5202104110801070008506797:
5202104110801130008510378:
5202104110801360003137987:
5202104110801390007410282:
5202104110801450006039337:
5202104110801470006027553:
5202104110801490009324119:
5202104110801510006024735:
5202104110802070008498988:
5202104110802200003137754:
5202104110802300009313530:
5202104110802390008426248:
5202104110802500009322654:
5202104110803180009303525:
5202104110803250008515578:
5202104110803440000442293:
5202104110804020009234240:
5202104110806220008693150:
5202104110806490008688253:
5202104110810110008508546:
5202104110814170007407502:
5202104110816340007396553:
5202104110816410009321319:
5202104110820110009291327:
5202104110917280009325536:
5202104111702530008494656:
5202104111703090008495037:
5202104111705160009342002:
5202104111705180009342183:
5202104111705210009342002:
5202104111706490008696894:
5202104111709190006022439:
5202104111726220008506797:
5202104111743530009226392:
5202104111811090008707832:
5202104111834030009291663:
5202104111834050006036505:
5202104111858110009230754:
5202104111859110006040161:
5202104111859140008506907:
5202104111900330003137963:
5202104111901020009246204:
5202104111902440008501741:
5202104111902570009248259:
5202104111903270002851478:
5202104111903430008497276:
5202104111904000009246193:
5202104111904030008702965:
5202104111904540006033001:
5202104111904570009232350:
5202104111905020008678354:
5202104111905040008690794:
5202104111905060008709369:
5202104111905160008701527:
5202104111905190009314167:
5202104111905240007396360:
5202104111905260008680743:
5202104111905340008504258:
5202104111906090009321362:
5202104111907280009303870:
5202104111908020007418334:
5202104111908400009281753:
5202104111908460009346038:
5202104111909120008426248:
5202104111909440003915458:
5202104111910040009313530:
5202104111910320008683912:
5202104111911070009346064:
5202104111911460009340816:
5202104111912570003137970:
5202104111920110009286624:
5202104111932100008426247:
5202104111942580008424093:
5202104111949520008510378:
5202104111956430004165136:
5202104111957060009253995:
5202104111957320008508326:
5202104111957390003918604:
5202104111959220009282645:
5202104111959420008713081:
5202104111959460006030484:
5202104112000020006024747:
5202104112000060009272184:
5202104112000100009296651:
5202104112000180008681883:
5202104112000210008694944:
5202104112000240000431412:
5202104112000290009288638:
5202104112000311513628688:
5202104112000330008501942:
5202104112000350008695140:
5202104112000360009283296:
5202104112000380006024741:
5202104112000400006029990:
5202104112000420009283515:
5202104112000440008509806:
5202104112000500009314286:
5202104112000520007398914:
5202104112000540008509806:
5202104112000550009326432:
5202104112000580008499206:
5202104112001000008692560:
5202104112001020009286616:
5202104112001050008713928:
5202104112001050009243147:
5202104112001080009281874:
5202104112001100008707413:
5202104112001110009335560:
5202104112001130008497935:
5202104112001150009279481:
5202104112001160007402523:
5202104112001180009351317:
5202104112001190008696164:
5202104112001210009321818:
5202104112001230003126383:
5202104112001250009287011:
5202104112001260008508587:
5202104112001280008512059:
5202104112001350008508546:
5202104112001380000424007:
5202104112001400009313377:
5202104112001420008494333:
5202104112001470002851799:
5202104112001590008706494:
5202104112002030009339795:
5202104112002050009326612:
5202104112002070009225522:
5202104112002130009340499:
5202104112002150009236810:
5202104112002170009276908:
5202104112002180009230785:
5202104112002200008698044:
5202104112002370009340824:
5202104112003220007402482:
5202104112003330008494267:
5202104112004090008491998:
5202104112004470006024735:
5202104112008160008502364:
5202104112008580008499031:
5202104112009110008497657:
5202104112010560004181482:
5202104112011030009321326:
5202104112012420009233736:
5202104112018290008500401:
5202104112032180006027553:
5202104112032221513646659:
5202104112046590001079288:
5202104112158260003932686:
5202104112200110008697836:
5202104112200140009321334:
5202104112200170009337900:
5202104112200340009346170:
5202104112200360008699606:
5202104112200390009347747:
5202104112200410009351833:
5202104112200430008701083:
5202104112200450009341005:
5202104112200460009226422:
5202104112200500009342959:
5202104112200520007414082:
5202104112200590009234487:
5202104112201050008683123:
5202104112201080009225494:
5202104112201160009342958:
5202104112201230009232187:
5202104112201260008718216:
5202104112201280007421252:
5202104112201300009351998:
5202104112201340009230781:
5202104112201370009236903:
5202104112201390001108277:
5202104112201410009339524:
5202104112201440009354001:
5202104112201470008499075:
5202104112201500009330833:
5202104112201510008690941:
5202104112201580008516297:
5202104112202000009225481:
5202104112202010009327416:
5202104112202030009232378:
5202104112202060009321395:
5202104112202090009341030:
5202104112202180009339219:
5202104112202210009252984:
5202104112202400009346180:
5202104112202430008496581:
5202104112202470003126381:
5202104112202560009351308:
5202104112203250009241934:
5202104112318530009343364:
6202104110721430006039972:
6202104110723270008505489:
6202104110728551513631233:
6202104110730590004166400:
6202104110735010008512035:
6202104110735030006024122:
6202104110735220009296138:
6202104110735550008503089:
6202104110736300009232350:
6202104110737560009326438:
6202104110738140008494141:
6202104110739190009232352:
6202104110739220002851459:
6202104110739280008500109:
6202104110740040009226429:
6202104110740410009335539:
6202104110741050008676957:
6202104110741490009247696:
6202104110742020009307131:
6202104110742080006039991:
6202104110742140006039995:
6202104110742400008686680:
6202104110742440009324614:
6202104110742520006028797:
6202104110743030008517815:
6202104110743300009296878:
6202104110743400007398908:
6202104110744000009321707:
6202104110744070007405149:
6202104110744110008716625:
6202104110744180008707911:
6202104110745070009321697:
6202104110745110009272184:
6202104110745230008708003:
6202104110745270008702658:
6202104110745290008493676:
6202104110745360006021955:
6202104110745390009299555:
6202104110745490008443266:
6202104110745510008497774:
6202104110745550006028762:
6202104110746150009234066:
6202104110746200009274874:
6202104110746380007413854:
6202104110747140009335491:
6202104110747180009348542:
6202104110747210009342998:
6202104110747230009305197:
6202104110747260008713215:
6202104110747330009293535:
6202104110747350008677903:
6202104110747400008715839:
6202104110747520008499165:
6202104110747551513628066:
6202104110748360008501852:
6202104110748450008513365:
6202104110748490008689537:
6202104110748520008710216:
6202104110748550008499556:
6202104110748580000424007:
6202104110749010009326600:
6202104110749030008503532:
6202104110749050008683421:
6202104110749070000424167:
6202104110749090009254191:
6202104110749120006023085:
6202104110749130003916932:
6202104110749160008493689:
6202104110749260009354625:
6202104110749300008506434:
6202104110749320008513101:
6202104110749350009247684:
6202104110749380007402498:
6202104110749400008704323:
6202104110749430009354802:
6202104110749450006039129:
6202104110750120009327616:
6202104110750150009226959:
6202104110750180008508964:
6202104110750210008510316:
6202104110750240009324629:
6202104110750290006041875:
6202104110750420000442316:
6202104110750450009348729:
6202104110750490009337945:
6202104110750540004045200:
6202104110750580008711197:
6202104110751000009252962:
6202104110751030009350096:
6202104110751080008514116:
6202104110751100009339254:
6202104110751140009226821:
6202104110751160008704914:
6202104110751200008499108:
6202104110751230008493645:
6202104110751290008692117:
6202104110751320008709659:
6202104110751420009310978:
6202104110751450008508521:
6202104110751470000439530:
6202104110751500009343384:
6202104110751530008711445:
6202104110751550006027609:
6202104110751560007406670:
6202104110751580009276489:
6202104110752000002851460:
6202104110752010009240520:
6202104110752030008712785:
6202104110752060009339274:
6202104110752090009275948:
6202104110752110009252946:
6202104110752140009232613:
6202104110752170009311280:
6202104110752200009254167:
6202104110752220009326609:
6202104110752240008510716:
6202104110752260008509792:
6202104110752290006039674:
6202104110752330008693920:
6202104110752360008709488:
6202104110752380008494924:
6202104110752400008717268:
6202104110752430007395592:
6202104110752460008518703:
6202104110752520009323446:
6202104110752540009226804:
6202104110752580009342962:
6202104110753020008507639:
6202104110753060009339792:
6202104110753090008696388:
6202104110753120008507639:
6202104110753150009343364:
6202104110753180008498971:
6202104110753190006039675:
6202104110753220008516213:
6202104110753250009226817:
6202104110753280008492480:
6202104110753310008517496:
6202104110753330007421269:
6202104110753360008512397:
6202104110753380009348603:
6202104110753400009230749:
6202104110753420008688939:
6202104110753460001083945:
6202104110753480009323999:
6202104110753500008699485:
6202104110753530006018008:
6202104110753550008686301:
6202104110753580006039807:
6202104110754010003892332:
6202104110754040009233695:
6202104110754060009335560:
6202104110754080006025807:
6202104110754110009354396:
6202104110754150008699992:
6202104110754170006040154:
6202104110754200006033902:
6202104110754240008679943:
6202104110754270008498240:
6202104110754360009352016:
6202104110754390009336959:
6202104110754590006027344:
6202104110755020008680900:
6202104110755050008492410:
6202104110755070009326626:
6202104110755090008715034:
6202104110755130008506912:
6202104110755150008501795:
6202104110755170009246199:
6202104110755190008691906:
6202104110755220006015460:
6202104110755240004178213:
6202104110755270009252945:
6202104110755290009342142:
6202104110755310009354349:
6202104110755360006026834:
6202104110755400009351830:
6202104110755420002854367:
6202104110755460004163548:
6202104110755480003126147:
6202104110755500008683630:
6202104110755520006037924:
6202104110755550008508589:
6202104110755580008689254:
6202104110756010009325535:
6202104110756030009225508:
6202104110756050008699273:
6202104110756060009342981:
6202104110756080009254000:
6202104110756101513409863:
6202104110756130009247694:
6202104110756150006021988:
6202104110756170009233704:
6202104110756190009249489:
6202104110756200006024088:
6202104110756230009277817:
6202104110756270000442287:
6202104110756290008495972:
6202104110756300009324879:
6202104110756340007395627:
6202104110756370009354582:
6202104110756380009322701:
6202104110756410009342940:
6202104110756430008517783:
6202104110756460009324574:
6202104110756500008698455:
6202104110756530006040360:
6202104110756550008501953:
6202104110756570008677569:
6202104110756590008429633:
6202104110757020009324085:
6202104110757040008680442:
6202104110757070008683912:
6202104110757100008714113:
6202104110757110007417231:
6202104110757130008501833:
6202104110757180008509407:
6202104110757200006033720:
6202104110757230009240533:
6202104110757250006033720:
6202104110757270008512859:
6202104110757290004046800:
6202104110757310008501833:
6202104110757350009346327:
6202104110757370009294520:
6202104110757380008501942:
6202104110757410008512784:
6202104110757440008503789:
6202104110757460008500888:
6202104110757480009327615:
6202104110757500007406867:
6202104110757510006028451:
6202104110757540009324138:
6202104110757560008510338:
6202104110757590009251764:
6202104110758010009289323:
6202104110758030009348748:
6202104110758050008698315:
6202104110758090008509050:
6202104110758130003126356:
6202104110758160006022003:
6202104110758180009348566:
6202104110758210008715106:
6202104110758230008688282:
6202104110758250009333812:
6202104110758280009343174:
6202104110758310006019432:
6202104110758340006020220:
6202104110758370009340450:
6202104110758390009343430:
6202104110758410007404952:
6202104110758440009233737:
6202104110758460007401654:
6202104110758480009254207:
6202104110758500006032030:
6202104110758520009286616:
6202104110758550008493749:
6202104110759020003132773:
6202104110759130008712134:
6202104110759170009322590:
6202104110759220008515910:
6202104110759240008681703:
6202104110759260008500889:
6202104110759300009303697:
6202104110759320008692560:
6202104110759340006018006:
6202104110759360008696238:
6202104110759390008519041:
6202104110759420007409900:
6202104110759440008495161:
6202104110759460008492121:
6202104110759490008701103:
6202104110759560009226789:
6202104110759590008500567:
6202104110800020008508655:
6202104110800130008699143:
6202104110800210009311591:
6202104110800230007421209:
6202104110800250008513654:
6202104110800290009299920:
6202104110800320006014993:
6202104110800430006036996:
6202104110800480008491901:
6202104110801000008500597:
6202104110801100008511515:
6202104110801350008499149:
6202104110804100009340801:
6202104110806370008494092:
6202104110811540009298073:
6202104110812000009310727:
6202104110840210007411315:
6202104110908460009290471:
6202104110952190006022420:
6202104111659400008714702:
6202104111659520009326609:
6202104111700230008699143:
6202104111700360001083945:
6202104111700450009232613:
6202104111702550009348729:
6202104111704240008708003:
6202104111704270007398908:
6202104111704290009296878:
6202104111704310008498240:
6202104111704340006039991:
6202104111704360006039995:
6202104111704370008499149:
6202104111704390009276489:
6202104111704420009226946:
6202104111704450009327616:
6202104111704470008712785:
6202104111704490008704914:
6202104111704570009226946:
6202104111705120006039675:
6202104111705590009226959:
6202104111707470008508655:
6202104111708220008714113:
6202104111708270008689470:
6202104111708290008704360:
6202104111708330008516213:
6202104111709460009325536:
6202104111711260008689537:
6202104111711350008711445:
6202104111724070009247696:
6202104111727250008514116:
6202104111803170009299920:
6202104111813450008497774:
6202104111813480004166400:
6202104111814170006027609:
6202104111815040008492121:
6202104111815050008443266:
6202104111815290009311591:
6202104111815340006032030:
6202104111815480008686680:
6202104111816150008509407:
6202104111816160008512859:
6202104111816320008513365:
6202104111817060006025807:
6202104111857050008493028:
6202104111859350009352016:
6202104111900230009324629:
6202104111900260009273013:
6202104111900280009324574:
6202104111900300008713215:
6202104111900320000442287:
6202104111900340008681703:
6202104111900460008429633:
6202104111900510009354582:
6202104111900540004178213:
6202104111900560009246199:
6202104111900590008518095:
6202104111901010009323446:
6202104111901050008718055:
6202104111901080008712134:
6202104111901090008699273:
6202104111901150009254169:
6202104111901200000442316:
6202104111901220006018008:
6202104111901270008426949:
6202104111901290009325535:
6202104111901320006022158:
6202104111901330008680648:
6202104111901370009342998:
6202104111901390009233695:
6202104111901450008698455:
6202104111901520009326600:
6202104111901570009225488:
6202104111901580009326600:
6202104111902020009343384:
6202104111902040009278449:
6202104111902060008508589:
6202104111902090009342940:
6202104111902150008677829:
6202104111902191513653821:
6202104111902450008683630:
6202104111902470009339277:
6202104111902490004046800:
6202104111902510008503789:
6202104111902570006028799:
6202104111903000006028451:
6202104111903060008690794:
6202104111903250009337006:
6202104111903300007409900:
6202104111903390009230793:
6202104111904110009232350:
6202104111904150008678678:
6202104111904340006037924:
6202104111904380007417231:
6202104111905510008501795:
6202104111905530008506074:
6202104111906310002851460:
6202104111906560009335539:
6202104111906580008493676:
6202104111907010008498971:
6202104111908070008492754:
6202104111908110008508964:
6202104111908240008496367:
6202104111908300008513101:
6202104111908330008499108:
6202104111908380006033720:
6202104111908440007404952:
6202104111908510008677569:
6202104111909080009246202:
6202104111909240002854367:
6202104111909300009287411:
6202104111909410008683912:
6202104111910420008702658:
6202104111911070009303097:
6202104111911420008506434:
6202104111912350008507639:
6202104111912480009233704:
6202104111912520006039972:
6202104111913130009278607:
6202104111913590007421269:
6202104111915150006040154:
6202104111916020000431430:
6202104111917340009348566:
6202104111932220009321697:
6202104111944440008505489:
6202104111945140007407502:
6202104111945210009298073:
6202104111945260009310727:
6202104111945420008505489:
6202104111949110008698121:
6202104111951470009247684:
6202104111958320008503824:
6202104111958370009284852:
6202104111959110006028762:
6202104111959140009348603:
6202104111959310008692117:
6202104111959350008688282:
6202104111959370009308083:
6202104111959390008510316:
6202104111959410001079882:
6202104111959430008499165:
6202104111959450008501942:
6202104111959460009354460:
6202104111959481513628066:
6202104111959520009339274:
6202104111959540007395592:
6202104111959570008691906:
6202104111959580008518128:
6202104112000010008715034:
6202104112000050008500888:
6202104112000080006026834:
6202104112000110008715034:
6202104112000140008518703:
6202104112000160008518128:
6202104112000180008512397:
6202104112000200008511515:
6202104112000210009247694:
6202104112000220008500597:
6202104112000240009354349:
6202104112000260006039674:
6202104112000280008509050:
6202104112000300007418333:
6202104112000350009226804:
6202104112000370007418333:
6202104112000380003137991:
6202104112000400008509050:
6202104112000420009226804:
6202104112000440008688939:
6202104112000470006023085:
6202104112000480009226817:
6202104112000490008492480:
6202104112000520009353030:
6202104112000530009322590:
6202104112000550008711892:
6202104112000570006014993:
6202104112000580006020195:
6202104112001000007419049:
6202104112001020000439530:
6202104112001030008696238:
6202104112001060008491901:
6202104112001080008500109:
6202104112001100007413854:
6202104112001120006040360:
6202104112001140008513654:
6202104112001160008683421:
6202104112001190009307131:
6202104112001200008501833:
6202104112001260009254191:
6202104112001270001096293:
6202104112001300008501833:
6202104112001310009254191:
6202104112001330008446178:
6202104112001350009252946:
6202104112001360007406867:
6202104112001380008712416:
6202104112001390003916932:
6202104112001430006010458:
6202104112001460008698315:
6202104112001480009354699:
6202104112001500008510716:
6202104112001530006024088:
6202104112002020009288958:
6202104112002160008510338:
6202104112002190009288958:
6202104112002270006019432:
6202104112002420009240533:
6202104112003200008708048:
6202104112003330009254207:
6202104112003531513409863:
6202104112004230008496191:
6202104112004240009305197:
6202104112004260008688253:
6202104112004300009310978:
6202104112004440009299555:
6202104112004480008512784:
6202104112004560008494964:
6202104112005350008716113:
6202104112005400008492636:
6202104112006480009354625:
6202104112007290009232653:
6202104112007530007406637:
6202104112008020009240516:
6202104112008450009273437:
6202104112008590009351758:
6202104112009100006039337:
6202104112009160009339211:
6202104112010460007418957:
6202104112010480009233736:
6202104112012350009234066:
6202104112012380008519041:
6202104112013140009254000:
6202104112013160008498988:
6202104112014270009296138:
6202104112014440009346063:
6202104112014470008501852:
6202104112014480009321319:
6202104112018330009274874:
6202104112019380006014349:
6202104112032320006028797:
6202104112047520009349952:
6202104112047570009277817:
6202104112049330008705617:
6202104112049360002851459:
6202104112059030009303697:
6202104112059341513631233:
6202104112059370006036321:
6202104112159570007402498:
6202104112200020006018006:
6202104112200030003892332:
6202104112200060008703345:
6202104112200140006016276:
6202104112200180008703345:
6202104112200210009241075:
6202104112200280009233737:
8202104110734030003117204:
8202104110734280008515848:
8202104110736010009231425:
8202104110738290009348776:
8202104110739550007396382:
8202104110740400008692290:
8202104110741370008511681:
8202104110741410008504234:
8202104110741460003137945:
8202104110742071513631613:
8202104110743570006021964:
8202104110744050009341788:
8202104110745150002851485:
8202104110747160006033000:
8202104110747240006040155:
8202104110748210006037029:
8202104110748420008500626:
8202104110749110008513100:
8202104110749490009327458:
8202104110750050009273291:
8202104110750130006013135:
8202104110750500009342953:
8202104110750540007406683:
8202104110751080009289801:
8202104110751140008499675:
8202104110751190008695694:
8202104110751230009342035:
8202104110751270008492638:
8202104110751590008501349:
8202104110752110009301075:
8202104110752440009339930:
8202104110752540008708560:
8202104110754110008712416:
8202104110754200009346364:
8202104110754330009343593:
8202104110754390009326617:
8202104110754460008679170:
8202104110754510009298206:
8202104110754540007402196:
8202104110754580006028799:
8202104110755430008426949:
8202104110755470009234249:
8202104110755500008512783:
8202104110755540009339834:
8202104110756520009340470:
8202104110756540006036504:
8202104110756560009327620:
8202104110756580006028960:
8202104110757340009346685:
8202104110757370008719239:
8202104110757480007395601:
8202104110757540008697841:
8202104110758090009342978:
8202104110758110008507829:
8202104110758280006016091:
8202104110758330008510188:
8202104110758500009288958:
8202104111659000008717694:
8202104111700040009283252:
8202104111702540008493092:
8202104111704020006027345:
8202104111704140009339204:
8202104111704180006036997:
8202104111733480009231425:
8202104111801140007421253:
8202104111804080006041088:
8202104111859370009337903:
8202104111859560009351814:
8202104111900060008504234:
8202104111900080009351814:
8202104111900090008501349:
8202104111900120009324138:
8202104111900150009354391:
8202104111900180009339821:
8202104111900200009354827:
8202104111900220000431385:
8202104111900240006021988:
8202104111900260009343592:
8202104111900280009346685:
8202104111900290009343567:
8202104111900310009234466:
8202104111900320009342984:
8202104111900340009327613:
8202104111900350007406683:
8202104111900380008515910:
8202104111900420009339817:
8202104111900430008679170:
8202104111900450009234249:
8202104111900470009240520:
8202104111900490009305260:
8202104111900510008511222:
8202104111900530008512783:
8202104111900550009295454:
8202104111900580009273291:
8202104111901000009339225:
8202104111901030009305260:
8202104111901050006036504:
8202104111901060006028960:
8202104111901090008499867:
8202104111901110008499706:
8202104111901150009341788:
8202104111901170009234240:
8202104111901250006037029:
8202104111901260009333812:
8202104111901280008495426:
8202104111901310006021991:
8202104111901320009249489:
8202104111901350008493895:
8202104111901370003934713:
8202104111901390001088074:
8202104111901410004163548:
8202104111901420006016091:
8202104111901440007404978:
8202104111901450009342143:
8202104111901470009326617:
8202104111901480007396382:
8202104111901510009342982:
8202104111901530006020220:
8202104111901560015629857:
8202104111901580008499675:
8202104111901590008496149:
8202104111902020008677438:
8202104111902111513631613:
8202104111902170008511681:
8202104111902190009346181:
8202104111902210003132772:
8202104111902250003137945:
8202104111902260009339834:
8202104111902280008719239:
8202104111902330008689944:
8202104111902350008513100:
8202104111902370003132772:
8202104111902390009327458:
8202104111902410008695694:
8202104111902420006013128:
8202104111902450009340819:
8202104111903040006033000:
8202104111903200006031529:
8202104111903220009313131:
8202104111903240008493749:
8202104111903270006040155:
8202104111903300008495556:
8202104111903370008510188:
8202104111903400008500626:
8202104111903540009336990:
8202104111903570008692290:
8202104111904000006022003:
8202104111904100009225500:
8202104111904220009324118:
8202104111904270008515848:
8202104111904300009349972:
8202104111904380009311280:
8202104111904400008493677:
8202104111905130008690224:
8202104111905360008505427:
8202104111905540009331048:
8202104111906090009286387:
8202104111906330008500567:
8202104111906350000424146:
8202104111906410008677903:
8202104111907290004045200:
8202104111909200009326626:
8202104111909280009340470:
8202104111909560008681357:
8202104111910410009354396:
8202104111911260008707911:
8202104111911420009233697:
8202104111911450008708560:
8202104111959260009342997:
8202104111959320009341511:
8202104111959380008506912:
8202104111959420008495972:
8202104112000010009339792:
8202104112000040009342953:
8202104112000070009348776:
8202104112000080008684967:
8202104112000100006039974:
8202104112000120009346364:
8202104112000150003126356:
8202104112000170009324572:
8202104112000200009324605:
8202104112000220007395601:
8202104112000240009277510:
8202104112000290008500083:
8202104112000320009346327:
8202104112000340009339930:
8202104112000360008677259:
8202104112001170009326648:
8202104112001200008697841:
8202104112001440008493340:
8202104112003050002851485:
8202104112003510008512375:
8202104112003540009234484:
8202104112008030006029910:
8202104112009520008508406:
8202104112121250004179142:
