2202104190639420009314377:
2202104190640340009324831:
2202104190640410008704021:
2202104190641070006012153:
2202104190643480008517932:
2202104190643510009338814:
2202104190643540006040284:
2202104190644050009346707:
2202104190644220006028292:
2202104190644420009225522:
2202104190646031513645885:
2202104190646060009339273:
2202104190646540009297574:
2202104190646580009323985:
2202104190647210008682585:
2202104190647280009339812:
2202104190647471513652619:
2202104190647570006039969:
2202104190648000008717044:
2202104190648021513652619:
2202104190648050008509708:
2202104190648080009281874:
2202104190648130009348376:
2202104190648350009339839:
2202104190648540001096293:
2202104190648580003137990:
2202104190649160008504268:
2202104190649240008698279:
2202104190649260009226392:
2202104190649290007402523:
2202104190649320008497657:
2202104190649490009344572:
2202104190649560006027609:
2202104190649590009342996:
2202104190650020009339797:
2202104190650030009343374:
2202104190650320008692450:
2202104190650370009234467:
2202104190650480008690529:
2202104190650550009347607:
2202104190651170009252946:
2202104190651270009247716:
2202104190651310009340820:
2202104190651490008497463:
2202104190652020009225506:
2202104190652050009287011:
2202104190652110009230780:
2202104190652190008495037:
2202104190652220008704200:
2202104190652270006016276:
2202104190652330009354576:
2202104190652421513626317:
2202104190652500009351823:
2202104190653000008676811:
2202104190653030009254229:
2202104190653060009234236:
2202104190653090009352009:
2202104190653110008513950:
2202104190653190009351998:
2202104190653230009234480:
2202104190653340006039671:
2202104190653360009348608:
2202104190653420008512362:
2202104190653540008717926:
2202104190653560009225507:
2202104190653580008503915:
2202104190654010009346170:
2202104190654030009283499:
2202104190654050007421252:
2202104190654070009351308:
2202104190654090000424165:
2202104190654110007398914:
2202104190654250009326645:
2202104190654270009230785:
2202104190654300009338246:
2202104190654320008506376:
2202104190654360009348762:
2202104190654420009294273:
2202104190654470007411321:
2202104190654520008507561:
2202104190654550001122092:
2202104190655030004180013:
2202104190655050001097762:
2202104190655070007407739:
2202104190655130008509370:
2202104190655150008499075:
2202104190655170009346708:
2202104190655200008499631:
2202104190655220009348542:
2202104190655250009354401:
2202104190655260009236809:
2202104190655280008516297:
2202104190655300001088073:
2202104190655320009253842:
2202104190655420008688253:
2202104190655470009225508:
2202104190655540006039807:
2202104190655590009326435:
2202104190656020009339524:
2202104190656050006019316:
2202104190656070009354001:
2202104190656090008511222:
2202104190656110009226965:
2202104190656130009336959:
2202104190656190009287411:
2202104190656210009234457:
2202104190656230009343592:
2202104190656240009280051:
2202104190656270006041875:
2202104190656290002854367:
2202104190656321513641316:
2202104190656350008494656:
2202104190656370003126381:
2202104190656390009232651:
2202104190656410006039993:
2202104190656430009321334:
2202104190656460009232378:
2202104190656480008493217:
2202104190656510007402194:
2202104190656530006018008:
2202104190656560003920040:
2202104190657040008510090:
2202104190657060009327416:
2202104190657080008501942:
2202104190657140001083110:
2202104190657200009312114:
2202104190657220007414082:
2202104190657240008706878:
2202104190657270009346180:
2202104190657340009346290:
2202104190657381513409863:
2202104190657410008510696:
2202104190657430009344566:
2202104190657450009351768:
2202104190657480008686064:
2202104190657500009301551:
2202104190657520008500167:
2202104190657540009341030:
2202104190658100009346376:
2202104190658130009249499:
2202104190658210006015460:
2202104190658230008517783:
2202104190658290008513365:
2202104190658310009226422:
2202104190658341513649006:
2202104190658400009346362:
2202104190658420008496581:
2202104190658440009276489:
2202104190658460009349986:
2202104190658480009286616:
2202104190658490008692560:
2202104190659180009339144:
2202104190659200006019064:
2202104190659230008498988:
2202104190659250007410282:
2202104190659350008508587:
2202104190659370008496133:
2202104190659550008497260:
2202104190700110008503789:
2202104190700130006031525:
2202104190700470008718216:
2202104190700570009234066:
2202104190701010008519041:
2202104190701360008708048:
2202104190702410006021871:
2202104190703180006014993:
2202104190704140009339803:
2202104190706560006009777:
2202104190707060009302380:
2202104190708100007410385:
2202104190710060009310727:
2202104190710100009298073:
2202104190723250008508546:
2202104191542560009275624:
2202104191633460009230795:
2202104191725560001100446:
2202104191729170009225488:
2202104191729420008696238:
2202104191729440008715106:
2202104191729480008699273:
2202104191729530009226385:
2202104191729550008492754:
2202104191729560009324629:
2202104191729580009300618:
2202104191730290009336988:
2202104191730310009339524:
2202104191730330006028292:
2202104191730340007411321:
2202104191730360008692560:
2202104191730380009314377:
2202104191730390009307295:
2202104191730410008509708:
2202104191730430009247716:
2202104191730450008702965:
2202104191730470006040284:
2202104191730480008491998:
2202104191730500009324085:
2202104191730520009326618:
2202104191730540008509370:
2202104191730560007400852:
2202104191731000008510696:
2202104191731030008500167:
2202104191731060009344566:
2202104191731080009301551:
2202104191731100003137964:
2202104191731120008710326:
2202104191731130007401131:
2202104191731160006018008:
2202104191731170008678308:
2202104191731200006024741:
2202104191731230008678308:
2202104191731240009233737:
2202104191731260008493217:
2202104191731280008509894:
2202104191731300008498240:
2202104191731320008517815:
2202104191731330008508655:
2202104191731350009287011:
2202104191731370009276908:
2202104191731390008512362:
2202104191731410009339828:
2202104191731430006022855:
2202104191731450009346055:
2202104191731550008698044:
2202104191731580008690794:
2202104191732110001114611:
2202104191733500009346376:
2202104191734110008707413:
2202104191734170009253997:
2202104191734240009283499:
2202104191734260001097762:
2202104191734280008499075:
2202104191734290006039969:
2202104191734310002851799:
2202104191734350009278449:
2202104191735250003137970:
2202104191735270009286624:
2202104191735400009349986:
2202104191735420008678770:
2202104191735440009225507:
2202104191735460009321326:
2202104191735490009339797:
2202104191735520008504268:
2202104191736380008499031:
2202104191736491513649006:
2202104191738380008698279:
2202104191739580007414082:
2202104191741240008718216:
2202104191741270009339839:
2202104191741331513652619:
2202104191741440008516297:
2202104191743240006012153:
2202104191743480009293880:
2202104191743510009339812:
2202104191744260008682585:
2202104191751210009232187:
2202104191754170009303525:
2202104191758580008499165:
2202104191801250009342996:
2202104191801320009225506:
2202104191801360009343374:
2202104191802450003137987:
2202104191810260008506632:
2202104191812140009232651:
2202104191816400009351768:
2202104191953580006016277:
2202104192112410007422376:
2202104192114120009351823:
2202104192129070009236810:
2202104192129250008713719:
2202104192129340008514276:
2202104192129370007402482:
2202104192129420008498988:
2202104192130010003137754:
2202104192130040009354391:
2202104192130070009280051:
2202104192130090003132773:
2202104192130110009346033:
2202104192130130009275948:
2202104192130180008508546:
2202104192130220009337006:
2202104192130280003137967:
2202104192130310008695667:
2202104192130330008492065:
2202104192130351513409863:
2202104192130370009243147:
2202104192130390008513365:
2202104192130410008508352:
2202104192130430009344572:
2202104192130440009342981:
2202104192130460009344572:
2202104192130470003892332:
2202104192130490003116965:
2202104192130500009246202:
2202104192130520009348603:
2202104192130540009234108:
2202104192130560009294602:
2202104192130580009338161:
2202104192131000009340813:
2202104192131010000424007:
2202104192131030009352010:
2202104192131050008497935:
2202104192131060009324614:
2202104192131080001096293:
2202104192131090009286616:
2202104192131120009294520:
2202104192131150008511515:
2202104192131160009234457:
2202104192131180008492636:
2202104192131210009327616:
2202104192131230006036994:
2202104192131250009286616:
2202104192131270008492638:
2202104192131300006030480:
2202104192131310008492638:
2202104192131340006032999:
2202104192131360008492636:
2202104192131380008492638:
2202104192131390008693150:
2202104192131410008503789:
2202104192131420008501942:
2202104192131440009240533:
2202104192131460008701103:
2202104192131480006040154:
2202104192131500008496191:
2202104192131510008510378:
2202104192131530008493689:
2202104192131550009339225:
2202104192131560009236820:
2202104192131590006026834:
2202104192132010008493340:
2202104192132030008698315:
2202104192132040006010458:
2202104192132060009346173:
2202104192132080009340812:
2202104192132090007419418:
2202104192132110006039991:
2202104192132130006032030:
2202104192132150007419418:
2202104192132180006031529:
2202104192132200007395601:
2202104192132220008712134:
2202104192132250008683630:
2202104192132280008515447:
2202104192132330009276489:
2202104192132380009254207:
2202104192132430009283932:
2202104192132450008518128:
2202104192132480009253719:
2202104192132500008704914:
2202104192132530006039506:
2202104192133070008508587:
2202104192133270008497657:
2202104192134520008677300:
2202104192140480009339824:
2202104192213040006009777:
2202104192214470008497260:
2202104192216120001122092:
2202104192221480009234247:
2202104192223210009321319:
2202104192227100008503532:
2202104192227580009285513:
2202104192228010008697836:
2202104192228040009321334:
2202104192228060006019064:
2202104192228090008717044:
2202104192228110009337900:
2202104192228120009321818:
2202104192228140009236809:
2202104192228160009351998:
2202104192228180003137990:
2202104192228190009339795:
2202104192228210003137990:
2202104192228220009225522:
2202104192228250008513950:
2202104192228270003126145:
2202104192228290007414046:
2202104192228330008706878:
2202104192228340009226422:
2202104192228361513645885:
2202104192228380009324831:
2202104192228400008494656:
2202104192228410009338814:
2202104192228430009340820:
2202104192228450009352009:
2202104192228470008497759:
2202104192228480007407739:
2202104192228510009346170:
2202104192228531513637915:
2202104192228550009323985:
2202104192228560009230780:
2202104192228580009323985:
2202104192229000008692450:
2202104192229020004180013:
2202104192229040009226965:
2202104192229060008507561:
2202104192229070009249499:
2202104192229090009345998:
2202104192229110009225523:
2202104192229130008517932:
2202104192229160009338246:
2202104192229190009339273:
2202104192229210009347607:
2202104192229230009297574:
2202104192229250009354576:
2202104192229270009348762:
2202104192229290009234480:
2202104192229310008506376:
2202104192229330006021871:
2202104192229350009330833:
2202104192229370008694659:
2202104192229390008691017:
2202104192229420009346708:
2202104192229440009253842:
2202104192229460009234467:
2202104192229480009324107:
2202104192229490008503915:
2202104192229510009346290:
2202104192229530000424165:
2202104192229530009346362:
2202104192229560008496581:
2202104192229580009234236:
2202104192230000008503721:
2202104192230020008493366:
2202104192230080008704200:
2202104192230150007410282:
2202104192230240009281814:
2202104192230430009297056:
2202104192230470009250799:
2202104192230480007421212:
2202104192230510009232378:
2202104192230530009354401:
2202104192230550009351308:
2202104192230580008497795:
2202104192230590007402194:
2202104192231030003920040:
2202104192231060008519522:
2202104192231090008690529:
2202104192231100008702320:
2202104192231120008496310:
2202104192231150008676811:
2202104192231200009342183:
2202104192231230009254229:
2202104192231250009225495:
2202104192231270009346707:
2202104192231290009254183:
2202104192231310009339219:
2202104192231320008499631:
2202104192231340009339219:
2202104192231360008499631:
2202104192231370008494333:
2202104192231380009326435:
2202104192231400009346180:
2202104192231420009326622:
2202104192231440008510090:
2202104192231470009324604:
2202104192231520007402523:
2202104192231540008512059:
2202104192231560009326645:
2202104192231570009225494:
2202104192231590006036993:
2202104192232010008709393:
2202104192232060009252984:
2202104192232450008692742:
2202104192232480008694944:
2202104192232570009294273:
2202104192233030008495616:
2202104192233080009303525:
2202104192233120009339803:
2202104192233160008499206:
2202104192233220008497463:
2202104192233310007398914:
2202104192234390008704021:
2202104192234420008508219:
2202104192235260003109818:
2202104192236001513641316:
2202104192236110009304051:
2202104192236230008686064:
2202104192238040009351770:
2202104192238160000442293:
3202104190637130007405149:
3202104190637200008503824:
3202104190638140009234108:
3202104190640460008681103:
3202104190641000009324076:
3202104190641150009234248:
3202104190641240006023085:
3202104190641280008680648:
3202104190642260009304051:
3202104190642420006026835:
3202104190642530009339211:
3202104190643060006039129:
3202104190643100008492638:
3202104190643150003137945:
3202104190643270009241075:
3202104190644090009226399:
3202104190644180009351758:
3202104190645190001087543:
3202104190645250008685403:
3202104190645310009300618:
3202104190645580008715839:
3202104190646030008711152:
3202104190646060008707911:
3202104190646100008687514:
3202104190646280009234458:
3202104190646330006029910:
3202104190646390008692117:
3202104190647040003137991:
3202104190647080008707174:
3202104190647410000442316:
3202104190648160008709374:
3202104190648230009236868:
3202104190649050008680900:
3202104190649180009299255:
3202104190650070009282830:
3202104190650100003137967:
3202104190650140008514437:
3202104190650160008713928:
3202104190650310006030480:
3202104190650360008680442:
3202104190650420006040154:
3202104190651160008711197:
3202104190651190009252962:
3202104190651270008697156:
3202104190651300008691341:
3202104190651340009322614:
3202104190651390003137966:
3202104190651420009343383:
3202104190651470006030484:
3202104190651510009340470:
3202104190651560008678678:
3202104190652030009322602:
3202104190652050008703693:
3202104190652100008498170:
3202104190652220008445992:
3202104190652380008492754:
3202104190652460008502984:
3202104190652540009326650:
3202104190653000006039541:
3202104190653100008695330:
3202104190653140009284852:
3202104190653180008681357:
3202104190653210009273013:
3202104190653270008698286:
3202104190653331513653821:
3202104190653370009339802:
3202104190653390009343149:
3202104190653410009253719:
3202104190653470009346367:
3202104190653570001103793:
3202104190654070009226385:
3202104190654170008680280:
3202104190654220009342954:
3202104190654270006024741:
3202104190654330009331842:
3202104190654390009254169:
3202104190654540008690203:
3202104190655020009324068:
3202104190655080009340812:
3202104190655130009339837:
3202104190655150009322701:
3202104190655170009326609:
3202104190655230008518095:
3202104190655260008714702:
3202104190655280008505037:
3202104190655310008711249:
3202104190655350003132773:
3202104190655370008681703:
3202104190655400009324574:
3202104190655440009233697:
3202104190655510008493770:
3202104190655560009233695:
3202104190655590009243147:
3202104190656030009232375:
3202104190656060008501953:
3202104190656150008688253:
3202104190656190008692811:
3202104190656270008711892:
3202104190656310009321321:
3202104190656330006028451:
3202104190656350008701274:
3202104190656390008697063:
3202104190656410008495161:
3202104190656430009340813:
3202104190656480006039807:
3202104190656500008702698:
3202104190656520009325511:
3202104190656540008513101:
3202104190656570008689470:
3202104190656590006032999:
3202104190657010009278449:
3202104190657030009226821:
3202104190657190009309829:
3202104190657250006041875:
3202104190657280008493217:
3202104190657340006018008:
3202104190657390008692032:
3202104190657520007395593:
3202104190657550008509836:
3202104190657570008492065:
3202104190658090008514276:
3202104190658110009326648:
3202104190658140008689564:
3202104190658160008698315:
3202104190658190007419418:
3202104190658430008503489:
3202104190658570008704360:
3202104190658590008690234:
3202104190659040008517783:
3202104190659100008693150:
3202104190659120009324606:
3202104190659160009346033:
3202104190659190009231455:
3202104190659210009354349:
3202104190659230008500378:
3202104190659320009346327:
3202104190659360009327615:
3202104190659550008514966:
3202104190701040008499458:
3202104190705530008506597:
3202104190711160007407502:
3202104190716510008494092:
3202104191429410009354344:
3202104191532230008492549:
3202104191630330009336959:
3202104191634150008508589:
3202104191640530008695330:
3202104191729020008717268:
3202104191729040000442316:
3202104191729070008697063:
3202104191729090008714113:
3202104191729110009346020:
3202104191729170009300618:
3202104191729190009323446:
3202104191729210009343384:
3202104191729220008693920:
3202104191729240009324629:
3202104191729260008699992:
3202104191729280008698286:
3202104191729300008692117:
3202104191729330008708003:
3202104191729350009354349:
3202104191729370008697156:
3202104191729390008699485:
3202104191729430009326650:
3202104191729450008704360:
3202104191729460008711892:
3202104191729540008680442:
3202104191729550008711892:
3202104191729570008498170:
3202104191729590009234248:
3202104191730030009326609:
3202104191730050008680442:
3202104191730060009321321:
3202104191730080008707911:
3202104191730100003137972:
3202104191730120008711892:
3202104191730140006028451:
3202104191730150006018008:
3202104191730170009331842:
3202104191730180009348748:
3202104191730210008500889:
3202104191730220008710216:
3202104191730240009339254:
3202104191730250009342998:
3202104191730270008499556:
3202104191730310003137991:
3202104191730320003137964:
3202104191730340008687514:
3202104191730370008704323:
3202104191730390000424146:
3202104191730410008692811:
3202104191730430009351830:
3202104191730450008680280:
3202104191730470008690203:
3202104191730490008681103:
3202104191730510008678678:
3202104191730520008690234:
3202104191730550008684967:
3202104191730590008714702:
3202104191731000009335560:
3202104191731020008683912:
3202104191731040008689564:
3202104191731050009335491:
3202104191731070009324606:
3202104191731090009354460:
3202104191731130009234458:
3202104191731161513653821:
3202104191731180008691341:
3202104191731200008701103:
3202104191731210009324879:
3202104191731230008681703:
3202104191731251513626317:
3202104191731270008445992:
3202104191731310003137966:
3202104191731320008711197:
3202104191731350008689470:
3202104191731360009352016:
3202104191731380008711197:
3202104191731410008711249:
3202104191731430009339802:
3202104191731460009254169:
3202104191731480008501288:
3202104191731490008517496:
3202104191731510009252962:
3202104191731520008679943:
3202104191731580008493770:
3202104191731590008693892:
3202104191732010009253739:
3202104191732030008715630:
3202104191732080009323999:
3202104191732340008500888:
3202104191732480006024859:
3202104191732550006041875:
3202104191733010009322602:
3202104191733030008494924:
3202104191733070009251764:
3202104191733450009346327:
3202104191733580000439530:
3202104191734210009323007:
3202104191734290006039541:
3202104191735270009277510:
3202104191736240008688253:
3202104191736310008677569:
3202104191737070008492410:
3202104191738240006029906:
3202104191739200009289323:
3202104191739230008698121:
3202104191740140009325511:
3202104191743320009354625:
3202104191748240009343432:
3202104191756200008518095:
3202104191756270008680900:
3202104191758250006020195:
3202104191759590009291061:
3202104191808590008494141:
3202104191811150008496431:
3202104192002280009351758:
3202104192003460008711152:
3202104192030140008702698:
3202104192030210008701274:
3202104192034240009303427:
3202104192037140009322701:
3202104192037160008689537:
3202104192037180008696388:
3202104192039200008503824:
3202104192042410009226399:
3202104192051270008494092:
3202104192103220009287411:
3202104192104520006039807:
3202104192104570009233697:
3202104192114460008503489:
3202104192126060008713928:
3202104192126080009324068:
3202104192128210008514276:
3202104192128250009340470:
3202104192128330008514276:
3202104192128390009340470:
3202104192128490009348729:
3202104192128520009330829:
3202104192128550009342034:
3202104192128580008505037:
3202104192129040003137754:
3202104192129070009339195:
3202104192129100009326626:
3202104192129160009339792:
3202104192129220009236868:
3202104192129290009324574:
3202104192129310009343149:
3202104192129340009342954:
3202104192129360008516658:
3202104192129380009324637:
3202104192129400003137967:
3202104192129490007419418:
3202104192129500003137967:
3202104192129560009324637:
3202104192129580003137967:
3202104192130010009309829:
3202104192130030006040154:
3202104192130070007419418:
3202104192130140009309829:
3202104192130230008512397:
3202104192130260008500626:
3202104192130280009337945:
3202104192130300009339930:
3202104192130320000442287:
3202104192130330008502984:
3202104192130380003117204:
3202104192130490008500626:
3202104192130550006028799:
3202104192130590008513101:
3202104192131040009324138:
3202104192131060009340812:
3202104192131080009342982:
3202104192131100008689254:
3202104192131120008494427:
3202104192131140009339225:
3202104192131160006022003:
3202104192131230009339915:
3202104192131330006031529:
3202104192131360008514437:
3202104192131460007395601:
3202104192131470009343567:
3202104192131500009336990:
3202104192131550001087543:
3202104192132010003137963:
3202104192132070008429607:
3202104192132140008509836:
3202104192132190008500378:
3202104192132210007404980:
3202104192132240008676957:
3202104192132250008499458:
3202104192132270009231455:
3202104192132300009254167:
3202104192132320008698795:
3202104192132340009231425:
3202104192132360008703693:
3202104192132380000424167:
3202104192132400008698455:
3202104192132420003126147:
3202104192132490008494201:
3202104192132580006023085:
3202104192133010007421210:
3202104192133060008494964:
3202104192133080008712416:
3202104192135360009236846:
3202104192135400008677773:
3202104192135440009348542:
3202104192135460007405149:
3202104192135530008677773:
3202104192135560007405149:
3202104192136000009348542:
3202104192136040008496133:
3202104192136390009339211:
3202104192136420007406637:
3202104192139360008515578:
3202104192141040009299255:
3202104192141050006026835:
4202104190632230009231425:
4202104190635400008515848:
4202104190641520009324572:
4202104190642010008513100:
4202104190643380009346340:
4202104190644130009285513:
4202104190644150008503532:
4202104190644320009279494:
4202104190644400009339225:
4202104190644510009272601:
4202104190644580009348776:
4202104190645010003116965:
4202104190645060009297868:
4202104190645530008677438:
4202104190646110009338161:
4202104190646200006040155:
4202104190647510009349985:
4202104190648000008429607:
4202104190648130009226448:
4202104190648260008493092:
4202104190648440009331044:
4202104190648520009342143:
4202104190648540009277510:
4202104190649170009226823:
4202104190649200008695694:
4202104190649220009326600:
4202104190649240009349972:
4202104190649360009341511:
4202104190650050009346181:
4202104190650160007402498:
4202104190650200008695597:
4202104190650220006027612:
4202104190650240009301075:
4202104190650290008493895:
4202104190650310008499675:
4202104190650450009234484:
4202104190650510008493340:
4202104190651071513631101:
4202104190651120009234249:
4202104190651240000424167:
4202104190651270008508406:
4202104190651340009236820:
4202104190651360008689944:
4202104190651380008690224:
4202104190651400008681212:
4202104190651490008512783:
4202104190651560006021988:
4202104190652110008710875:
4202104190652180009298435:
4202104190652220008504275:
4202104190652490009234486:
4202104190652570009286387:
4202104190652590004025142:
4202104190653010004179293:
4202104190653040009354827:
4202104190653060006013128:
4202104190653090009281928:
4202104190653240007404978:
4202104190653280009234466:
4202104190653340009343593:
4202104190653360008698455:
4202104190653380009326658:
4202104190653470009346035:
4202104190653480009339818:
4202104190653510008684967:
4202104190654050008699709:
4202104190654070008697764:
4202104190654090008501349:
4202104190654250004163548:
4202104190654280009225500:
4202104190654330009339204:
4202104190654360008689254:
4202104190654420006028799:
4202104190654450008697841:
4202104190654560009339817:
4202104190654590009250787:
4202104190655030008494924:
4202104190655040008496149:
4202104190655060001088074:
4202104190655080008499867:
4202104190655100009342035:
4202104190655130008677259:
4202104190655150006027345:
4202104190655170008426949:
4202104190655200008698795:
4202104190655230008499706:
4202104190655270009324118:
4202104190655330009327620:
4202104190655430009298206:
4202104190655530009341742:
4202104190655560015629857:
4202104190655580009342997:
4202104190656060003126356:
4202104190656080007401131:
4202104190656120008512375:
4202104190656260009327613:
4202104190656410009295454:
4202104190656430006039974:
4202104190656480008708992:
4202104190656500008494201:
4202104190656520008717694:
4202104190656540009326617:
4202104190657030009339821:
4202104190657050000439540:
4202104190657100009327564:
4202104190657200008679170:
4202104190657220008500083:
4202104190657430006039973:
4202104190657450009278607:
4202104190657540009305260:
4202104190657570006020220:
4202104190657590000431385:
4202104190658090008494427:
4202104190658110009340819:
4202104190658150009346685:
4202104190658170009342978:
4202104190658180008510188:
4202104190658360004179142:
4202104190658550009342982:
4202104190659080007395601:
4202104190659160009340816:
4202104190659240009321481:
4202104190659300004169060:
4202104190659320001083930:
4202104190659420008515910:
4202104190659450009283252:
4202104190659490006036994:
4202104190659510009246201:
4202104190700350009341013:
4202104190700390008505427:
4202104190701110001077425:
4202104190703450007409909:
4202104190753590007404980:
4202104191728520000439540:
4202104191729330009341013:
4202104191729360008717694:
4202104191729500009281928:
4202104191729560009339817:
4202104191729590008501349:
4202104191730010009233695:
4202104191730040009250787:
4202104191730070009342035:
4202104191730100009339837:
4202104191730120009349985:
4202104191730140009327564:
4202104191730160008710875:
4202104191730170009327620:
4202104191730190000431385:
4202104191730210009249489:
4202104191730230009342997:
4202104191730240009343592:
4202104191730260009339144:
4202104191730270008505427:
4202104191730290009339818:
4202104191730310009339821:
4202104191730330004025142:
4202104191730350015629857:
4202104191730360009342978:
4202104191730380004169060:
4202104191730400009326648:
4202104191730420006015460:
4202104191730430008507829:
4202104191730450008495161:
4202104191730460008685403:
4202104191730480009346685:
4202104191730490009327615:
4202104191730510008511222:
4202104191730531513631101:
4202104191730550008493092:
4202104191730560008517783:
4202104191731000008495556:
4202104191731030009297868:
4202104191731060006040155:
4202104191731090006039974:
4202104191731110009349972:
4202104191731130008681357:
4202104191731140009326600:
4202104191731210009234249:
4202104191731240008499706:
4202104191731330008513100:
4202104191731360009348608:
4202104191731410008504457:
4202104191731430008699709:
4202104191731450006021988:
4202104191731470009342143:
4202104191731480009326617:
4202104191731500009327613:
4202104191731520009326617:
4202104191732100006027612:
4202104191732120009273026:
4202104191732210009348776:
4202104191732270009272601:
4202104191732290009325535:
4202104191732340001083930:
4202104191732580009343593:
4202104191733100006033000:
4202104191753100009226823:
4202104191754110009301075:
4202104191755460008679170:
4202104191755490008500083:
4202104191800490009226809:
4202104191812550009234486:
4202104192058090009324118:
4202104192058130009346340:
4202104192100010009346058:
4202104192100020006037029:
4202104192100040007406683:
4202104192100590001088074:
4202104192101090004163548:
4202104192101510008499675:
4202104192101540009246201:
4202104192103040008495972:
4202104192132480009331044:
4202104192132500000424545:
4202104192132530009346035:
4202104192143040006029910:
4202104192143080009241075:
4202104192143100008493833:
5202104190602020007421210:
5202104190625340008508441:
5202104190629180009246204:
5202104190632280008698044:
5202104190637120006022855:
5202104190639000008500956:
5202104190640200008501741:
5202104190640270008439606:
5202104190641330008492636:
5202104190641390008496191:
5202104190641461513628688:
5202104190642080009294586:
5202104190642270009281753:
5202104190643180002851799:
5202104190644000009291061:
5202104190644060009340824:
5202104190644100009225522:
5202104190644200008503198:
5202104190645470009291663:
5202104190645490006036505:
5202104190645570006022439:
5202104190646040009282645:
5202104190646190009337903:
5202104190646400009286624:
5202104190646450009279728:
5202104190646480006036321:
5202104190646510009234089:
5202104190647100006022158:
5202104190647140009321697:
5202104190647190009303427:
5202104190647230008499031:
5202104190647270008499206:
5202104190647290009230781:
5202104190647350008512059:
5202104190647390008506907:
5202104190647550006040161:
5202104190648460009226392:
5202104190648530009246193:
5202104190648550009307295:
5202104190649080008690941:
5202104190649330009326618:
5202104190649380009272184:
5202104190649470004181482:
5202104190649540008681883:
5202104190650020009236903:
5202104190650150009348566:
5202104190650230007422376:
5202104190650260009337900:
5202104190650350009351770:
5202104190650380006041088:
5202104190650480009274874:
5202104190651240008496310:
5202104190651340009287011:
5202104190651510008680743:
5202104190651560008699606:
5202104190652010008499108:
5202104190652100008508219:
5202104190652180008519522:
5202104190652260009346063:
5202104190652290009349952:
5202104190652340009241934:
5202104190652360009346064:
5202104190652390008500401:
5202104190652410006014349:
5202104190652430009288638:
5202104190652470009348608:
5202104190652560009236810:
5202104190652580001108277:
5202104190653000009234487:
5202104190653030009351833:
5202104190653050009283296:
5202104190653080009311280:
5202104190653120009230785:
5202104190653160008497276:
5202104190653250008504258:
5202104190653270007418334:
5202104190653310009253997:
5202104190653330009342035:
5202104190653350007398914:
5202104190653360009339219:
5202104190653381513646659:
5202104190653400008692587:
5202104190653420009343364:
5202104190653440009252984:
5202104190653470008515447:
5202104190653500009248259:
5202104190653520009341005:
5202104190653560006033001:
5202104190653590009342002:
5202104190654010009250799:
5202104190654060009347747:
5202104190654081513637915:
5202104190654100009240515:
5202104190654130008504457:
5202104190654150008518128:
5202104190654180008713719:
5202104190654190009279481:
5202104190654210009336988:
5202104190654230009232653:
5202104190654270008509806:
5202104190654320009348748:
5202104190654340009230795:
5202104190654380008499075:
5202104190654400009314167:
5202104190654420008509894:
5202104190654430003126383:
5202104190654460008692742:
5202104190654480009225488:
5202104190654500008694659:
5202104190654520009232187:
5202104190654560003137970:
5202104190654580006024747:
5202104190655010006039506:
5202104190655030006036993:
5202104190655080008683123:
5202104190655120008491998:
5202104190655170003915458:
5202104190655200006039494:
5202104190655230009314286:
5202104190655250009225481:
5202104190655270009342958:
5202104190655290006040360:
5202104190655310008709369:
5202104190655340008678354:
5202104190655360008695140:
5202104190655380008515081:
5202104190655400006019428:
5202104190655420008509407:
5202104190655430008701083:
5202104190655460008505489:
5202104190655470009300596:
5202104190655490009313377:
5202104190655510008494656:
5202104190655530008686663:
5202104190655570009311703:
5202104190655590009254207:
5202104190656010008716113:
5202104190656040008690794:
5202104190656060007395593:
5202104190656090008426247:
5202104190656100008702965:
5202104190656130002851478:
5202104190656170009321362:
5202104190656180008706494:
5202104190656200008694944:
5202104190656220008497759:
5202104190656250008493366:
5202104190656270008691017:
5202104190656290008701527:
5202104190656300008702320:
5202104190656320003109818:
5202104190656330009273437:
5202104190656360009324085:
5202104190656380008509836:
5202104190656400000431412:
5202104190656420003126380:
5202104190656430007414082:
5202104190656450009323007:
5202104190656470009276908:
5202104190656490008695667:
5202104190656510009225523:
5202104190656530008514276:
5202104190656550008493286:
5202104190656570009346038:
5202104190656590007419049:
5202104190657010008698315:
5202104190657030008709061:
5202104190657070007395592:
5202104190657100008686064:
5202104190657120009246199:
5202104190657150009301551:
5202104190657170008500167:
5202104190657190008493833:
5202104190657210009339828:
5202104190657230006029990:
5202104190657250006032920:
5202104190657280009326622:
5202104190657310007406867:
5202104190657340004165136:
5202104190657370008508352:
5202104190657380009342959:
5202104190657400009296651:
5202104190657420003137963:
5202104190657450009246202:
5202104190657480008495556:
5202104190657490009225495:
5202104190657510009333812:
5202104190657530008503721:
5202104190657540008497795:
5202104190657560009340483:
5202104190657580009226422:
5202104190657590006027540:
5202104190658010008424093:
5202104190658020009324107:
5202104190658050007414046:
5202104190658070008426248:
5202104190658090007407764:
5202104190658100009276489:
5202104190658120009345998:
5202104190658130009330833:
5202104190658150009346327:
5202104190658180008508326:
5202104190658210009303870:
5202104190658240009327615:
5202104190658250008709393:
5202104190658270009247684:
5202104190658310009253995:
5202104190658330003126145:
5202104190658350008697836:
5202104190658380003932686:
5202104190658400008496367:
5202104190658430009324605:
5202104190658440009254183:
5202104190658460007421253:
5202104190658480009322590:
5202104190658490009339144:
5202104190658510008494964:
5202104190658520007406637:
5202104190658550009321395:
5202104190658580009313676:
5202104190659000008678308:
5202104190659020008508587:
5202104190659040008710326:
5202104190659060007402482:
5202104190659080009281814:
5202104190659100009354391:
5202104190659140009351317:
5202104190659160009233737:
5202104190659200003137754:
5202104190659230009254212:
5202104190659250006024735:
5202104190659280009253739:
5202104190659310008707832:
5202104190659350009346020:
5202104190659370009233736:
5202104190659380008696238:
5202104190659400008678770:
5202104190659410007396360:
5202104190659430008494333:
5202104190659460003137964:
5202104190659480009297056:
5202104190659490008512784:
5202104190659510009340450:
5202104190659530009343430:
5202104190659550009346173:
5202104190659560006027553:
5202104190659580008506632:
5202104190659590001079288:
5202104190700030009323999:
5202104190700070009321326:
5202104190700100001100446:
5202104190700130009321818:
5202104190700290008502364:
5202104190700350006024859:
5202104190700370006021991:
5202104190700490008696894:
5202104190700530009294520:
5202104190700590000442293:
5202104190701030008495616:
5202104190701060008688767:
5202104190701080008677773:
5202104190701140009289323:
5202104190701160008504041:
5202104190701190009234247:
5202104190701300009326612:
5202104190701330009343567:
5202104190701350008496431:
5202104190701360009336990:
5202104190701440009340499:
5202104190701490008713081:
5202104190701530008677300:
5202104190701560008703345:
5202104190702010009340801:
5202104190702100009339795:
5202104190702130009342183:
5202104190702160008500916:
5202104190702310009273026:
5202104190702330009313530:
5202104190702390009254000:
5202104190702470008493028:
5202104190702490009326604:
5202104190702540009339824:
5202104190703190003137987:
5202104190703230008707413:
5202104190703240007421212:
5202104190703440009225494:
5202104190704450009324604:
5202104190704500009303525:
5202104190704560008510378:
5202104190704580002851465:
5202104190705160007396553:
5202104190705210009233713:
5202104190705290006033000:
5202104190706100007400852:
5202104190706150009354344:
5202104190708380006042277:
5202104190710170009321319:
5202104190716410006022420:
5202104190744380006039334:
5202104190752460007404980:
5202104190921470009325536:
5202104191432510009354344:
5202104191630050009226429:
5202104191636510008508441:
5202104191641020009321697:
5202104191655490009226392:
5202104191715210008424093:
5202104191725000008439606:
5202104191725030009311703:
5202104191726310004165136:
5202104191726330009313530:
5202104191726370008500956:
5202104191727450009246204:
5202104191728010009282645:
5202104191729220009284852:
5202104191729350009326604:
5202104191730000006030484:
5202104191730020008680743:
5202104191730070008501741:
5202104191730200009248259:
5202104191730250002851478:
5202104191730260009226385:
5202104191730280008492754:
5202104191730490008693150:
5202104191731020008702965:
5202104191731040009346038:
5202104191731070009307295:
5202104191731090006022439:
5202104191731140009311280:
5202104191731180008692560:
5202104191731210006042277:
5202104191731240009291663:
5202104191731300009279481:
5202104191731330007396360:
5202104191731410009301551:
5202104191731430006036505:
5202104191731450008500167:
5202104191731460003915458:
5202104191731480008504258:
5202104191731500008510696:
5202104191731520009314167:
5202104191731540006040161:
5202104191731550008692587:
5202104191731570008709061:
5202104191732000003126383:
5202104191732030009287011:
5202104191732050006024741:
5202104191732060008493217:
5202104191732080000431412:
5202104191732130008678354:
5202104191732150009288638:
5202104191732160006033001:
5202104191732231513628688:
5202104191732240008701527:
5202104191732260008698044:
5202104191732290008506907:
5202104191732370009281753:
5202104191732390008686663:
5202104191732410008690794:
5202104191732420008506907:
5202104191732450008709369:
5202104191732470006019428:
5202104191732490007418334:
5202104191732520008681883:
5202104191732540008695140:
5202104191733070009314286:
5202104191733540008716113:
5202104191734220008699606:
5202104191734240008690941:
5202104191734310009340499:
5202104191734390009346376:
5202104191734430006029990:
5202104191734490009296651:
5202104191735050002851799:
5202104191735080009296651:
5202104191735120008497276:
5202104191735160008499075:
5202104191735370009246193:
5202104191736150008496471:
5202104191736340008426248:
5202104191740110008519041:
5202104191740220004181482:
5202104191740390007414082:
5202104191740500008426247:
5202104191742140008516297:
5202104191742181513652619:
5202104191747150008503198:
5202104191756021513646659:
5202104191800350006024747:
5202104191801380006024735:
5202104191804480001079288:
5202104191808150008500401:
5202104191814070006039494:
5202104191816020009346064:
5202104191817260008508406:
5202104191823280006027553:
5202104192019160008508441:
5202104192101160009272184:
5202104192127080009324068:
5202104192127110008713928:
5202104192129340008688282:
5202104192130020009321362:
5202104192130090008514966:
5202104192130430008439606:
5202104192130500009354391:
5202104192131040008695667:
5202104192131070009343383:
5202104192131210008508352:
5202104192131250009309829:
5202104192131270009234108:
5202104192131340009246202:
5202104192131360009294602:
5202104192131380008496367:
5202104192131390000424007:
5202104192131570009283296:
5202104192131590006036994:
5202104192132030001096293:
5202104192132040009340483:
5202104192132070008492638:
5202104192132090007407764:
5202104192132150008501942:
5202104192132200006032999:
5202104192132240009240515:
5202104192132430006010458:
5202104192134070008713081:
5202104192134090009303870:
5202104192136110008497657:
5202104192143460006036321:
5202104192228360008509806:
5202104192228390009340824:
5202104192228410001083110:
5202104192228480009326612:
5202104192228510009236809:
5202104192228570008683123:
5202104192229060008494656:
5202104192229100009351833:
5202104192229120009234487:
5202104192229140001108277:
5202104192230000008706494:
5202104192230030009230785:
5202104192230050009225522:
5202104192230070009354001:
5202104192230090008683123:
5202104192230100009341005:
5202104192230160009351833:
5202104192230190008494656:
5202104192230200008717926:
5202104192230220007421252:
5202104192230240009312114:
5202104192230250009236903:
5202104192230270008515081:
5202104192230290006039671:
5202104192230300009351317:
5202104192230350009324107:
5202104192230360006039671:
5202104192230380006019316:
5202104192230400008683123:
5202104192230410009351317:
5202104192230430009225481:
5202104192230440009324107:
5202104192230460009342959:
5202104192230470008696894:
5202104192230490009327416:
5202104192230520008493286:
5202104192230540009327416:
5202104192230570009347747:
5202104192230580009230781:
5202104192231000008696894:
5202104192231020009342002:
5202104192231060009341030:
5202104192231080006031525:
5202104192231090008701083:
5202104192231110009321395:
5202104192231120009230781:
5202104192231140008495037:
5202104192231170009230781:
5202104192231190009321395:
5202104192231210009341030:
5202104192231240009313377:
5202104192231290009342958:
5202104192231300009300596:
5202104192231340009351308:
5202104192231490008496310:
5202104192231540008519522:
5202104192232020009254229:
5202104192232050009342183:
5202104192232060009225495:
5202104192232140009346180:
5202104192232180009339219:
5202104192232320008512059:
5202104192232450009252984:
5202104192232570008707832:
5202104192233340008694944:
5202104192233380009253995:
5202104192233540008499206:
5202104192234050007398914:
5202104192236560009241934:
6202104190628070006021964:
6202104190629200009326438:
6202104190629420008495838:
6202104190630110008494141:
6202104190630130004166400:
6202104190631370009247696:
6202104190632230008501288:
6202104190632400008509948:
6202104190633230007405149:
6202104190633270009226959:
6202104190635030009291036:
6202104190636220002851459:
6202104190636420009296138:
6202104190636480008494141:
6202104190637360007397755:
6202104190638050009341788:
6202104190638170008718055:
6202104190638200008692290:
6202104190638320009252945:
6202104190640160006028797:
6202104190640390008694707:
6202104190640570009346364:
6202104190640590008713215:
6202104190641120009321707:
6202104190641140008683630:
6202104190641320009354396:
6202104190641350009331048:
6202104190641380009342034:
6202104190641400009335539:
6202104190642130008501852:
6202104190642440008512035:
6202104190642460006024122:
6202104190642480008496191:
6202104190642530000431430:
6202104190643080009285513:
6202104190643120008503532:
6202104190643360006039972:
6202104190643390009226399:
6202104190643410009339274:
6202104190644010008493676:
6202104190644050009307131:
6202104190644080006039991:
6202104190644110009326647:
6202104190644550009335560:
6202104190645030006028762:
6202104190645310008707911:
6202104190645320009232350:
6202104190645340008497528:
6202104190645380009232350:
6202104190645500009310978:
6202104190645520009324879:
6202104190646100008693892:
6202104190646150009340817:
6202104190646260003117204:
6202104190646270009324614:
6202104190646310008517815:
6202104190646340008510716:
6202104190646370009327616:
6202104190646420008689537:
6202104190646440008677903:
6202104190646470009226946:
6202104190647080009335491:
6202104190647110008708003:
6202104190647140000442316:
6202104190647290009305197:
6202104190647310008716625:
6202104190647400009354625:
6202104190647480009342998:
6202104190647510008500109:
6202104190648000009247694:
6202104190648040004046800:
6202104190648240009236846:
6202104190648280007395627:
6202104190648320009232352:
6202104190648360008680900:
6202104190648400006039995:
6202104190648450009254191:
6202104190648520008497774:
6202104190648570008676957:
6202104190648590008710216:
6202104190649010008499556:
6202104190649050008508521:
6202104190649080006039674:
6202104190649120008509792:
6202104190649160001096293:
6202104190649210009348729:
6202104190649410008711445:
6202104190649450008499165:
6202104190649491513628066:
6202104190649580008683421:
6202104190650010009299555:
6202104190650040006030480:
6202104190650070008503089:
6202104190650130006040154:
6202104190650320008686680:
6202104190650440008518703:
6202104190651050006014341:
6202104190651070003916932:
6202104190651100008514116:
6202104190651120009348566:
6202104190651150009340470:
6202104190651160008506434:
6202104190651180006024088:
6202104190651200000424007:
6202104190651260009339254:
6202104190651340008517323:
6202104190651410008507639:
6202104190651470008712785:
6202104190651490008445992:
6202104190651530007413854:
6202104190651570009352010:
6202104190652010008495972:
6202104190652040008515578:
6202104190652070009339915:
6202104190652100008698121:
6202104190652120009226817:
6202104190652150006026834:
6202104190652170009240520:
6202104190652190009339277:
6202104190652210008492754:
6202104190652230001077087:
6202104190652250008516658:
6202104190652260008443266:
6202104190652290009350096:
6202104190652320009337945:
6202104190652350008712381:
6202104190652390008446178:
6202104190652430009232613:
6202104190652450007421269:
6202104190652470008681357:
6202104190652500009273013:
6202104190652520008699273:
6202104190652550008492480:
6202104190652570008499108:
6202104190653000009353030:
6202104190653020009339195:
6202104190653030009324629:
6202104190653050009346055:
6202104190653080008492410:
6202104190653090009330829:
6202104190653120009326626:
6202104190653140008709659:
6202104190653160009343384:
6202104190653180007406670:
6202104190653190009308083:
6202104190653220000439530:
6202104190653240009342142:
6202104190653280003137972:
6202104190653290003126147:
6202104190653310006039675:
6202104190653330009299920:
6202104190653360002851460:
6202104190653390008500142:
6202104190653430001083945:
6202104190653440009226385:
6202104190653470008712416:
6202104190653500009352016:
6202104190653580001087528:
6202104190654010009323446:
6202104190654060009343432:
6202104190654140008696388:
6202104190654190008498240:
6202104190654230009275948:
6202104190654320008517496:
6202104190654340008497935:
6202104190654390008501795:
6202104190654410008492549:
6202104190654450009339792:
6202104190654470009326609:
6202104190654490009354699:
6202104190654520009324637:
6202104190654540001114611:
6202104190654560008508964:
6202104190655010008512859:
6202104190655030009251764:
6202104190655050003132773:
6202104190655060009351830:
6202104190655080008516213:
6202104190655100008681703:
6202104190655130006010458:
6202104190655150006032030:
6202104190655210004045200:
6202104190655230006029911:
6202104190655250006022159:
6202104190655280009342962:
6202104190655300007404952:
6202104190655330008715106:
6202104190655350008688282:
6202104190655360009226804:
6202104190655380007418333:
6202104190655400006020195:
6202104190655440009249489:
6202104190655460009225488:
6202104190655480003892332:
6202104190655500006018006:
6202104190655530008711892:
6202104190655560006028451:
6202104190655580007417231:
6202104190656000008683912:
6202104190656020008709488:
6202104190656040008693920:
6202104190656060008498971:
6202104190656090009351964:
6202104190656120008717268:
6202104190656140009340813:
6202104190656160009354582:
6202104190656170008702658:
6202104190656190000442287:
6202104190656210009342940:
6202104190656230008714113:
6202104190656250009294602:
6202104190656270006022003:
6202104190656280006037924:
6202104190656300008689470:
6202104190656310008499840:
6202104190656340008429633:
6202104190656360008509407:
6202104190656380008493689:
6202104190656400009342981:
6202104190656410009336959:
6202104190656440008699992:
6202104190656470008699485:
6202104190656490006027344:
6202104190656510009337006:
6202104190656540009325535:
6202104190657050008677569:
6202104190657070009240533:
6202104190657100008500888:
6202104190657120008506074:
6202104190657150009354581:
6202104190657170009346685:
6202104190657210009354825:
6202104190657250009303097:
6202104190657270008501942:
6202104190657290009277817:
6202104190657310006025806:
6202104190657350008512397:
6202104190657380009348603:
6202104190657400007419034:
6202104190657420009326648:
6202104190657430008689564:
6202104190657450009311591:
6202104190657470008500889:
6202104190657490004178213:
6202104190657510009233704:
6202104190657530008491901:
6202104190657560009230793:
6202104190657590008508589:
6202104190658000008513654:
6202104190658020006039337:
6202104190658040007409900:
6202104190658070008705617:
6202104190658090009226789:
6202104190658110009226429:
6202104190658210000424146:
6202104190658230008679943:
6202104190658340009324138:
6202104190658370007421209:
6202104190658390008500597:
6202104190658410006015460:
6202104190658430008506912:
6202104190658450009254167:
6202104190658460009324606:
6202104190658480008511515:
6202104190658490008499149:
6202104190658510009354460:
6202104190658520006025807:
6202104190658540009354349:
6202104190658560006025807:
6202104190658570009343174:
6202104190659000008516772:
6202104190659020008503907:
6202104190659050006019432:
6202104190659080008704323:
6202104190659090008507829:
6202104190659120008715034:
6202104190659140008692560:
6202104190659210008701103:
6202104190659340008712134:
6202104190659380008704914:
6202104190659400004158333:
6202104190700120003137754:
6202104190700190006036997:
6202104190700290008503789:
6202104190700400006036876:
6202104190700550006033720:
6202104190701060009346058:
6202104190701120009240516:
6202104190701180008715630:
6202104190701310008510316:
6202104190701500009325528:
6202104190702040008500567:
6202104190704300008691906:
6202104190705280009226809:
6202104190711590006029906:
6202104190712140008508655:
6202104190716370009309504:
6202104190801350007411315:
6202104190853550009290471:
6202104190928300009275624:
6202104191258510006039675:
6202104191616400009310727:
6202104191723120008505489:
6202104191726030008493028:
6202104191728540009278607:
6202104191728580009225488:
6202104191729000008709374:
6202104191729030008709659:
6202104191729040009226946:
6202104191729090008711445:
6202104191729110009226946:
6202104191729130006016276:
6202104191729150008688767:
6202104191729170009351964:
6202104191729190006037924:
6202104191729210008696238:
6202104191729230009247696:
6202104191729250008503907:
6202104191729270008509948:
6202104191729290008516213:
6202104191729310008691906:
6202104191729331513628066:
6202104191729370008703345:
6202104191729400008498971:
6202104191729420008714837:
6202104191729440009354581:
6202104191729450008514116:
6202104191729470008517815:
6202104191729500008507639:
6202104191729531513628066:
6202104191729550008506434:
6202104191729580009350096:
6202104191729590008718055:
6202104191730010006039972:
6202104191730030009321707:
6202104191730060006028762:
6202104191730110009339274:
6202104191730130008513654:
6202104191730160009233704:
6202104191730170008500109:
6202104191730190009307131:
6202104191730200007395592:
6202104191730220009348566:
6202104191730240008499840:
6202104191730260009226804:
6202104191730270008716625:
6202104191730310009299555:
6202104191730330006025806:
6202104191730350009326609:
6202104191730360009326647:
6202104191730380009232375:
6202104191730400008692032:
6202104191730420009233737:
6202104191730430008707174:
6202104191730450009354825:
6202104191730460009321321:
6202104191730480008695597:
6202104191730490008707174:
6202104191730510006018008:
6202104191730520008711892:
6202104191730540008498240:
6202104191730580009273013:
6202104191731000008707911:
6202104191731020008498240:
6202104191731040003137991:
6202104191731060008508655:
6202104191731080006028451:
6202104191731090009226789:
6202104191731110006022158:
6202104191731130009232350:
6202104191731140008497528:
6202104191731170009230793:
6202104191731190009340801:
6202104191731210008684967:
6202104191731230006040360:
6202104191731250008689564:
6202104191731260009335560:
6202104191731270007417231:
6202104191731370008500597:
6202104191731400008678678:
6202104191731420008683421:
6202104191731431513653821:
6202104191731450008681703:
6202104191731480008692290:
6202104191731500001114611:
6202104191731520009226821:
6202104191731540008508964:
6202104191731560007418333:
6202104191731570008499108:
6202104191731580008689470:
6202104191732000007421209:
6202104191732100009254169:
6202104191732210008508521:
6202104191733130009325536:
6202104191733510008707413:
6202104191734130000431430:
6202104191734320009309504:
6202104191734410009305197:
6202104191736100009343364:
6202104191736380008688253:
6202104191736480008677569:
6202104191737380006022159:
6202104191737490008515910:
6202104191738060009254000:
6202104191738090006014349:
6202104191738500009234066:
6202104191738580008715034:
6202104191741440002851460:
6202104191741560007409900:
6202104191743290008697841:
6202104191744460008512035:
6202104191748450009349952:
6202104191756500008680900:
6202104191803060008495838:
6202104191807230004046800:
6202104191954270004158333:
6202104191956020007407502:
6202104192009030009342940:
6202104192033480009343364:
6202104192037360009322701:
6202104192037370008689537:
6202104192037400008696388:
6202104192040150009274874:
6202104192045490008501852:
6202104192059110006014349:
6202104192103500007395593:
6202104192105220006039807:
6202104192105240009233697:
6202104192116450009247684:
6202104192128270008688282:
6202104192128310009308083:
6202104192129030009340470:
6202104192129100008514276:
6202104192129130009340470:
6202104192129160009254212:
6202104192129190008702658:
6202104192129200009330829:
6202104192129230009348729:
6202104192129260008503089:
6202104192129320009346367:
6202104192129360009353030:
6202104192129380008680648:
6202104192129400008506597:
6202104192129450009354391:
6202104192129490009343149:
6202104192129510003132773:
6202104192129530009346033:
6202104192129550009324574:
6202104192129560009342954:
6202104192129590008516658:
6202104192130010009281874:
6202104192130040008694707:
6202104192130060009343383:
6202104192130080009322590:
6202104192130100008510316:
6202104192130110009240520:
6202104192130130008515734:
6202104192130140009331048:
6202104192130160003892332:
6202104192130170009354396:
6202104192130190009338161:
6202104192130220008686680:
6202104192130240009340816:
6202104192130250003116965:
6202104192130270008499149:
6202104192130280008712785:
6202104192130300008689944:
6202104192130320009232613:
6202104192130330008690224:
6202104192130350008689944:
6202104192130360008497935:
6202104192130380009324637:
6202104192130400009324614:
6202104192130410006018006:
6202104192130430009333812:
6202104192130440004045200:
6202104192130460009234457:
6202104192130470001083945:
6202104192130490009343174:
6202104192130500009327616:
6202104192130520009343174:
6202104192130540008510716:
6202104192130550008504275:
6202104192130570008512397:
6202104192130580006027609:
6202104192131000009346345:
6202104192131020008506074:
6202104192131040009346345:
6202104192131060008443266:
6202104192131070006025807:
6202104192131080008503789:
6202104192131100009298435:
6202104192131120006039674:
6202104192131130006039995:
6202104192131150007406867:
6202104192131170008509407:
6202104192131180008493689:
6202104192131200008509407:
6202104192131210006028799:
6202104192131230009311591:
6202104192131240009337945:
6202104192131250009240516:
6202104192131270006014341:
6202104192131290003137945:
6202104192131310007419418:
6202104192131330008517323:
6202104192131340008698315:
6202104192131360009236820:
6202104192131370006026834:
6202104192131390008493340:
6202104192131410009226959:
6202104192131430006032030:
6202104192131450006039991:
6202104192131460009310978:
6202104192131480006039991:
6202104192131490008683630:
6202104192131520009252946:
6202104192131530007419034:
6202104192131550008513101:
6202104192131560008501795:
6202104192131580007404952:
6202104192132000008512859:
6202104192132020001077087:
6202104192132030004166400:
6202104192132050009342142:
6202104192132070006024088:
6202104192132100008518128:
6202104192132120009303097:
6202104192132130009283932:
6202104192132150009247694:
6202104192132180009254191:
6202104192132200006033720:
6202104192132220008497774:
6202104192132230006027344:
6202104192132250009277510:
6202104192132270009325528:
6202104192132310009232653:
6202104192132330008704914:
6202104192132340009325528:
6202104192132360009252945:
6202104192132370004178213:
6202104192132390008713215:
6202104192132410008509836:
6202104192132420007413854:
6202104192132440008492480:
6202104192132450009326658:
6202104192132470001087528:
6202104192132480008715839:
6202104192132500008491901:
6202104192132510007413854:
6202104192132530007404980:
6202104192132540003916932:
6202104192132560009291036:
6202104192132580008516772:
6202104192133000009354699:
6202104192133020007395627:
6202104192133040006014993:
6202104192133090008494201:
6202104192133100009226817:
6202104192133120006024122:
6202104192133180007419049:
6202104192133200009326438:
6202104192133240009346063:
6202104192133270008712416:
6202104192133300008705617:
6202104192133320009335539:
6202104192133340008493676:
6202104192133360008446178:
6202104192133380009296138:
6202104192133430006036876:
6202104192133450009233736:
6202104192133470009299920:
6202104192133590006028797:
6202104192134120002851459:
6202104192134230006039337:
6202104192134250002851459:
6202104192134300008512784:
6202104192135060007421269:
6202104192136260008509792:
6202104192138120009277817:
8202104190632480009231425:
8202104190635270008511681:
8202104190640460008504234:
8202104190641120007396382:
8202104190642210008513100:
8202104190643520008495426:
8202104190644480009339834:
8202104190644500003132772:
8202104190644540008708560:
8202104190644590002851485:
8202104190645161513631613:
8202104190645260008500626:
8202104190645290003116965:
8202104190646450006040155:
8202104190648590006031529:
8202104190649190009351814:
8202104190650000008677438:
8202104190650040007406683:
8202104190650130006037029:
8202104190650330006036504:
8202104190650360006028960:
8202104190650400006027612:
8202104190651370009273291:
8202104190652380009298435:
8202104190652410008710875:
8202104190652530000424545:
8202104190654110009339930:
8202104190654440009346345:
8202104190655010009289801:
8202104190655070006028799:
8202104190655540009327620:
8202104190656170008686117:
8202104190657270006016091:
8202104190657380009326617:
8202104190657440008679170:
8202104190657460008500083:
8202104190658360009342978:
8202104190659280007395601:
8202104190940520009348376:
8202104191649350007397755:
8202104191729090009298206:
8202104191729110008709488:
8202104191729130009351814:
8202104191729180009337903:
8202104191729200009342962:
8202104191729220001077425:
8202104191729230008708992:
8202104191729260001077425:
8202104191729280008501349:
8202104191729300008712381:
8202104191729320006021964:
8202104191729350009322614:
8202104191729380009233695:
8202104191729400009339837:
8202104191729420007401131:
8202104191729430009273291:
8202104191729450008710875:
8202104191729470009327620:
8202104191729490009226448:
8202104191729580008501953:
8202104191730000009339144:
8202104191730050004169060:
8202104191730060009339144:
8202104191730080009346364:
8202104191730090003126356:
8202104191730120009341788:
8202104191730130006027345:
8202104191730140009326648:
8202104191730160006015460:
8202104191730180008507829:
8202104191730200009296645:
8202104191730210006036997:
8202104191730241513631101:
8202104191730250009346685:
8202104191730270007406670:
8202104191730280008517783:
8202104191730300003126380:
8202104191730320008495556:
8202104191730340009225508:
8202104191730360007421253:
8202104191730370008499867:
8202104191730390007396382:
8202104191730420009305260:
8202104191730430006040155:
8202104191730450006039974:
8202104191730470009321481:
8202104191730500008681357:
8202104191730520009246199:
8202104191730530009234249:
8202104191730541513631613:
8202104191730560009340450:
8202104191730580008677259:
8202104191731000008429633:
8202104191731020008493895:
8202104191731030008499706:
8202104191731050009234466:
8202104191731060009348608:
8202104191731100006021988:
8202104191731120008513100:
8202104191731170009286387:
8202104191731200008681212:
8202104191731210009326617:
8202104191731230009343430:
8202104191731250009354827:
8202104191731270008512783:
8202104191731290006041088:
8202104191731310009327613:
8202104191731330009289801:
8202104191731350008708560:
8202104191731370006039973:
8202104191731390006019432:
8202104191731420009283252:
8202104191731440008510188:
8202104191731460006013128:
8202104191731490006027612:
8202104191731510009340819:
8202104191731570006020220:
8202104191731590009232352:
8202104191732020009348776:
8202104191732040008677438:
8202104191732060009324572:
8202104191732100001083930:
8202104191732130001103793:
8202104191732150008496149:
8202104191732160009339834:
8202104191732180002854367:
8202104191732240009346181:
8202104191732260009324605:
8202104191732290003132772:
8202104191732310009343593:
8202104191732360008695694:
8202104191732440006033000:
8202104191732500009282830:
8202104191732570007404978:
8202104191733460009324076:
8202104191734580008500567:
8202104191738580009234484:
8202104191739090006029911:
8202104191740580002851485:
8202104191741080008512375:
8202104191745590009225500:
8202104191755010009341742:
8202104191755150008500083:
8202104191755160008679170:
8202104191756400008506912:
8202104191758170009273437:
8202104191801190008677903:
8202104191806400009295454:
8202104191834030008708048:
8202104192029560008515848:
8202104192051420004179142:
8202104192057290008686117:
8202104192059210009341511:
8202104192059440009279494:
8202104192059530007409909:
8202104192100330004179293:
8202104192100350006028960:
8202104192100370006036504:
8202104192100530004163548:
8202104192101090009294586:
8202104192101230006021991:
8202104192101250008511681:
8202104192101270006016091:
8202104192101290008499675:
8202104192101300009246201:
8202104192101350008500142:
8202104192101540008504234:
8202104192101580008495426:
8202104192102160009339204:
8202104192104360008426949:
8202104192130030007402498:
8202104192130120006039129:
8202104192133250008697764:
