2202104260009250008503532:
2202104260009470009285513:
2202104260009590008692450:
2202104260000031513637915:
2202104260008110009322683:
2202104260008430009324107:
2202104260008500009321334:
2202104260008520006019064:
2202104260008540008697836:
2202104260008550008694659:
2202104260009020007402194:
2202104260009050009225507:
2202104260009070006021871:
2202104260009120007414046:
2202104260009150009342958:
2202104260009170009354001:
2202104260009190008691017:
2202104260009210009339795:
2202104260009240009253842:
2202104260009310008517932:
2202104260000490009225494:
2202104260000520009252984:
2202104260010520007410282:
2202104260011160009281814:
2202104260011170009297056:
2202104260014120007410385:
2202104260035250009324119:
2202104260050040000442293:
2202104260059580007422376:
2202104260102010009230785:
2202104260102040009225522:
2202104260102080008497795:
2202104260102110008676811:
2202104260102140008506797:
2202104260102170008493286:
2202104260102200009225495:
2202104260102250009342959:
2202104260102290008519522:
2202104260102310007421212:
2202104260102370008690529:
2202104260102420006036993:
2202104260102430008510090:
2202104260102460009346290:
2202104260102490000439539:
2202104260102510009254229:
2202104260103030009339803:
2202104260103140009294273:
2202104260103160008692742:
2202104260103180008495616:
2202104260103210008709393:
2202104260114450009343364:
2202104260115131513641316:
2202104260115560001122092:
2202104260116010009234247:
2202104260126530008497463:
2202104260127130007402523:
2202104260127150007398914:
2202104260635480008687593:
2202104260640180006039969:
2202104260640290009296138:
2202104260641350009314377:
2202104260641410007402523:
2202104260641580009324831:
2202104260642050009226392:
2202104260642550009225506:
2202104260643150009346707:
2202104260643400008504268:
2202104260644050009232651:
2202104260644300009348566:
2202104260644551513645885:
2202104260646090006012153:
2202104260646200009305260:
2202104260646290009342996:
2202104260646350009339273:
2202104260647110009230781:
2202104260647200009343374:
2202104260647250008517932:
2202104260647360008704021:
2202104260647590003137990:
2202104260648340008499782:
2202104260648380003137990:
2202104260648410008692450:
2202104260649360008503789:
2202104260649410007411321:
2202104260649570008493689:
2202104260650080009338814:
2202104260650150008717044:
2202104260650180008698279:
2202104260650200008704200:
2202104260650220008499075:
2202104260650410009234480:
2202104260650460009226817:
2202104260650530009322683:
2202104260651180009339812:
2202104260651220006027345:
2202104260651330009354576:
2202104260651360008506376:
2202104260651440009234236:
2202104260651560009344572:
2202104260652010008495972:
2202104260652030001096293:
2202104260652100009339839:
2202104260652120006040284:
2202104260652150006028292:
2202104260652160009346173:
2202104260652180007421252:
2202104260652200009351958:
2202104260652210009287011:
2202104260652280000424165:
2202104260652320008503915:
2202104260652540008509708:
2202104260652580009297574:
2202104260653000009234467:
2202104260653020008509708:
2202104260653400008493286:
2202104260653460009326645:
2202104260653500004180013:
2202104260653570008494656:
2202104260654000009346170:
2202104260654030009230780:
2202104260654060008512362:
2202104260654080009226965:
2202104260654090009236809:
2202104260654130001088073:
2202104260654150008509370:
2202104260654180009253842:
2202104260654200009354401:
2202104260654210008495037:
2202104260654230008513950:
2202104260654250009323985:
2202104260654310008706878:
2202104260654440003126383:
2202104260654500008676811:
2202104260654520009254229:
2202104260654550009340820:
2202104260654570009275948:
2202104260655060009351833:
2202104260655080009346055:
2202104260655100009346180:
2202104260655140002854367:
2202104260655160009327564:
2202104260655180008515081:
2202104260655220009234457:
2202104260655240009343592:
2202104260655330008511222:
2202104260655440008508587:
2202104260655560009348762:
2202104260655590006039671:
2202104260656020009351998:
2202104260656060009346362:
2202104260656080009247716:
2202104260656140006024741:
2202104260656180003892332:
2202104260656290003920040:
2202104260656310009225507:
2202104260656361513626317:
2202104260656380001087528:
2202104260656410009253719:
2202104260656510007402194:
2202104260656530009232378:
2202104260656560008695667:
2202104260656580009324085:
2202104260657000008443266:
2202104260657020001097762:
2202104260657040008504457:
2202104260657060009249499:
2202104260657080008507561:
2202104260657200009254206:
2202104260657220009342035:
2202104260657250008501942:
2202104260657270008491998:
2202104260657290009301551:
2202104260657310008500167:
2202104260657320006016276:
2202104260657380009351768:
2202104260657400009279481:
2202104260657430001083110:
2202104260657460009346290:
2202104260657490009225523:
2202104260657510009346376:
2202104260657530009346353:
2202104260657540009230785:
2202104260657560009225522:
2202104260657580003126145:
2202104260657590009339144:
2202104260658010009326435:
2202104260658140009352009:
2202104260658160008517783:
2202104260658180008506074:
2202104260658260009339795:
2202104260658320009342034:
2202104260658340006039973:
2202104260658360008507829:
2202104260658400008694659:
2202104260658420009321395:
2202104260658430009341030:
2202104260658510008699273:
2202104260658560008692560:
2202104260658570007398914:
2202104260659000009283932:
2202104260659020009324604:
2202104260659040009225495:
2202104260659160001122092:
2202104260659440008510090:
2202104260659460004169060:
2202104260659530007410385:
2202104260700130008501741:
2202104260700150008492121:
2202104260700170008493366:
2202104260700190009232355:
2202104260700200008699143:
2202104260700250004178213:
2202104260700280007414082:
2202104260700310009339824:
2202104260700340009280051:
2202104260700440008696238:
2202104260700500009299920:
2202104260700520009286616:
2202104260700540009246201:
2202104260700570009346708:
2202104260701000008718216:
2202104260701020007400852:
2202104260701280001077425:
2202104260701310006037288:
2202104260702590006021871:
2202104260703290008499631:
2202104260703540009339803:
2202104260704000008516772:
2202104260708050009230795:
2202104260725480000439539:
2202104260726080009324119:
2202104260738570009253980:
2202104260800200007422376:
2202104260809450009302380:
2202104260823031513641316:
2202104261437150008499075:
2202104261535260009294273:
2202104261727080001100446:
2202104261729190009321319:
2202104261729240009225488:
2202104261729350009234240:
2202104261729430008507377:
2202104261729520009307131:
2202104261729590009324637:
2202104261730030008688767:
2202104261730050008695694:
2202104261730090009273013:
2202104261730120008678678:
2202104261730130008696238:
2202104261730150009343149:
2202104261730170008497528:
2202104261730190009348566:
2202104261730210003132773:
2202104261730230009310954:
2202104261730260006735075:
2202104261730280009342981:
2202104261730320009346033:
2202104261730330008513101:
2202104261730350008508290:
2202104261730370008707413:
2202104261730390008510316:
2202104261730410008517815:
2202104261730431513653821:
2202104261730460009342034:
2202104261730480008690794:
2202104261730510008493217:
2202104261730530008501833:
2202104261730560009275948:
2202104261731020006013128:
2202104261731050009297868:
2202104261731080009326609:
2202104261731100009297868:
2202104261731110008503907:
2202104261731150008508589:
2202104261731190008494201:
2202104261731220008695667:
2202104261731230008689564:
2202104261731270009324068:
2202104261731290008689564:
2202104261731320008699143:
2202104261731340009283932:
2202104261731370009343593:
2202104261731400009286616:
2202104261731420001096293:
2202104261731440008496191:
2202104261731460001114611:
2202104261731480004169060:
2202104261731500001083930:
2202104261731520008493340:
2202104261731550008695597:
2202104261731570009351768:
2202104261732160004163548:
2202104261732190009287011:
2202104261732250009305260:
2202104261732280007395601:
2202104261732430008508587:
2202104261733420009301551:
2202104261733490009248259:
2202104261734060002851799:
2202104261734080009339828:
2202104261735360008501942:
2202104261735570009234487:
2202104261736380009340483:
2202104261738030008497657:
2202104261741330009232651:
2202104261744470007405149:
2202104261745400003915458:
2202104261750170009340499:
2202104261750190008514966:
2202104261750410008508326:
2202104261753550009234486:
2202104261756520009346364:
2202104261758350009254191:
2202104261801060001087528:
2202104261811430008503721:
2202104261827550008696894:
2202104261858120006022855:
2202104261915220006016277:
2202104261937200008503824:
2202104262021160004181482:
2202104260527160009349952:
2202104262029100007406867:
2202104262029120008692560:
2202104262029140009232350:
2202104262029180009232653:
2202104262029200009240533:
2202104262029220007419049:
2202104262029240008518128:
2202104262030020009253719:
2202104262030060006018008:
2202104262030210009351964:
2202104262030240003892332:
2202104262030260006033720:
2202104262030360009348608:
2202104262030500008712416:
2202104262030520008677903:
2202104262030550008503789:
2202104262030570009342978:
2202104262031070006026834:
2202104262031110008678308:
2202104262031130003116965:
2202104262031160009246202:
2202104262031170006022158:
2202104262031240008509836:
2202104262031270003137754:
2202104262031290009346055:
2202104262031310008701274:
2202104262031330008680648:
2202104262031350009325511:
2202104262031370008504457:
2202104262031390008702698:
2202104262031400008514437:
2202104262031420009226816:
2202104262031440009231425:
2202104262031460008514276:
2202104262031470009327564:
2202104262031500009346367:
2202104262031520008681103:
2202104262031540008495972:
2202104262031560008711892:
2202104262031580009348376:
2202104262032010009346063:
2202104262032120006023085:
2202104262032130009346063:
2202104262032160009308083:
2202104262032180009335560:
2202104262032200000424007:
2202104262032220000431430:
2202104262032260008497935:
2202104262032430008516772:
2202104262032510009354391:
2202104262033010007418333:
2202104262034050006039129:
2202104262034220008496471:
2202104262034590009225522:
2202104262035360009281928:
2202104262035400006027612:
2202104262051410007402498:
2202104262123240006039969:
2202104262128050006039969:
2202104262139320009339795:
2202104262153410009324119:
2202104262232580009324604:
3202104260632470008501288:
3202104260635000009226399:
3202104260638440008698286:
3202104260638490008692290:
3202104260638520009291327:
3202104260640310009234248:
3202104260640500009339211:
3202104260640550009232350:
3202104260641460009234108:
3202104260642250008715839:
3202104260642590009326647:
3202104260644510006039129:
3202104260645090008677300:
3202104260645240008445992:
3202104260645280006023085:
3202104260645330009351758:
3202104260645380008492638:
3202104260645430006029910:
3202104260648070009339837:
3202104260648100009322614:
3202104260648360008681103:
3202104260648390008687514:
3202104260648460008697764:
3202104260648510008691341:
3202104260649010009322602:
3202104260649070009350096:
3202104260649110009236868:
3202104260649410009252962:
3202104260649450008711197:
3202104260649480009295891:
3202104260649570003137991:
3202104260650010008685403:
3202104260650140008695330:
3202104260650191513653821:
3202104260650220008711152:
3202104260650250008713928:
3202104260650270006030484:
3202104260650290001103793:
3202104260650330008680280:
3202104260650380009354344:
3202104260650410008503789:
3202104260650460001087543:
3202104260650480008502984:
3202104260650590008513101:
3202104260651010003117204:
3202104260651050008498170:
3202104260651090008494092:
3202104260651270006040154:
3202104260651320008709374:
3202104260651500003137967:
3202104260652000008703693:
3202104260652020009299255:
3202104260652040009284852:
3202104260652070007419418:
3202104260652110008501480:
3202104260652140006022433:
3202104260652170008680900:
3202104260652190009226385:
3202104260652220008680442:
3202104260652250006024859:
3202104260652310006029906:
3202104260652350009278449:
3202104260652370008712381:
3202104260652420003137966:
3202104260652450009342998:
3202104260652530009327615:
3202104260653060009310033:
3202104260653120009346367:
3202104260653150009226448:
3202104260653190008698121:
3202104260653240009326650:
3202104260653280008697156:
3202104260653310009300618:
3202104260653330008714702:
3202104260653360008707174:
3202104260653400008505037:
3202104260653420009352010:
3202104260653450009282830:
3202104260653470009234486:
3202104260653490000442316:
3202104260653510006039541:
3202104260653530008517323:
3202104260653580009339802:
3202104260653590008711249:
3202104260654100009226816:
3202104260654260008512000:
3202104260654300008492549:
3202104260654320008492065:
3202104260654410008680648:
3202104260654460006030480:
3202104260654530009343149:
3202104260654570008689564:
3202104260655000008678678:
3202104260655030008690203:
3202104260655060008681703:
3202104260655170009324068:
3202104260655210006032999:
3202104260655220009325511:
3202104260655300008493217:
3202104260655330009336959:
3202104260655380008702698:
3202104260655430009340812:
3202104260655480008711892:
3202104260655510006018008:
3202104260656130009348542:
3202104260656160008500378:
3202104260656190009254167:
3202104260656210009343383:
3202104260656230008676957:
3202104260656260009273013:
3202104260656280009342954:
3202104260656310009331842:
3202104260656330009322701:
3202104260656360008717268:
3202104260656380009232375:
3202104260656410008699485:
3202104260656450008692032:
3202104260656470008692811:
3202104260656530009351964:
3202104260657060008516658:
3202104260657100006041721:
3202104260657120008697063:
3202104260657270006014341:
3202104260657330008681357:
3202104260657490009233695:
3202104260657510009326604:
3202104260657560006019317:
3202104260658220008514437:
3202104260658260009225488:
3202104260658330009321321:
3202104260658370009326648:
3202104260658420008514966:
3202104260658440008688253:
3202104260658490009254169:
3202104260659060008688767:
3202104260659280008679943:
3202104260659300008493770:
3202104260659340009346033:
3202104260700260009231455:
3202104260700360003137964:
3202104260700550008699143:
3202104260701110008704360:
3202104260701170008518095:
3202104260702300009293880:
3202104260702470008506597:
3202104260703130007402196:
3202104260704080008698795:
3202104261534520009282830:
3202104261632180008517496:
3202104261634200009303427:
3202104261728530006041721:
3202104261729010008516658:
3202104261729030009284852:
3202104261729040008500626:
3202104261729060009339195:
3202104261729080009253739:
3202104261729100006029911:
3202104261729120009309829:
3202104261729140008717268:
3202104261729160009340813:
3202104261729170006019317:
3202104261729190000442287:
3202104261729210009324637:
3202104261729230009324574:
3202104261729260008678678:
3202104261729280008699485:
3202104261729310000442316:
3202104261729330009346020:
3202104261729350009343149:
3202104261729370003132773:
3202104261729390003137967:
3202104261729410009340812:
3202104261729450008699273:
3202104261729490008680280:
3202104261729510008513101:
3202104261729530009322701:
3202104261729550009234248:
3202104261729571513653821:
3202104261729590009324138:
3202104261730010003137963:
3202104261730030008697156:
3202104261730050003137963:
3202104261730070009226448:
3202104261730080006022003:
3202104261730100008704323:
3202104261730120008704360:
3202104261730140008501480:
3202104261730160009326647:
3202104261730180003137966:
3202104261730200009326609:
3202104261730250008695330:
3202104261730270008689470:
3202104261730280006022433:
3202104261730320008692811:
3202104261730340008498170:
3202104261730370008715839:
3202104261730400008714113:
3202104261730450008699143:
3202104261730480008714113:
3202104261730510008499556:
3202104261730530008707911:
3202104261730540009340801:
3202104261730560008707911:
3202104261730580009354825:
3202104261731010001096293:
3202104261731020009354802:
3202104261731050003126356:
3202104261731090008692032:
3202104261731120008697063:
3202104261731140008710216:
3202104261731160008679943:
3202104261731190009300618:
3202104261731210001103793:
3202104261731240000424167:
3202104261731260006030480:
3202104261731270008500142:
3202104261731300009340470:
3202104261731320008690234:
3202104261731350007402196:
3202104261731380008688253:
3202104261731400009226821:
3202104261731410009343383:
3202104261731440009352016:
3202104261731460008493770:
3202104261731520008698286:
3202104261731550008681703:
3202104261732000009354344:
3202104261732040009354582:
3202104261732070001087543:
3202104261732130008701103:
3202104261732200003126147:
3202104261732250008692290:
3202104261732290009323999:
3202104261732530008698315:
3202104261733040008696388:
3202104261733070009254169:
3202104261733260008677829:
3202104261733300009251764:
3202104261733350009326604:
3202104261734070008693150:
3202104261734470009233722:
3202104261736330008508352:
3202104261737000009310033:
3202104261737550008698121:
3202104261738120009293880:
3202104261738150008503489:
3202104261740200009354625:
3202104261741220009231455:
3202104261741250009299255:
3202104261742510006020195:
3202104261743540006026835:
3202104261743570007405149:
3202104261748400008496431:
3202104261749310009354581:
3202104261750480008495838:
3202104261806360009291061:
3202104261815180008494092:
3202104261830330001077425:
3202104261847020009226399:
3202104261941380009253980:
3202104262000030009234066:
3202104262000160009254000:
3202104262020000008677300:
3202104262024490008498988:
3202104262028420008677773:
3202104262028450008703693:
3202104262029070009326626:
3202104262029090009343384:
3202104262029110003137964:
3202104262029130009326650:
3202104262029190008712381:
3202104262029240008505037:
3202104262029270009339254:
3202104262029290008709374:
3202104262029320009323446:
3202104262029350009324879:
3202104262029380008699992:
3202104262029420000424146:
3202104262029440008691341:
3202104262029470009306586:
3202104262029500008690203:
3202104262029520008494427:
3202104262029530008693920:
3202104262029560000439530:
3202104262029590009350096:
3202104262030030008708003:
3202104262030040008692117:
3202104262030060008500889:
3202104262030080008501288:
3202104262030100008709488:
3202104262030120008500889:
3202104262030140009336959:
3202104262030160009342962:
3202104262030170009336959:
3202104262030180000439530:
3202104262030200009330829:
3202104262030220008711892:
3202104262030280009321707:
3202104262030340008710875:
3202104262030360008711892:
3202104262030380009335560:
3202104262030450008514276:
3202104262030520003137991:
3202104262030540009348748:
3202104262030560009326438:
3202104262030580008680442:
3202104262030590009327615:
3202104262031020009331842:
3202104262031030008681103:
3202104262031050009226816:
3202104262031070008687514:
3202104262031090006023085:
3202104262031110008502984:
3202104262031130008714702:
3202104262031150000424007:
3202104262031220008445992:
3202104262031240008507829:
3202104262031250008707174:
3202104262031270000424007:
3202104262031290008707174:
3202104262031310006023085:
3202104262031320009308083:
3202104262031340008512397:
3202104262031380008693892:
3202104262031400008512397:
3202104262031460009340817:
3202104262031490007419418:
3202104262031500008518095:
3202104262031520009342954:
3202104262031540009233695:
3202104262031560009354349:
3202104262031580006036994:
3202104262032010009324606:
3202104262032030009321321:
3202104262032040009322602:
3202104262032060007418333:
3202104262032070003117204:
3202104262032090006039807:
3202104262032120009339930:
3202104262032160008677259:
3202104262032190008506597:
3202104262032210006039974:
3202104262032240009339211:
3202104262032290006019432:
3202104262032310009348729:
3202104262032370009343567:
3202104262032390008494141:
3202104262032450008517783:
3202104262032470009339144:
3202104262032510009325528:
3202104262032530006015460:
3202104262033230008500888:
3202104262035240002851485:
3202104262035390009234484:
3202104262036510006029906:
3202104262037350008500378:
3202104262037410009348542:
3202104262037430009254167:
3202104262037480008676957:
3202104262038430009291036:
3202104262038460007421210:
3202104262039350007404980:
3202104262039420009252945:
4202104260633050009231425:
4202104260636030009324572:
4202104260639520009348376:
4202104260641130008513100:
4202104260642580009285513:
4202104260643160009346340:
4202104260643580009348776:
4202104260644570008679170:
4202104260645550009272601:
4202104260647400009349985:
4202104260647440006031529:
4202104260647490008677903:
4202104260647540008695694:
4202104260648000000439540:
4202104260648040009343593:
4202104260648211513653075:
4202104260648280009234484:
4202104260648340008689254:
4202104260648550009297868:
4202104260649000008429607:
4202104260649030009286387:
4202104260649190009349972:
4202104260649220009326600:
4202104260649240009294520:
4202104260649260008681212:
4202104260649300009296645:
4202104260649450009327458:
4202104260649510008493092:
4202104260649550006040155:
4202104260650140009226823:
4202104260650170008695597:
4202104260650190006027612:
4202104260650240008493340:
4202104260650270009338161:
4202104260650580009331044:
4202104260651340008689944:
4202104260651360008499706:
4202104260651400008686117:
4202104260651420008710875:
4202104260651450008500083:
4202104260651480008690224:
4202104260652010008506912:
4202104260652140008494427:
4202104260652300009354827:
4202104260652370000424545:
4202104260652420009298435:
4202104260652470009330829:
4202104260652490003116965:
4202104260652520009234249:
4202104260653070000424167:
4202104260653170015629857:
4202104260653210008698455:
4202104260653240009250787:
4202104260653250009342143:
4202104260653270009277510:
4202104260653380009236820:
4202104260653420006028799:
4202104260654090008501835:
4202104260654170009339817:
4202104260654300009225500:
4202104260654430008684967:
4202104260654450006021988:
4202104260654470009346035:
4202104260654500008496149:
4202104260654520008494924:
4202104260654530008699709:
4202104260654550008499675:
4202104260654570008494201:
4202104260654590009346181:
4202104260655010009339834:
4202104260655030009273026:
4202104260655050009342997:
4202104260655080008503532:
4202104260655100009341511:
4202104260655190009326617:
4202104260655300009249489:
4202104260655420008504275:
4202104260655501513631101:
4202104260655530008500493:
4202104260655560009341742:
4202104260655570009226797:
4202104260656070009324118:
4202104260656130008697841:
4202104260656180009346345:
4202104260656210009327620:
4202104260656230008493895:
4202104260656260009339204:
4202104260656270004179142:
4202104260656290009327613:
4202104260656310007401131:
4202104260656340008512783:
4202104260656360009342984:
4202104260656370009339821:
4202104260656390009351814:
4202104260656420008495556:
4202104260656440004025142:
4202104260656470008515848:
4202104260656480007404978:
4202104260656490009295454:
4202104260656510006039974:
4202104260656530003126356:
4202104260656550008717694:
4202104260657080006016091:
4202104260657110006042240:
4202104260657130006033000:
4202104260657360009246202:
4202104260657560009339818:
4202104260657590006020220:
4202104260658020007395601:
4202104260658040009324605:
4202104260658180009342978:
4202104260658260009342035:
4202104260658280009321481:
4202104260658330009346685:
4202104260658440008719239:
4202104260658460009343364:
4202104260659020009325498:
4202104260659060004179293:
4202104260659120001083930:
4202104260659150001088074:
4202104260659310009342982:
4202104260659340000431385:
4202104260659390008499867:
4202104260659490007409909:
4202104260659510008515910:
4202104260659530008677259:
4202104260659560009354825:
4202104260701170008512375:
4202104260701480007404980:
4202104260702070008498988:
4202104261259080009343592:
4202104261530310008699709:
4202104261535230006028799:
4202104261536170008494924:
4202104261541420008500493:
4202104261543140008681212:
4202104261543160009342982:
4202104261728290003126380:
4202104261728310009324118:
4202104261728350006021964:
4202104261728380009351814:
4202104261728390009346340:
4202104261728410009342143:
4202104261728430009225500:
4202104261728440009249489:
4202104261728460008493895:
4202104261728480008686117:
4202104261728500009340819:
4202104261728520009289801:
4202104261728530008515848:
4202104261728550009346035:
4202104261729000009339817:
4202104261729040009298206:
4202104261729070009250787:
4202104261729230009296645:
4202104261729350008515910:
4202104261729440009344572:
4202104261729450009286387:
4202104261729530007409909:
4202104261730000002854367:
4202104261730020009331044:
4202104261730040009346035:
4202104261730060009343593:
4202104261730080009326600:
4202104261730130008695667:
4202104261730170006037029:
4202104261730190009326600:
4202104261730200006037029:
4202104261730220008499675:
4202104261730240009236820:
4202104261730250008499675:
4202104261730270000424545:
4202104261730280001088074:
4202104261730300008494201:
4202104261730310009295454:
4202104261730330004169060:
4202104261730341513631101:
4202104261730360009301075:
4202104261730380006042240:
4202104261730390009349985:
4202104261730410004045200:
4202104261730430001083930:
4202104261730450009346327:
4202104261730460009234466:
4202104261730480009273026:
4202104261730500009325535:
4202104261730520008493092:
4202104261730530008689944:
4202104261730550008695597:
4202104261730570008506912:
4202104261730590008689944:
4202104261731000008493340:
4202104261731020009252962:
4202104261731030006020220:
4202104261731050008681357:
4202104261731070008429607:
4202104261731080004163548:
4202104261731100009226823:
4202104261731120008715034:
4202104261731160008719239:
4202104261731180008715034:
4202104261731210008698455:
4202104261731230008495556:
4202104261731250007401131:
4202104261731270008499706:
4202104261731290007396382:
4202104261731311513653075:
4202104261731340009339915:
4202104261731360009272601:
4202104261731380008426949:
4202104261731390006040155:
4202104261731420006022158:
4202104261731590008698795:
4202104261732010008677438:
4202104261732030009246201:
4202104261732130006024859:
4202104261732270009342953:
4202104261732300008500083:
4202104261732320008679170:
4202104261732350006041088:
4202104261733320009326648:
4202104261733590006033000:
4202104262029580008513100:
4202104262030020009243147:
4202104262030040009346058:
4202104262030060009225508:
4202104262030070000439540:
4202104262030090009342978:
4202104262030120009246202:
4202104262030130009246199:
4202104262030150008697841:
4202104262030170009321481:
4202104262030230009339818:
4202104262030250006021988:
4202104262030270009325498:
4202104262030300009327620:
4202104262030320007421253:
4202104262030340009232352:
4202104262030360003132772:
4202104262030370009352010:
4202104262030390009341013:
4202104262030410009342997:
4202104262030420000431385:
4202104262030450009341013:
4202104262030470009339837:
4202104262030490009342035:
4202104262030500009343174:
4202104262030520009339821:
4202104262030530009351958:
4202104262030550009346685:
4202104262030570009346173:
4202104262031030009311280:
4202104262031050009326617:
4202104262031110008511222:
4202104262031430009354391:
4202104262050210007402498:
5202104260000340009250799:
5202104260000370008692450:
5202104260008340009340824:
5202104260008380008706494:
5202104260008400001083110:
5202104260008470009322683:
5202104260009020008701083:
5202104260009540009339795:
5202104260000010006039671:
5202104260000030009225507:
5202104260000040009341030:
5202104260000060009321395:
5202104260000080006021871:
5202104260000090009341030:
5202104260000110009321395:
5202104260001230009252984:
5202104260031190008496310:
5202104260102470009225522:
5202104260102490008493286:
5202104260102520009230785:
5202104260103040009342959:
5202104260103060008696894:
5202104260103070008519522:
5202104260103180009342002:
5202104260103220000439539:
5202104260126390009300596:
5202104260126440009313377:
5202104260128010008512059:
5202104260128030007398914:
5202104260129490008508219:
5202104260130010008694944:
5202104260130030008495037:
5202104260130050008494333:
5202104260130070009254183:
5202104260130090008499206:
5202104260130110008499631:
5202104260130130008499206:
5202104260130200008707832:
5202104260210260009313676:
5202104260211340008439606:
5202104260211390001079288:
5202104260211430006024747:
5202104260211460008500956:
5202104260633480009246204:
5202104260635470008492636:
5202104260640050006019428:
5202104260640250009246193:
5202104260640270009226392:
5202104260640460008505489:
5202104260641110008677773:
5202104260641240008508441:
5202104260642191513628688:
5202104260643180008503198:
5202104260643580008506907:
5202104260644070006040161:
5202104260644300008439606:
5202104260645190009253995:
5202104260645340009337903:
5202104260646000009272184:
5202104260646090009254926:
5202104260646240008512059:
5202104260646550009226422:
5202104260647030006014349:
5202104260647410008707413:
5202104260647460009288638:
5202104260647540008499782:
5202104260648000006036321:
5202104260648020003137754:
5202104260648040008496191:
5202104260648070008497276:
5202104260648100009232352:
5202104260648130009337900:
5202104260648240009295891:
5202104260648270009321697:
5202104260648450006022158:
5202104260648520008680743:
5202104260648580009281874:
5202104260649010008497657:
5202104260649040009351823:
5202104260649250009303427:
5202104260649310003137970:
5202104260649350009326618:
5202104260649380009347607:
5202104260649430008499075:
5202104260649520002851459:
5202104260649580006039506:
5202104260649590008717926:
5202104260650020006024747:
5202104260650070008681883:
5202104260650100001108277:
5202104260650130008711445:
5202104260650150009339225:
5202104260650180006036993:
5202104260650200008496471:
5202104260650220004181482:
5202104260650280006040360:
5202104260650470008509407:
5202104260651170009326604:
5202104260651200001096293:
5202104260651230008718055:
5202104260651320008508546:
5202104260651350009281753:
5202104260651380008500956:
5202104260651410008500888:
5202104260651450009253997:
5202104260651480008697836:
5202104260651500009321334:
5202104260651520009287011:
5202104260651540006022439:
5202104260651570007396360:
5202104260651590009339915:
5202104260652010008698044:
5202104260652030008515734:
5202104260652040009339219:
5202104260652060008519522:
5202104260652110008499031:
5202104260652140009274874:
5202104260652170006041088:
5202104260652190006013128:
5202104260652220009282645:
5202104260652270001100446:
5202104260652310008509806:
5202104260652350008500401:
5202104260652370000442316:
5202104260652390009307295:
5202104260652490009311703:
5202104260652570008493286:
5202104260653160008494656:
5202104260653180009346063:
5202104260653200009234066:
5202104260653230009349952:
5202104260653250008509792:
5202104260653280009236903:
5202104260653320002851799:
5202104260653340008699606:
5202104260653500009248259:
5202104260653520008508219:
5202104260653550008516213:
5202104260654040008493217:
5202104260654060009336988:
5202104260654080009232187:
5202104260654100008678354:
5202104260654130008709369:
5202104260654150009311280:
5202104260654190009321362:
5202104260654220008702320:
5202104260654230009234466:
5202104260654250009351833:
5202104260654270008496310:
5202104260654290008690941:
5202104260654310009340483:
5202104260654320009346180:
5202104260654340009339797:
5202104260654360008706494:
5202104260654390009321818:
5202104260654430008496367:
5202104260654450009226946:
5202104260654470009340824:
5202104260654500006022855:
5202104260654510007419049:
5202104260654530008515447:
5202104260654550009252984:
5202104260655000009236810:
5202104260655080008508587:
5202104260655120009314286:
5202104260655140008694944:
5202104260655160008701083:
5202104260655200007418334:
5202104260655220008690529:
5202104260655240009250799:
5202104260655260008691017:
5202104260655330008683123:
5202104260655370009326612:
5202104260655380007407739:
5202104260655400008497759:
5202104260655420009246202:
5202104260655500000431412:
5202104260655510004163548:
5202104260655530006036997:
5202104260655560006021991:
5202104260656000009276908:
5202104260656010003915458:
5202104260656090006033001:
5202104260656110008504258:
5202104260656140008503489:
5202104260656160009246199:
5202104260656200006032030:
5202104260656220009339524:
5202104260656250009314167:
5202104260656280008690794:
5202104260656310008701527:
5202104260656340008702965:
5202104260656370009354001:
5202104260656390009225481:
5202104260656430009351308:
5202104260656450008507377:
5202104260656470009347747:
5202104260656490009301551:
5202104260656510008709061:
5202104260656530008500167:
5202104260656550008716113:
5202104260656570009348608:
5202104260657010009339828:
5202104260657040009226429:
5202104260657060009286624:
5202104260657080009234487:
5202104260657090003137963:
5202104260657120008707832:
5202104260657140009225522:
5202104260657150009230785:
5202104260657170006029990:
5202104260657190008710326:
5202104260657200008678308:
5202104260657220009241934:
5202104260657240008678770:
5202104260657250008493833:
5202104260657280008713719:
5202104260657290009339144:
5202104260657310009344566:
5202104260657330003109818:
5202104260657360008495161:
5202104260657400008510316:
5202104260657421513652619:
5202104260657450008509894:
5202104260657470008517783:
5202104260657490009346020:
5202104260657520006036505:
5202104260657550009233737:
5202104260657570009339795:
5202104260657590009296651:
5202104260658010009346064:
5202104260658030007421253:
5202104260658050006036316:
5202104260658060007406637:
5202104260658080009323007:
5202104260658100009234247:
5202104260658120008508352:
5202104260658140008693150:
5202104260658150009342002:
5202104260658170008695140:
5202104260658190009348748:
5202104260658210009346038:
5202104260658231513646659:
5202104260658250009303870:
5202104260658270002851478:
5202104260658280007398914:
5202104260658300007406867:
5202104260658310008509836:
5202104260658330009321326:
5202104260658340009340819:
5202104260658360009322682:
5202104260658370007402482:
5202104260658390006029911:
5202104260658411513637915:
5202104260658420008497463:
5202104260658440009240515:
5202104260658450008503721:
5202104260658470009342959:
5202104260658500008514276:
5202104260658510009276489:
5202104260658531513646659:
5202104260658550006028298:
5202104260658570006041875:
5202104260658590009298206:
5202104260659010006025806:
5202104260659020008500889:
5202104260659050009342958:
5202104260659080009234089:
5202104260659090008494333:
5202104260659110009254183:
5202104260659140009233722:
5202104260659160009291663:
5202104260659180008513365:
5202104260659200006039494:
5202104260659220003137964:
5202104260659240009232653:
5202104260659260009233736:
5202104260659270009354391:
5202104260659290009279728:
5202104260659320009326609:
5202104260659340007414046:
5202104260659360006019064:
5202104260659370003132773:
5202104260659390009254207:
5202104260659400008506797:
5202104260659420009327416:
5202104260659440008715034:
5202104260659450003126380:
5202104260659470009343430:
5202104260659490008715034:
5202104260659500009343430:
5202104260659520009340450:
5202104260659540008682585:
5202104260659560009340499:
5202104260659570006018006:
5202104260659590007414082:
5202104260700020008497699:
5202104260700040006027540:
5202104260700050009281814:
5202104260700070004165136:
5202104260700090007400852:
5202104260700120008424093:
5202104260700140008502364:
5202104260700170009333812:
5202104260700191513649006:
5202104260700210008512784:
5202104260700230009330833:
5202104260700250008506632:
5202104260700290009336990:
5202104260700310009341005:
5202104260700330009294273:
5202104260700350009343567:
5202104260700370008518128:
5202104260700390009345998:
5202104260700400009281928:
5202104260700430009351317:
5202104260700450009323999:
5202104260700470008709393:
5202104260700490008510696:
5202104260700510009297056:
5202104260700530009253739:
5202104260700550008709954:
5202104260700560007410282:
5202104260700580006735075:
5202104260701090009234240:
5202104260701130009341989:
5202104260701150008677438:
5202104260701170008505427:
5202104260701320008495616:
5202104260701340008505427:
5202104260701370008494964:
5202104260701380009341013:
5202104260701510008708992:
5202104260701590008686663:
5202104260702020008701103:
5202104260702030008426247:
5202104260702060009346058:
5202104260702080008713081:
5202104260702100006031525:
5202104260702150009342183:
5202104260702180009313530:
5202104260702280000442293:
5202104260702300008493028:
5202104260702320009313377:
5202104260702340009300596:
5202104260702360003137987:
5202104260703030002851465:
5202104260703310008516772:
5202104260703460009340801:
5202104260704000001079288:
5202104260704070008501316:
5202104260704090009349986:
5202104260704130009303525:
5202104260704170008510378:
5202104260704220008497795:
5202104260705240009325536:
5202104260705470008504041:
5202104260706110008500916:
5202104260706290009225494:
5202104260706390008496431:
5202104260706560008508326:
5202104260707450009321319:
5202104260708130008696894:
5202104260708250006024735:
5202104260708300008426248:
5202104260708510008499206:
5202104260709520007421212:
5202104260709580009282101:
5202104260710020006009777:
5202104260710250008708048:
5202104260711440006027553:
5202104260717420009324107:
5202104260848210009313676:
5202104261417261513631233:
5202104261437550008499075:
5202104261630120008508441:
5202104261706550009226392:
5202104261720370008505489:
5202104261727210008439606:
5202104261727270009313530:
5202104261727290009253995:
5202104261727350009311703:
5202104261727400004165136:
5202104261729250009282645:
5202104261729270009226385:
5202104261729550007406683:
5202104261730030009246204:
5202104261730080008716113:
5202104261730310009226422:
5202104261730510008696238:
5202104261730530008497528:
5202104261730540003137970:
5202104261731030006024747:
5202104261731040008500956:
5202104261731070006039541:
5202104261731090008695140:
5202104261731110000431412:
5202104261731130008510316:
5202104261731150000431412:
5202104261731161513628688:
5202104261731180006022159:
5202104261731200009288638:
5202104261731210008506907:
5202104261731230006040161:
5202104261731250009326612:
5202104261731270007418334:
5202104261731290008681883:
5202104261731320006019428:
5202104261731340006018006:
5202104261731420009240515:
5202104261731460006033001:
5202104261731480008678354:
5202104261731490008711445:
5202104261731510009279481:
5202104261731530009314167:
5202104261731540008504258:
5202104261731570009324068:
5202104261731590007396360:
5202104261732020008690794:
5202104261732050009272184:
5202104261732060008709369:
5202104261732090008701527:
5202104261732130006024741:
5202104261732150009314286:
5202104261732340009281753:
5202104261732430009287011:
5202104261733250006039506:
5202104261733300009226804:
5202104261733400008702965:
5202104261733440009307295:
5202104261733470008702965:
5202104261734050009236810:
5202104261734110009301551:
5202104261734140008709061:
5202104261734180009248259:
5202104261734240008515447:
5202104261734360008501741:
5202104261734390002851799:
5202104261734520009296651:
5202104261735020002851478:
5202104261735180009303870:
5202104261735210006024859:
5202104261735370009326618:
5202104261735380008500167:
5202104261735560008680743:
5202104261735590009346038:
5202104261736370009321362:
5202104261736470009286624:
5202104261736490008686663:
5202104261737040008497276:
5202104261737340009276908:
5202104261738430008497657:
5202104261739160008698044:
5202104261740090004181482:
5202104261741350006022439:
5202104261741370006036505:
5202104261741390009291663:
5202104261742110009325536:
5202104261742300006029990:
5202104261745300008509894:
5202104261746100007402482:
5202104261750530008713081:
5202104261756190006019064:
5202104261756230008509407:
5202104261804140008426247:
5202104261914480006036321:
5202104261917220008424093:
5202104261919160006024735:
5202104261923500001079288:
5202104261938010006042277:
5202104261951130008500401:
5202104261958460009233736:
5202104261906050002851459:
5202104261930131513646659:
5202104262025050009234247:
5202104262028200009295891:
5202104262029460008496367:
5202104262029480008492636:
5202104262029510009232350:
5202104262030200009279481:
5202104262030550006009777:
5202104262031330009346064:
5202104262031370008713928:
5202104262031420008503789:
5202104262031470009323007:
5202104262031530008509836:
5202104262031550008506632:
5202104262031570003126383:
5202104262032000008708048:
5202104262032020008494964:
5202104262032070006036316:
5202104262032090003137754:
5202104262032100008492065:
5202104262032120008711152:
5202104262032140006022158:
5202104262032160008701274:
5202104262032200006041875:
5202104262032230009348748:
5202104262032480009311280:
5202104262033470008493833:
5202104262033490008510378:
5202104262034080008493833:
5202104262034110008510378:
5202104262035340009225522:
5202104262105280006027553:
5202104262114530009304051:
6202104260636220009299555:
6202104260638530008503089:
6202104260639060008503824:
6202104260639080007397755:
6202104260639120006026835:
6202104260639270007405149:
6202104260639550008716625:
6202104260639590009326438:
6202104260640170008494141:
6202104260640250009232350:
6202104260640270008509948:
6202104260640340009241075:
6202104260640410004166400:
6202104260640500009307131:
6202104260640530009296138:
6202104260641320008505489:
6202104260642050008501852:
6202104260642380008497528:
6202104260644210009247694:
6202104260644350009236846:
6202104260644360008712785:
6202104260644490003137945:
6202104260644530009254191:
6202104260644550009247696:
6202104260644580009348566:
6202104260645000000431430:
6202104260645230009324614:
6202104260645300009340470:
6202104260645350008512035:
6202104260645360006024122:
6202104260645470008692117:
6202104260645490007421269:
6202104260646070009252945:
6202104260646140007419034:
6202104260646430009354625:
6202104260647030004046800:
6202104260647080008686680:
6202104260647190009304051:
6202104260647260008683630:
6202104260647400009335539:
6202104260647540008516195:
6202104260648080008714837:
6202104260648250008713215:
6202104260648360008517815:
6202104260648380002851460:
6202104260648410008708003:
6202104260648440008501953:
6202104260648470008712416:
6202104260648520007402498:
6202104260648580003137754:
6202104260649000008501833:
6202104260649110007404952:
6202104260649151513631233:
6202104260649210007395627:
6202104260649270008694707:
6202104260649310008514116:
6202104260649390009252946:
6202104260649410009343384:
6202104260649430008497774:
6202104260649460008508290:
6202104260649530008500109:
6202104260649560006039991:
6202104260649580008493676:
6202104260650010009324637:
6202104260650040008503789:
6202104260650080008515578:
6202104260650150009324879:
6202104260650180006039674:
6202104260650220006039995:
6202104260650260008493689:
6202104260650330009348729:
6202104260650440009325535:
6202104260650470009354396:
6202104260650500009327616:
6202104260650540008506434:
6202104260650570009323446:
6202104260650590006040154:
6202104260651020007395592:
6202104260651040008512859:
6202104260651060007421210:
6202104260651090009331048:
6202104260651110009321707:
6202104260651140008705617:
6202104260651150008710216:
6202104260651170006039972:
6202104260651200008500597:
6202104260651220008510716:
6202104260651240009335560:
6202104260651260008499556:
6202104260651310008680900:
6202104260651350008509407:
6202104260651390007417231:
6202104260651430008511515:
6202104260651450006028762:
6202104260651470009226385:
6202104260651500008680442:
6202104260652030006039510:
6202104260652070006029906:
6202104260652090006040283:
6202104260652111513628066:
6202104260652150008499165:
6202104260652170008508521:
6202104260652200008507639:
6202104260652210008518703:
6202104260652230008498240:
6202104260652260008683421:
6202104260652290009305197:
6202104260652390009353030:
6202104260652410009339195:
6202104260652470008698315:
6202104260652490009233704:
6202104260652530009226959:
6202104260652570008493645:
6202104260652590008498971:
6202104260653020009354699:
6202104260653040009247684:
6202104260653060006027609:
6202104260653080009226812:
6202104260653100009301075:
6202104260653130006039807:
6202104260653160007413854:
6202104260653190009339254:
6202104260653210009240520:
6202104260653240000424007:
6202104260653260009339254:
6202104260653270009306586:
6202104260653300001083945:
6202104260653330009324629:
6202104260653350008709659:
6202104260653410008511510:
6202104260653500008508589:
6202104260653520009340813:
6202104260653540009226816:
6202104260653570000442287:
6202104260653590008512000:
6202104260654050009342142:
6202104260654080006028797:
6202104260654100008503532:
6202104260654180008500142:
6202104260654210006024088:
6202104260654240008707911:
6202104260654260006030480:
6202104260654280008689564:
6202104260654300009310954:
6202104260654330009232613:
6202104260654350007406670:
6202104260654370004045200:
6202104260654390008681703:
6202104260654450008492410:
6202104260654490009326626:
6202104260654520009230749:
6202104260654550008513654:
6202104260654580008701274:
6202104260655000008677829:
6202104260655030009243147:
6202104260655050009251764:
6202104260655070006037924:
6202104260655090000439530:
6202104260655140008711892:
6202104260655160008508964:
6202104260655180009278808:
6202104260655190009310978:
6202104260655210006018008:
6202104260655230008496367:
6202104260655250009308083:
6202104260655280006022003:
6202104260655300008429633:
6202104260655370009337006:
6202104260655410008693920:
6202104260655440008709488:
6202104260655460006036994:
6202104260655480009354460:
6202104260655501513409863:
6202104260655520007418333:
6202104260655540009309829:
6202104260655560009303097:
6202104260655570008690234:
6202104260655590009225508:
6202104260656010009342981:
6202104260656030008688282:
6202104260656060008715106:
6202104260656090003126147:
6202104260656120009351830:
6202104260656180009324574:
6202104260656210008517496:
6202104260656250009351964:
6202104260656290008699992:
6202104260656310006024741:
6202104260656360009230793:
6202104260656390003892332:
6202104260656420008503907:
6202104260656430009226804:
6202104260656460009339274:
6202104260656510009325528:
6202104260656530008693892:
6202104260656550008683912:
6202104260656580006015460:
6202104260657000001087528:
6202104260657020008702658:
6202104260657050008681357:
6202104260657070001114611:
6202104260657100006025807:
6202104260657120009352016:
6202104260657140006027344:
6202104260657160009233695:
6202104260657180009342962:
6202104260657200006032030:
6202104260657230008677569:
6202104260657250008446178:
6202104260657270008501795:
6202104260657300008686301:
6202104260657330009342940:
6202104260657350009354582:
6202104260657380006022159:
6202104260657410008512397:
6202104260657420006039337:
6202104260657440009324138:
6202104260657450009254206:
6202104260657470008696388:
6202104260657490009348603:
6202104260657510008501942:
6202104260657520006010458:
6202104260657540006019432:
6202104260657560009225488:
6202104260657580008497935:
6202104260658000008492480:
6202104260658010009321321:
6202104260658040009233697:
6202104260658060006039675:
6202104260658090009326648:
6202104260658120006028451:
6202104260658140003916932:
6202104260658160006020195:
6202104260658180004179293:
6202104260658200008689470:
6202104260658210008688253:
6202104260658270009254169:
6202104260658280009240516:
6202104260658290008714113:
6202104260658310008491901:
6202104260658360009311591:
6202104260658380007421209:
6202104260658440000424146:
6202104260658460008426949:
6202104260658480008704323:
6202104260658500009354581:
6202104260658510009354802:
6202104260658530008507829:
6202104260658550007409900:
6202104260659000009340816:
6202104260659020009240533:
6202104260659060009322590:
6202104260659080009254212:
6202104260659120009291036:
6202104260659150008500567:
6202104260659170008692560:
6202104260659210009283932:
6202104260659240008499149:
6202104260659520009309504:
6202104260659570009291061:
6202104260659580009343174:
6202104260700020001077087:
6202104260700050004158333:
6202104260700090009294586:
6202104260700130009289323:
6202104260700150009326609:
6202104260700170006033902:
6202104260700200009324606:
6202104260700410006018006:
6202104260700430004178213:
6202104260700440006026834:
6202104260700480009226821:
6202104260701000008691906:
6202104260701020008696238:
6202104260701060006033720:
6202104260701130009254000:
6202104260701170009343432:
6202104260701200009346327:
6202104260701230009303697:
6202104260701430009354349:
6202104260702240008712134:
6202104260702410007398908:
6202104260702430009296878:
6202104260703120006031526:
6202104260704210008704914:
6202104260711280007407502:
6202104260711330009310727:
6202104260711370009298073:
6202104260712130009233713:
6202104260756510007411315:
6202104260910430009290471:
6202104261530070009278449:
6202104261533120008683630:
6202104261533520009322614:
6202104261536380008677569:
6202104261537550008516213:
6202104261617470009310727:
6202104261634230009341989:
6202104261726180008493028:
6202104261728510009309504:
6202104261729070008712134:
6202104261729100009225488:
6202104261729110008713719:
6202104261729140009344566:
6202104261729200006041721:
6202104261729230008505427:
6202104261729240009353030:
6202104261729260009273013:
6202104261729280006028762:
6202104261729320009307131:
6202104261729390009226946:
6202104261729410008514116:
6202104261729440006040360:
6202104261729460007419418:
6202104261729470009247696:
6202104261729500008506434:
6202104261729520009348566:
6202104261729530008507639:
6202104261729550006039972:
6202104261729570008500109:
6202104261729580009254206:
6202104261730030009247715:
6202104261730050009254206:
6202104261730060009327613:
6202104261730080008511515:
6202104261730090008509948:
6202104261730110008508290:
6202104261730130009273291:
6202104261730150008683421:
6202104261730170006025806:
6202104261730190008511515:
6202104261730200006022159:
6202104261730220008500597:
6202104261730250008713215:
6202104261730260008516195:
6202104261730280008501833:
6202104261730300008493676:
6202104261730320006018006:
6202104261730341513628066:
6202104261730360008714837:
6202104261730370008518703:
6202104261730390008508589:
6202104261730400008499149:
6202104261730420008511510:
6202104261730440006016276:
6202104261730450008691906:
6202104261730470008503907:
6202104261730480008499165:
6202104261730500006030484:
6202104261730510006037924:
6202104261730530008718055:
6202104261730540008704914:
6202104261730560008513365:
6202104261730570008513654:
6202104261731000004046800:
6202104261731020009283932:
6202104261731040009226812:
6202104261731060006039991:
6202104261731070008712785:
6202104261731090006040283:
6202104261731110009286616:
6202104261731120009343593:
6202104261731150001114611:
6202104261731170008492549:
6202104261731190006028298:
6202104261731210008500567:
6202104261731231513409863:
6202104261731260009233737:
6202104261731280007421209:
6202104261731300009342998:
6202104261731320006039510:
6202104261731340006032999:
6202104261731360009339274:
6202104261731380009324085:
6202104261731400007395627:
6202104261731450006030480:
6202104261731470009240516:
6202104261731530008688253:
6202104261731560006021991:
6202104261731580009309829:
6202104261732060006033902:
6202104261732100008508521:
6202104261732140008715034:
6202104261732230009226804:
6202104261732260008681703:
6202104261732290008698286:
6202104261732330009354344:
6202104261732440006028451:
6202104261732450003126147:
6202104261732570006039337:
6202104261732590009276489:
6202104261733020009247684:
6202104261733180008698315:
6202104261733330006039674:
6202104261733360007417231:
6202104261733440009254169:
6202104261733510009278808:
6202104261733530002851460:
6202104261733550008498971:
6202104261733570007409900:
6202104261734010009251764:
6202104261734110008686680:
6202104261734210008498240:
6202104261735130004158333:
6202104261735200008501942:
6202104261735350008512784:
6202104261735430009299555:
6202104261736530008508352:
6202104261739190008492480:
6202104261742030008508546:
6202104261743120006010458:
6202104261746020009226959:
6202104261753310008503089:
6202104261754380008443266:
6202104261754400006027609:
6202104261754410009254212:
6202104261754470006039995:
6202104261754590006032030:
6202104261755120006027344:
6202104261755300008509407:
6202104261756210008502364:
6202104261758150009254191:
6202104261759050008492638:
6202104261800500001087528:
6202104261806260002851459:
6202104261846510007411315:
6202104261920210007407502:
6202104261938240008501852:
6202104261941050008503089:
6202104262025150006014349:
6202104262025180009274874:
6202104262028260009296878:
6202104262028280007398908:
6202104262028320006039675:
6202104262028430007406867:
6202104262028480009236846:
6202104262028510008692560:
6202104262028550009230749:
6202104262028560009240533:
6202104262028580009232613:
6202104262029000007419049:
6202104262029030008492636:
6202104262029040008496367:
6202104262029060007404952:
6202104262029080008518128:
6202104262029100008508964:
6202104262029230008492121:
6202104262029240001077087:
6202104262029260008501316:
6202104262029300006024088:
6202104262029320007395592:
6202104262029350009299920:
6202104262029370008688282:
6202104262029390006025807:
6202104262029400008716625:
6202104262029440006018008:
6202104262029450006033720:
6202104262029470008715106:
6202104262029490009324629:
6202104262029510006018008:
6202104262029530009324629:
6202104262029550009323446:
6202104262029560009354460:
6202104262029580009343432:
6202104262030000006033720:
6202104262030020004166400:
6202104262030050003892332:
6202104262030080008702658:
6202104262030100001083945:
6202104262030110008709659:
6202104262030130009306586:
6202104262030160008429633:
6202104262030190006040154:
6202104262030200009305197:
6202104262030220008708003:
6202104262030240008506074:
6202104262030250009327616:
6202104262030300008685403:
6202104262030320008711197:
6202104262030350009327616:
6202104262030380008713928:
6202104262030400009226817:
6202104262030410009342142:
6202104262030420008686301:
6202104262030440008510716:
6202104262030460006026834:
6202104262030470008694707:
6202104262030490007406670:
6202104262030510008514437:
6202104262030530003116965:
6202104262030550009231425:
6202104262030560009252946:
6202104262030580009351830:
6202104262030590009310978:
6202104262031010009234457:
6202104262031030008501795:
6202104262031040008684967:
6202104262031060009230793:
6202104262031070009348603:
6202104262031090009338161:
6202104262031110008710875:
6202104262031130008497774:
6202104262031150009346367:
6202104262031160009232375:
6202104262031180009311591:
6202104262031200008515734:
6202104262031210009331048:
6202104262031230009226816:
6202104262031240004178213:
6202104262031260009331842:
6202104262031270009247694:
6202104262031290008512035:
6202104262031310009303097:
6202104262031320009327615:
6202104262031340006024122:
6202104262031350009240520:
6202104262031370009340816:
6202104262031400008497699:
6202104262031411513626317:
6202104262031430000431430:
6202104262031450008446178:
6202104262031460008507829:
6202104262031480008512859:
6202104262031490008446178:
6202104262031510009281874:
6202104262031530009354699:
6202104262031550008711249:
6202104262031570008445992:
6202104262031590007413854:
6202104262032000008707174:
6202104262032020009335539:
6202104262032040008512000:
6202104262032050008497935:
6202104262032070008512000:
6202104262032080008512397:
6202104262032100009339802:
6202104262032120003916932:
6202104262032130008683912:
6202104262032160007419418:
6202104262032170008516772:
6202104262032220009324606:
6202104262032240009233697:
6202104262032260006036994:
6202104262032280009321481:
6202104262032310009233704:
620210426222340008491901:
62021042620132360006039807:
6202104262032380008509792:
6202104262032420009351758:
6202104262032440007406637:
6202104262032480008506597:
6202104262032500008493645:
6202104262032520007419034:
6202104262033060007421269:
6202104262033140008517783:
6202104262033160009339144:
6202104262033190008705617:
6202104262033220006015460:
6202104262033230009254207:
6202104262033440009296138:
6202104262034060008493689:
6202104262034080009321697:
6202104262034240008515578:
6202104262035410009234108:
6202104262035550009226429:
6202104262036010009234108:
6202104262036170008512375:
6202104262037090006029906:
6202104262039140006028797:
6202104262040050007404980:
6202104262040080009252945:
6202104262109490009241075:
8202104260633340009231425:
8202104260636050009231425:
8202104260637240006021964:
8202104260640341513631613:
8202104260641280008511681:
8202104260641340008513100:
8202104260642230009232350:
8202104260642480007396382:
8202104260643550009341788:
8202104260644010002851485:
8202104260644230009348776:
8202104260644340008495426:
8202104260645240008679170:
8202104260646030009340817:
8202104260648360009343593:
8202104260648400006037029:
8202104260648430008504234:
8202104260650010009283252:
8202104260650180006040155:
8202104260650570008500626:
8202104260651490008499706:
8202104260652030008710875:
8202104260652050008689944:
8202104260652070008500083:
8202104260652100008686117:
8202104260652390007406683:
8202104260653010000424545:
8202104260653060009273291:
8202104260653110003116965:
8202104260653140009234249:
8202104260653580009339930:
8202104260654060006028799:
8202104260654550008708560:
8202104260655070009326658:
8202104260655240003132772:
8202104260655440009326617:
8202104260656150008500493:
8202104260656190009226797:
8202104260656270006021988:
8202104260656350006028960:
8202104260656370009289801:
8202104260656390006036504:
8202104260656420009327620:
8202104260656450009346345:
8202104260656580008512783:
8202104260657120009342953:
8202104260657340006042240:
8202104260657390006033000:
8202104260658370007395601:
8202104260658390009342978:
8202104260658570009346685:
8202104260659080008719239:
8202104260659280001088074:
8202104260702030007404980:
8202104260703200008495838:
8202104261533220009280051:
8202104261535030006028799:
8202104261535460009348776:
8202104261541020008500493:
8202104261541130009226797:
8202104261728050009341788:
8202104261728100009327458:
8202104261728110004179293:
8202104261728150009337903:
8202104261729590006042240:
8202104261730050008689254:
8202104261730070006042240:
8202104261730090009346345:
8202104261730120004025142:
8202104261730140008717694:
8202104261730150008512783:
8202104261730170009341511:
8202104261730190009234249:
8202104261730200008719239:
8202104261730230008495556:
8202104261730260008495426:
8202104261730290006036504:
8202104261730310008504234:
8202104261730330009283252:
8202104261730350008681357:
8202104261730380008492410:
8202104261730400006016091:
8202104261730410009339225:
8202104261730430008501835:
8202104261730440008499706:
8202104261730460007396382:
8202104261730470006028960:
8202104261730500007395601:
8202104261730560009337006:
8202104261731050009324572:
8202104261731080009336990:
8202104261731110008426949:
8202104261731130006040155:
8202104261731160009342940:
8202104261731200009326658:
8202104261731220006036997:
8202104261731240009339204:
8202104261731260008698795:
8202104261731330009246201:
8202104261731360008511681:
8202104261731391513631613:
8202104261731510008500083:
8202104261731530008679170:
8202104261731550006041088:
8202104261732050009342953:
8202104261732170008517323:
8202104261732190009277510:
8202104261732270008710326:
8202104261732420008697764:
8202104261732560006031529:
8202104261733140009326648:
8202104261733350006033000:
8202104261735540009324605:
8202104261736000008496149:
8202104261736210009294586:
8202104261739580009341742:
8202104261750440008499867:
8202104261752150009333812:
8202104261752270003137945:
8202104261759180009346181:
8202104261935070006014341:
8202104261945010009322590:
8202104262026370007397755:
8202104262029310008708992:
8202104262029350007404978:
8202104262029370008513100:
8202104262029390009351830:
8202104262029430008690224:
8202104262029460009298435:
8202104262029480009321481:
8202104262029580009327620:
8202104262029590006021988:
8202104262030040009232352:
8202104262030060009339837:
8202104262030080009339834:
8202104262030100009354396:
8202104262030110008501953:
8202104262030150009343430:
8202104262030170008504275:
8202104262030190009342035:
8202104262030200009342984:
8202104262030220009342035:
8202104262030230009342984:
8202104262030250009346685:
8202104262030270009326617:
8202104262030290009324614:
8202104262030300009236868:
8202104262030330009354827:
8202104262030530015629857:
8202104262030570009349972:
8202104262031030006039973:
8202104262033070006039129:
8202104262033210008708560:
8202104262036120006029910:
8202104262108110004179142:
2202104262318380009285513:
2202104262321400008503532:
2202104262322570007422376:
2202104262324590007410385:
2202104262325030009339803:
2202104262327550009321818:
2202104262327591513637915:
2202104262328000009321334:
2202104262328020008491998:
2202104262328040009322683:
2202104262328050009324107:
2202104262328070008692450:
2202104262328080009346376:
2202104262328110003137990:
2202104262328130009340824:
2202104262328160009351998:
2202104262328180003126145:
2202104262328200009225494:
2202104262329020006031525:
2202104262329170008499782:
2202104262329190009346170:
2202104262329220009232187:
2202104262329240009338814:
2202104262329250009324831:
2202104262329280008507561:
2202104262329290008706878:
2202104262329310008496310:
2202104262329330008513950:
2202104262329360009225523:
2202104262329370006030118:
2202104262329390004180013:
2202104262329420006030118:
2202104262329450008690529:
2202104262329470008687593:
2202104262329490001097762:
2202104262329510009225523:
2202104262329530009351823:
2202104262329560009226965:
2202104262329580009354401:
2202104262330000009346707:
2202104262330010009314377:
2202104262330040008704200:
2202104262330070008517932:
2202104262330090008698279:
2202104262330100009352009:
2202104262330160009254183:
2202104262330170009314377:
2202104262330190008499631:
2202104262330200008494333:
2202104262330230008694944:
2202104262330250009313377:
2202104262330260009300596:
2202104262330260009339273:
2202104262330290009339273:
2202104262330300009276797:
2202104262330320007421212:
2202104262330340009352009:
2202104262330360003137987:
2202104262330381513645885:
2202104262330400009234480:
2202104262330440009339797:
2202104262330450009234480:
2202104262330470003137987:
2202104262330490009230781:
2202104262330500009339797:
2202104262330530009346708:
2202104262330540009225495:
2202104262330560008676811:
2202104262330570008506797:
2202104262330590008493286:
2202104262331000008497795:
2202104262331021513649006:
2202104262331030009339839:
2202104262331060009346290:
2202104262331080009354576:
2202104262331100009347607:
2202104262331110007402523:
2202104262331130008493366:
2202104262331140009342996:
2202104262331160008499031:
2202104262331180009343374:
2202104262331211513652619:
2202104262331220009321395:
2202104262331250008512059:
2202104262331270006036993:
2202104262331300009341030:
2202104262331320009321395:
2202104262331360008495616:
2202104262331380009303525:
2202104262331410009321395:
2202104262331430009341030:
2202104262331450008709393:
2202104262331500009321395:
2202104262332070009297574:
2202104262332130006039494:
2202104262332140003109818:
2202104262332160008497463:
2202104262332180007398914:
2202104262332210008495037:
2202104262332230008508219:
2202104262332530009343364:
2202104262333060009346353:
2202104262333100009326645:
2202104262334410009323985:
2202104262334460009236809:
2202104262334480009323985:
2202104262334520009230795:
2202104262334540008494656:
2202104262334560008682585:
2202104262334580008718216:
2202104262335001513641316:
2202104262335030008717044:
2202104262335050009348762:
2202104262335070009351308:
2202104262335100001122092:
2202104262335190000442293:
5202104262328290009322683:
5202104262328300008692450:
5202104262328361513637915:
5202104262328440001083110:
5202104262328500009324107:
5202104262328510008491998:
5202104262329290008706494:
5202104262329300009321818:
5202104262329320008504268:
5202104262329340003137990:
5202104262329340009321334:
5202104262329370008697836:
5202104262329380008509806:
5202104262329400008504268:
5202104262329420009340820:
5202104262329440008509806:
5202104262329500009351833:
5202104262329520008701083:
5202104262329540008509806:
5202104262329560008690941:
5202104262329580007411321:
5202104262330000009281814:
5202104262330010009351833:
5202104262330030009351317:
5202104262330040006027345:
5202104262330060008678770:
5202104262330070009247716:
5202104262330090006027345:
5202104262330100008690941:
5202104262330140007410282:
5202104262330170009247716:
5202104262330190007410282:
5202104262330210007400852:
5202104262330230008707832:
5202104262330240009253997:
5202104262330260008709954:
5202104262330270009230780:
5202104262330290009349986:
5202104262330320008709954:
5202104262330340009349986:
5202104262330360009249499:
5202104262330370007407739:
5202104262330390008519522:
5202104262330400009330833:
5202104262330420009321326:
5202104262330430001108277:
5202104262330450009346362:
5202104262330460006012153:
5202104262330480008683123:
5202104262330490007414082:
5202104262330510009234236:
5202104262330520007421252:
5202104262330540008683123:
5202104262330550009346180:
5202104262330570008519522:
5202104262330580008509708:
5202104262331030009230785:
5202104262331050009232355:
5202104262331070004179472:
5202104262331110008690941:
5202104262331130000424165:
5202104262331140008694659:
5202104262331160009345998:
5202104262331180008690941:
5202104262331210009342959:
5202104262331230008509708:
5202104262331240008510090:
5202104262331260009254229:
5202104262331280009342183:
5202104262331300004179472:
5202104262331320009342183:
5202104262331330007414046:
5202104262331350008702320:
5202104262331370006018009:
5202104262331380009342002:
5202104262331400008510696:
5202104262331410006022852:
5202104262331430004179472:
5202104262331450000439539:
5202104262331470008506376:
5202104262331480008497795:
5202104262331520009250799:
5202104262331540008493286:
5202104262331560008509708:
5202104262331570004179472:
5202104262331590008699606:
5202104262332000009342183:
5202104262332020009232378:
5202104262332030009339524:
5202104262332060009252984:
5202104262332080009342183:
5202104262332100009339524:
5202104262332110008503915:
5202104262332130009346376:
5202104262332150006018009:
5202104262332160009346376:
5202104262332180008699606:
5202104262332190009352009:
5202104262332220008512059:
5202104262332250008499206:
5202104262332280006022852:
5202104262332300008499206:
5202104262332320009254229:
5202104262332340009297056:
5202104262332360009342958:
5202104262332380009354001:
5202104262332390009339824:
5202104262332530007398914:
5202104262335190009341005:
5202104262335220009236903:
5202104262335240009323985:
5202104262335280008494656:
5202104262335310009337900:
5202104262335330009241934:
5202104262335380009351308:
6202104262329170006037288:
6202104262329200003920040:
6202104262329270007402194:
6202104262329290007414082:
6202104262329330008497759:
6202104262329370008691017:
6202104262330010009230785:
6202104262330030009225506:
6202104262330050006039671:
6202104262330060009225507:
6202104262330080006040284:
6202104262330090009342002:
6202104262330110008512362:
6202104262330120009336988:
6202104262330140009252984:
6202104262330160009234467:
6202104262330180006021871:
6202104262330190008503915:
6202104262330270009339219:
6202104262330310009327416:
6202104262330320009225481:
6202104262330340001088073:
6202104262330370009341030:
6202104262330400009253842:
6202104262330430008509370:
6202104262330450008717926:
6202104262330470009314377:
6202104262331000009339812:
