2202104140003370004165136:
2202104140003460001100446:
2202104140053150009339524:
2202104140115210006026835:
2202104140155540009354576:
2202104140102060008494656:
2202104140102080008717044:
2202104140102110008682585:
2202104140102130008507561:
2202104140102140008704200:
2202104140102160003137990:
2202104140102170009340820:
2202104140102190008718216:
2202104140102210009225523:
2202104140102220009346353:
2202104140102240009338814:
2202104140102250008687593:
2202104140102280001108277:
2202104140102290008706878:
2202104140102320009234487:
2202104140102340008515081:
2202104140102360007407739:
2202104140102370009230781:
2202104140102391513645885:
2202104140102390009225494:
2202104140102390009252984:
2202104140102410006019316:
2202104140102420009226965:
2202104140102440009351833:
2202104140102460009327416:
2202104140102490009324831:
2202104140102511513652619:
2202104140102530009348762:
2202104140105260009346170:
2202104140105280009346376:
2202104140105300009232187:
2202104140105320008499782:
2202104140105340009336988:
2202104140105360009323985:
2202104140105390009297574:
2202104140105400008506376:
2202104140105420009337900:
2202104140105440001088073:
2202104140105460009249499:
2202104140105480009230795:
2202104140105500008698279:
2202104140105510009322683:
2202104140105530009230795:
2202104140105540004180013:
2202104140105560009339839:
2202104140105590001097762:
2202104140106010009354001:
2202104140106020009276797:
2202104140106030008513950:
2202104140106050006019064:
2202104140106070006018009:
2202104140106080009321818:
2202104140106100006026834:
2202104140106120009339795:
2202104140106140008517932:
2202104140106160009345998:
2202104140106180009234480:
2202104140106200008491998:
2202104140106220009338246:
2202104140106250009326645:
2202104140106270006014993:
2202104140106290006040284:
2202104140106310008499108:
2202104140106330009247716:
2202104140106340009339273:
2202104140106390009253842:
2202104140106400009324107:
2202104140106430008503721:
2202104140106440009346180:
2202104140106470008681357:
2202104140106480008510696:
2202104140106510009352009:
2202104140106530009351308:
2202104140106550009234236:
2202104140106570007404952:
2202104140106590003892332:
2202104140107030003126145:
2202104140107050008709954:
2202104140107090006033720:
2202104140107110008493366:
2202104140107130009339812:
2202104140107160009347607:
2202104140107180009342958:
2202104140107200009230780:
2202104140107230009342958:
2202104140107260007414046:
2202104140107270009312114:
2202104140107300008717926:
2202104140107320006033720:
2202104140107330009341030:
2202104140107340009321395:
2202104140107360009225522:
2202104140107370009234467:
2202104140107390009346707:
2202104140107410009321326:
2202104140107430009225507:
2202104140107450008691017:
2202104140107480006039671:
2202104140107500006031525:
2202104140107510006039671:
2202104140107530008497759:
2202104140107540009225506:
2202104140107560008694659:
2202104140107580009342996:
2202104140108000009343374:
2202104140108020009339797:
2202104140108040009346362:
2202104140108060008512362:
2202104140108080008509708:
2202104140108120008512362:
2202104140108130009314377:
2202104140108150003920040:
2202104140108250008504268:
2202104140108270007402194:
2202104140108290009346708:
2202104140108310006037288:
2202104140108330006021871:
2202104140108350008496310:
2202104140108370008496581:
2202104140108391513649006:
2202104140108410008519522:
2202104140108430006039969:
2202104140108450007414082:
2202104140108510008497795:
2202104140108530007411321:
2202104140108560008494267:
2202104140109030008493286:
2202104140109070008509370:
2202104140109080009342002:
2202104140109100009326622:
2202104140109130007410282:
2202104140109150000439539:
2202104140109170009297056:
2202104140109190008503532:
2202104140109200009281814:
2202104140109220009346290:
2202104140109240008495616:
2202104140109410008702320:
2202104140109490009354401:
2202104140109510009232378:
2202104140109550008510090:
2202104140109580009225495:
2202104140110220009342183:
2202104140110240008692742:
2202104140110270008506797:
2202104140110300009294273:
2202104140110330009254229:
2202104140110430006036993:
2202104140110480008709393:
2202104140119450009339803:
2202104140120220008497260:
2202104140122560009324119:
2202104140124410009339824:
2202104140124480009303525:
2202104140124530008686064:
2202104140137370000442293:
2202104140140200008494333:
2202104140140220009254183:
2202104140140230008499631:
2202104140140250009324604:
2202104140140260008499631:
2202104140157020008508219:
2202104140157040007410385:
2202104140206480008497463:
2202104140215241513641316:
2202104140219400001122092:
2202104140219430006009777:
2202104140235090009234247:
2202104140253540006042277:
2202104141129470008496471:
5202104140120350006027540:
5202104140102320009341005:
5202104140102350008494656:
5202104140102540009236903:
5202104140102560009351998:
5202104140103020007400852:
5202104140103060009226965:
5202104140103090009230781:
5202104140103120009351833:
5202104140103200003126147:
5202104140105150009351823:
5202104140105180008690941:
5202104140106040008499782:
5202104140106060009225481:
5202104140106090009226422:
5202104140106110008683123:
5202104140106130009253997:
5202104140106150009346376:
5202104140106160006028292:
5202104140106180009297574:
5202104140106200008699606:
5202104140106220009323985:
5202104140106250009322683:
5202104140106270009339839:
5202104140106290008506376:
5202104140106301513637915:
5202104140106330001083110:
5202104140106350008509806:
5202104140106360006026834:
5202104140106380009321818:
5202104140106420008701083:
5202104140106440009354001:
5202104140106460009326435:
5202104140106530009347747:
5202104140106550009250799:
5202104140106560009234480:
5202104140106580007421252:
5202104140107000009330833:
5202104140107030009324107:
5202104140107070009339219:
5202104140107120009340824:
5202104140107150009321334:
5202104140107170004169060:
5202104140107240009346180:
5202104140107270009351308:
5202104140107300008510696:
5202104140107370008706494:
5202104140107420009326612:
5202104140107440003892332:
5202104140107580009241934:
5202104140108070008499031:
5202104140108090009321395:
5202104140108110009341030:
5202104140108190009225522:
5202104140108290008691017:
5202104140108330009285513:
5202104140109110008496310:
5202104140109140009343364:
5202104140109160007414082:
5202104140109270008494267:
5202104140109420009342002:
5202104140110230009342959:
5202104140110280008696894:
5202104140111220009230785:
5202104140111260006036993:
5202104140140590008694944:
5202104140141030007402523:
5202104140141060008512059:
5202104140141080008707832:
5202104140142080008499206:
5202104140142460007398914:
5202104140143501513646659:
5202104140147210009253995:
5202104140201300009300596:
5202104140216520003109818:
5202104141348550008496471:
5202104141349010006042277:
6202104140102360003126147:
6202104140106350004169060:
6202104140106360006020195:
6202104140106390003137966:
6202104140106420007404952:
6202104140106441513653821:
6202104140106460003137966:
6202104140106481513653821:
6202104140106500006033720:
6202104140106540008697836:
6202104140106550003137966:

