2202104010700160008519041:
2202104010723490009296138:
2202104010725580008677300:
2202104010731410009226392:
2202104010734030008687593:
2202104010735180009234236:
2202104010736240006009777:
2202104010736270009339824:
2202104010737200009314377:
2202104010738380009252945:
2202104010738560001122092:
2202104010739410009340801:
2202104010739570008504268:
2202104010740180009339273:
2202104010740210009272096:
2202104010740230006012153:
2202104010740260009234467:
2202104010741200006028292:
2202104010741250009339797:
2202104010741560009324831:
2202104010742110008698279:
2202104010742160008499075:
2202104010742360009225506:
2202104010743040009236809:
2202104010743100008494656:
2202104010744050009338814:
2202104010744070007398914:
2202104010744090008494656:
2202104010744120006040284:
2202104010744580009346707:
2202104010745040009343374:
2202104010745080008698044:
2202104010745320009230781:
2202104010746030009352009:
2202104010746300009322683:
2202104010746340009346170:
2202104010746400008517932:
2202104010747050009254229:
2202104010747260009247716:
2202104010747340006039671:
2202104010747410009339839:
2202104010747470008509708:
2202104010747560008493366:
2202104010748000008690529:
2202104010748010008717044:
2202104010748120008499782:
2202104010748140008692450:
2202104010748160009351308:
2202104010748230009321818:
2202104010748560009232651:
2202104010749070009339524:
2202104010749140000424165:
2202104010749200009347607:
2202104010749380009232187:
2202104010749500009339812:
2202104010749531513645885:
2202104010749540009344572:
2202104010749560009226965:
2202104010749580009225523:
2202104010750000008506797:
2202104010750040008704200:
2202104010750060008503915:
2202104010750080009323985:
2202104010750150001088073:
2202104010750170009253842:
2202104010750200009354001:
2202104010750220009312114:
2202104010750230008515081:
2202104010750310006039969:
2202104010750390009354576:
2202104010751000009354401:
2202104010751020009326435:
2202104010751040009234480:
2202104010751050008507561:
2202104010751070008506376:
2202104010751080006039494:
2202104010751180008513950:
2202104010751350009225507:
2202104010751370009230780:
2202104010751460009342996:
2202104010751500009297574:
2202104010751520009343364:
2202104010752040009349986:
2202104010752180008718216:
2202104010752220009287011:
2202104010752340006016276:
2202104010752360003920040:
2202104010752380009336988:
2202104010752390007402194:
2202104010752410008497935:
2202104010752430003126381:
2202104010752450009326645:
2202104010753060009346708:
2202104010753080008706878:
2202104010753140002854367:
2202104010753220006031525:
2202104010753330006039506:
2202104010753380008717926:
2202104010753410009281874:
2202104010753430008510696:
2202104010753550008493286:
2202104010753590008503721:
2202104010754090009321334:
2202104010754110008697836:
2202104010754140009343592:
2202104010754201513652619:
2202104010754250009346362:
2202104010754260008496581:
2202104010754280007421252:
2202104010754300009236903:
2202104010754320008509370:
2202104010754340009230795:
2202104010754350009283499:
2202104010754370009225522:
2202104010754450009338246:
2202104010754480001097762:
2202104010754490004180013:
2202104010754510009232378:
2202104010755050008512362:
2202104010755090008514276:
2202104010755170009312090:
2202104010755280008516297:
2202104010755320009249499:
2202104010755350009250799:
2202104010755370008510090:
2202104010755390009276797:
2202104010755400006018009:
2202104010755420009346290:
2202104010755430009351768:
2202104010755440007407739:
2202104010755460008694659:
2202104010755480008686039:
2202104010755500008692742:
2202104010755550008508587:
2202104010755580008696894:
2202104010756000009341030:
2202104010756030009348762:
2202104010756110003918796:
2202104010756130003126145:
2202104010756160009281928:
2202104010756211513637915:
2202104010756230008690794:
2202104010756341513649006:
2202104010756360009346173:
2202104010756370009297056:
2202104010756430009286616:
2202104010756470008493677:
2202104010756480007407764:
2202104010756510009225481:
2202104010756520009234486:
2202104010756540009280051:
2202104010756560009275624:
2202104010756580009345998:
2202104010757000009324107:
2202104010757020009330833:
2202104010757060006037288:
2202104010757110009321395:
2202104010757141513409863:
2202104010757190009344566:
2202104010757280009327416:
2202104010757330001083110:
2202104010757340008495616:
2202104010757360003109818:
2202104010757460008497260:
2202104010757480008698795:
2202104010758100007402523:
2202104010758190009225488:
2202104010758210006019064:
2202104010758230008696238:
2202104010758470008686064:
2202104010758490009234066:
2202104010759160006015164:
2202104010759241513641316:
2202104010759300009230785:
2202104010800050009339144:
2202104010802440009325528:
2202104011604350008510090:
2202104011709080008694659:
2202104011709110008691017:
2202104011709140006037288:
2202104011709170007402194:
2202104011709200009321395:
2202104011709230009253842:
2202104011709250008496310:
2202104011709270009342958:
2202104011709300003920040:
2202104011709320009225507:
2202104011709330009349986:
2202104011709350009336988:
2202104011709360009314377:
2202104011709380006028292:
2202104011709401513649006:
2202104011709430006040284:
2202104011709450009321326:
2202104011709470009247716:
2202104011709490008512362:
2202104011709520009341030:
2202104011710000008493366:
2202104011710250006039969:
2202104011710550008504268:
2202104011721360009339803:
2202104011814210008710326:
2202104011821280003137987:
2202104011900010008508587:
2202104011900040009326618:
2202104011900060009286616:
2202104011901020006015164:
2202104011901250008680743:
2202104011901280008697836:
2202104011901300009322683:
2202104011901340008517932:
2202104011901370006019064:
2202104011901400009321334:
2202104011901460001083110:
2202104011902080008690794:
2202104011902110009276489:
2202104011902170009287011:
2202104011902200009301551:
2202104011902231513637915:
2202104011902270008503721:
2202104011902310009225522:
2202104011902330009248259:
2202104011902340007414046:
2202104011902390008701083:
2202104011902420008713928:
2202104011902440008692450:
2202104011902460008509806:
2202104011903040008709061:
2202104011903050008515447:
2202104011903070009327416:
2202104011903090009225481:
2202104011903110009327416:
2202104011903140008695756:
2202104011903180003126145:
2202104011903230009354001:
2202104011903250009230785:
2202104011903280009303870:
2202104011903410009351833:
2202104011903440006036994:
2202104011903470009346038:
2202104011903490008513950:
2202104011903520008509708:
2202104011903540009272096:
2202104011903560001108277:
2202104011903580008494656:
2202104011904000008706878:
2202104011904020006018009:
2202104011904040009276797:
2202104011904050009346353:
2202104011904060008704200:
2202104011904090009345998:
2202104011904110006039671:
2202104011904130009236903:
2202104011904160009234480:
2202104011904180009341005:
2202104011904220008698279:
2202104011904240008503915:
2202104011904270009230795:
2202104011904300008687593:
2202104011904460008497657:
2202104011904480008500167:
2202104011904590006016276:
2202104011905020008509370:
2202104011905050006019316:
2202104011905080009281928:
2202104011905150008497759:
2202104011905180008709954:
2202104011905200009234467:
2202104011905220009234236:
2202104011905280009232187:
2202104011905310009346180:
2202104011905340003126381:
2202104011905370009342996:
2202104011905400009343374:
2202104011905420009326435:
2202104011905450000424165:
2202104011905460009354576:
2202104011905480009347607:
2202104011905500007421252:
2202104011905530001088073:
2202104011905550009339273:
2202104011905570009230780:
2202104011906000009225506:
2202104011906010009339273:
2202104011906040009338246:
2202104011906090009326645:
2202104011906130003918796:
2202104011906161513652619:
2202104011906200009351770:
2202104011906220008496581:
2202104011906240009346362:
2202104011906270009354401:
2202104011906300009346708:
2202104011906321513652619:
2202104011906470008499075:
2202104011906521513652619:
2202104011906550008717044:
2202104011906570009339219:
2202104011907000009297056:
2202104011907020008718216:
2202104011907060008682585:
2202104011907080008516297:
2202104011907160009236809:
2202104011907200008516297:
2202104011907250009348762:
2202104011907290009250799:
2202104011907430009323985:
2202104011907511513645885:
2202104011907590009230781:
2202104011908000009351308:
2202104011908040008692587:
2202104011908090009276908:
2202104011908140009340499:
2202104011908470009346707:
2202104011909210008717926:
2202104011910030007402482:
2202104011914120008515081:
2202104011914200008507561:
2202104011914220009226965:
2202104011914240009225523:
2202104011914270009297574:
2202104011914540009232378:
2202104011915050008510696:
2202104011915070009338814:
2202104011915170009253997:
2202104011915270006039494:
2202104011915500008506376:
2202104011915530009330833:
2202104011915560009324831:
2202104011915580009352009:
2202104011916390009339812:
2202104011917260004180013:
2202104011917290009339839:
2202104011918160009232651:
2202104011922080009340483:
2202104011922400008503532:
2202104011922440009285513:
2202104011923590004181482:
2202104011926510001100446:
2202104011926540006027553:
2202104011931510009339803:
2202104011959010006032920:
2202104012000000009351768:
2202104012000360006039506:
2202104012000450006015460:
2202104012002220008690529:
2202104012002250008702320:
2202104012002270009339794:
2202104012002290007421212:
2202104012002320008495616:
2202104012002380009346290:
2202104012002400008493286:
2202104012002580008497795:
2202104012003020009342183:
2202104012003070008506797:
2202104012003110006012153:
2202104012003130009254229:
2202104012003170009249499:
2202104012003190009344572:
2202104012003210009321818:
2202104012003360008497795:
2202104012003390009326622:
2202104012003470008494267:
2202104012003490008709393:
2202104012003530001097762:
2202104012003570009225495:
2202104012003590009324107:
2202104012004270008686039:
2202104012004300008692742:
2202104012005070008678308:
2202104012006380009225494:
2202104012006410009339824:
2202104012006440009303525:
2202104012011311513646659:
2202104012015470009312114:
2202104012015490007407739:
2202104012018150008497260:
2202104012049500009324119:
2202104012049590009234247:
2202104012054040009324604:
2202104012058010007402523:
2202104012058110008499206:
2202104012059260007410385:
2202104012100010007398914:
2202104012100030008497463:
2202104012100060009225522:
2202104012107240008492754:
2202104012108370008686064:
2202104012111560001122092:
2202104012112000007422376:
2202104012112010003109818:
2202104012112050006009777:
2202104012112060008686064:
2202104012112100000442293:
2202104012112481513641316:
2202104012147120006042277:
2202104012147160008496471:
2202104012148070009343364:
2202104012159320001083930:
2202104012159370009252962:
3202104010732290006021955:
3202104010736040008504041:
3202104010737030008677438:
3202104010739320008686301:
3202104010739360001099256:
3202104010739560009324606:
3202104010740360008707911:
3202104010740420009346324:
3202104010741570009234248:
3202104010742110008683630:
3202104010742140008718055:
3202104010744190008681103:
3202104010744510008518877:
3202104010745270008713928:
3202104010745410008711152:
3202104010745510008697063:
3202104010745590009284852:
3202104010746210008677903:
3202104010746250003117204:
3202104010746430008505037:
3202104010746471513653821:
3202104010747020008686680:
3202104010747230008693892:
3202104010747260009321707:
3202104010747340009351758:
3202104010747370009339211:
3202104010747410009339277:
3202104010747450008712381:
3202104010748280009343383:
3202104010748350009335491:
3202104010748380008687514:
3202104010748420008514966:
3202104010748460006019317:
3202104010748500009232350:
3202104010748520009326609:
3202104010749000009282830:
3202104010749040008514437:
3202104010749060008697156:
3202104010749110009234458:
3202104010749400009254169:
3202104010749530008493340:
3202104010749570008500142:
3202104010750150008686117:
3202104010750340003137972:
3202104010750380009325535:
3202104010750390009233695:
3202104010750410001087543:
3202104010750440009234108:
3202104010750580008695330:
3202104010751020009326650:
3202104010751050003137991:
3202104010751090008691341:
3202104010751210009289323:
3202104010751230007406683:
3202104010751250008503824:
3202104010751290006029910:
3202104010751400006018008:
3202104010751550009346367:
3202104010752000008517323:
3202104010752030008709374:
3202104010752070008690203:
3202104010752300006029906:
3202104010752320003126383:
3202104010752450000424146:
3202104010752560009340813:
3202104010753080000442287:
3202104010753110006030480:
3202104010753150008492410:
3202104010753160008492549:
3202104010753200009300618:
3202104010753250008703693:
3202104010753270009343149:
3202104010753290009232375:
3202104010753330009322614:
3202104010753360009252962:
3202104010753380008711197:
3202104010753500001096293:
3202104010753530009353030:
3202104010753560009339195:
3202104010753590009351964:
3202104010754050007401131:
3202104010754110009342954:
3202104010754280003137964:
3202104010754350008503489:
3202104010754370008493217:
3202104010754390008680280:
3202104010754460009303427:
3202104010754480008681357:
3202104010754530003137966:
3202104010755030008680900:
3202104010755070006028797:
3202104010755080009325511:
3202104010755100008701274:
3202104010755110007405149:
3202104010755130009324637:
3202104010755150009253719:
3202104010755170008492754:
3202104010755190008516658:
3202104010755210008702698:
3202104010755230008679943:
3202104010755260008698315:
3202104010755270009299255:
3202104010755290008680648:
3202104010755350009322602:
3202104010755390006014341:
3202104010755420008704360:
3202104010755480008698286:
3202104010755500008514276:
3202104010755570009340812:
3202104010756020008509050:
3202104010756100008711892:
3202104010756130008699992:
3202104010756160009326604:
3202104010756240009309829:
3202104010756270006033902:
3202104010756290009354625:
3202104010756320008689470:
3202104010756340003132773:
3202104010756430009339780:
3202104010756450008494092:
3202104010756520009309504:
3202104010756540007395593:
3202104010756560008689564:
3202104010756590008704323:
3202104010757020009321321:
3202104010757090009327615:
3202104010757120009324068:
3202104010757140006039541:
3202104010757170007418333:
3202104010757200008692811:
3202104010757220006015460:
3202104010757450009241075:
3202104010758020008688253:
3202104010758280008508589:
3202104010758350008713719:
3202104010758370006030484:
3202104010759230006032999:
3202104010759410008508406:
3202104010800270009354349:
3202104010800410009293880:
3202104010800550009326648:
3202104010802550008506597:
3202104010805090009253980:
3202104011700000009284852:
3202104011710000008676957:
3202104011714400009322614:
3202104011758470009326604:
3202104011759370008698286:
3202104011800470003137754:
3202104011802080008505037:
3202104011802380008709374:
3202104011802470003137972:
3202104011802520008681103:
3202104011803050008715106:
3202104011803080006018008:
3202104011803120008690234:
3202104011803220008693920:
3202104011803290009350096:
3202104011803460008699992:
3202104011803480009324879:
3202104011803520008691341:
3202104011804250008678678:
3202104011804260009326626:
3202104011804310008516512:
3202104011804340000424146:
3202104011804370008685403:
3202104011804390008680442:
3202104011804460008681212:
3202104011805010009280051:
3202104011807571513653821:
3202104011900170008717268:
3202104011900200009324637:
3202104011900220009322701:
3202104011900310007418333:
3202104011900340009326650:
3202104011900360009340812:
3202104011900390003137963:
3202104011900410009273013:
3202104011900430008687514:
3202104011900450000442316:
3202104011900470009324574:
3202104011900500009351964:
3202104011900510008497935:
3202104011900530000442287:
3202104011900550009234248:
3202104011900580009232350:
3202104011901000008506632:
3202104011901030009339254:
3202104011901050009348748:
3202104011901070008508589:
3202104011901090008716625:
3202104011901110008501288:
3202104011901130008681357:
3202104011901150008680280:
3202104011901170008709659:
3202104011901200009340817:
3202104011901220006020195:
3202104011901240008699485:
3202104011901260006032999:
3202104011901280009226823:
3202104011901290009325511:
3202104011901310009335560:
3202104011901320009337945:
3202104011901360008704360:
3202104011901390003137966:
3202104011901410008684967:
3202104011901430008712381:
3202104011901450008704323:
3202104011901480008695330:
3202104011901510009343383:
3202104011901540009330829:
3202104011901580009246199:
3202104011902010009324068:
3202104011902020009336959:
3202104011902040008493217:
3202104011902050008690203:
3202104011902080008703345:
3202104011902090006014341:
3202104011902140009324614:
3202104011902160008711892:
3202104011902170008699273:
3202104011902190008711892:
3202104011902200008703693:
3202104011902220006028799:
3202104011902240007401654:
3202104011902260006028799:
3202104011902270009335491:
3202104011902290008697156:
3202104011902310009346324:
3202104011902330008686117:
3202104011902340008697063:
3202104011902360009282830:
3202104011902380009342954:
3202104011902400008693892:
3202104011902420008514437:
3202104011902440006030480:
3202104011902460009232375:
3202104011902480009326647:
3202104011903000000439530:
3202104011903090008711249:
3202104011903110009339802:
3202104011903140008689470:
3202104011903161513626317:
3202104011903190008506597:
3202104011903220009278449:
3202104011903260009254169:
3202104011903460008701274:
3202104011903570008693150:
3202104011903590008701103:
3202104011904010009251764:
3202104011904060009346327:
3202104011904140008494924:
3202104011904260009309829:
3202104011905080008702698:
3202104011906270001099256:
3202104011907070008707911:
3202104011918210009289323:
3202104011918470008503489:
3202104011919290009291327:
3202104011924530006023085:
3202104011931310008711152:
3202104011958560007395593:
3202104011958580009344566:
3202104011959060006019317:
3202104011959360008679943:
3202104011959410006019317:
3202104011959450009322654:
3202104012000000008509836:
3202104012000030006040154:
3202104012000050006039541:
3202104012000070009321707:
3202104012000090008509050:
3202104012000110008692811:
3202104012000130003132773:
3202104012000150009343149:
3202104012000170009326609:
3202104012000200008718055:
3202104012000250009325535:
3202104012000310003137967:
3202104012000320008516658:
3202104012000340009354349:
3202104012000380003126383:
3202104012000450008686680:
3202104012000580008491901:
3202104012001000009340813:
3202104012001230008683630:
3202104012001290001096293:
3202104012001320008698315:
3202104012001340009234108:
3202104012001370009321321:
3202104012001380008500888:
3202104012001410006029911:
3202104012002060008688939:
3202104012002320009324606:
3202104012002470000424007:
3202104012002500008688282:
3202104012002560009308083:
3202104012002580009330815:
3202104012003030008500889:
3202104012003080008686301:
3202104012004080006029906:
3202104012004110008688253:
3202104012004340006033902:
3202104012005190008508352:
3202104012006510009348542:
3202104012008560006016277:
3202104012010160000424167:
3202104012011340008503824:
3202104012011350008492549:
3202104012011450009343567:
3202104012011520009303427:
3202104012011540009336990:
3202104012011560009303427:
3202104012017140007421269:
3202104012024160008677300:
3202104012029100009291061:
3202104012040570009305197:
3202104012041160008518877:
3202104012041180008699830:
3202104012046490008677773:
3202104012046520008494092:
3202104012056430007406637:
3202104012056490009254167:
3202104012100020008688767:
3202104012101410009325528:
3202104012101460008496133:
3202104012106480008492754:
3202104012109010008496431:
3202104012112320006028797:
3202104012116450009299255:
3202104012120000009351758:
3202104012149480009346352:
3202104012149490007421210:
3202104012158500009337006:
3202104012159000008515578:
3202104012159300008710216:
3202104012159340006039129:
3202104012200120003137964:
3202104012200140008500142:
3202104012200290009277817:
3202104012201080007402498:
3202104012201170009339211:
3202104012201290004179142:
3202104012201370009241075:
3202104012201570006029910:
3202104012201590008492638:
3202104012202120009354625:
3202104012202340008493833:
3202104012202420007407764:
3202104012202440008494964:
4202104010732170008503532:
4202104010735200009324076:
4202104010740520009346340:
4202104010741200009231425:
4202104010741390006013135:
4202104010742571513653075:
4202104010743020009272601:
4202104010743070003934713:
4202104010743210009285513:
4202104010743390009341788:
4202104010744010009338161:
4202104010744050009298435:
4202104010744310008493092:
4202104010744490008698121:
4202104010745270008515848:
4202104010746010009339834:
4202104010746090008501288:
4202104010746130009297868:
4202104010746420000439540:
4202104010747170009236868:
4202104010747190003137945:
4202104010747230009226823:
4202104010747250009324614:
4202104010747520009331048:
4202104010748110009279494:
4202104010748130009331048:
4202104010748150009339225:
4202104010748190006024107:
4202104010748390009234466:
4202104010748420009331044:
4202104010748510000424167:
4202104010748530009341511:
4202104010749050009349985:
4202104010749150006033000:
4202104010749290008692544:
4202104010749350009250787:
4202104010749380009236820:
4202104010749400006039973:
4202104010749490008690224:
4202104010749520009346055:
4202104010750120009339818:
4202104010750140009326658:
4202104010750170008429607:
4202104010750190008695597:
4202104010750210009341742:
4202104010750360008512783:
4202104010750380008499867:
4202104010750490009349972:
4202104010750510009326600:
4202104010750530009273291:
4202104010750570001088074:
4202104010751060009340819:
4202104010751200009352010:
4202104010751230008684967:
4202104010751370008697764:
4202104010751400008713215:
4202104010751510009351814:
4202104010751550004025142:
4202104010751580008501953:
4202104010752040009343593:
4202104010752080009340470:
4202104010752110008689944:
4202104010752120006028799:
4202104010752250009339821:
4202104010752320009225500:
4202104010752350009277510:
4202104010752370009273026:
4202104010752540009346345:
4202104010753010003126147:
4202104010753070009342143:
4202104010753210009305260:
4202104010753231513631101:
4202104010753270008500083:
4202104010753310009325498:
4202104010753330008679170:
4202104010753480009342035:
4202104010753510006031529:
4202104010753540008504275:
4202104010753570009326617:
4202104010754000004163548:
4202104010754070009298206:
4202104010754080008697841:
4202104010754100006036997:
4202104010754110009339837:
4202104010754210009327564:
4202104010754230009233697:
4202104010754300009327458:
4202104010754340009283252:
4202104010754390009327613:
4202104010754400008492638:
4202104010754520009313131:
4202104010754560008493895:
4202104010755060009295454:
4202104010755080006039974:
4202104010755140007411321:
4202104010755170003116965:
4202104010755200009354581:
4202104010755220008677259:
4202104010755230009346685:
4202104010755280009342997:
4202104010755300008499675:
4202104010755340009327620:
4202104010755470008494427:
4202104010755510009246202:
4202104010755530006013128:
4202104010755550008495556:
4202104010755570008499706:
4202104010755590009234484:
4202104010756020006020220:
4202104010756070004179293:
4202104010756220007409909:
4202104010756250009324118:
4202104010756260008710875:
4202104010756300009346035:
4202104010756320009342142:
4202104010756330009342978:
4202104010756350009354827:
4202104010756380006027345:
4202104010756400009342982:
4202104010756430009246199:
4202104010756460003126356:
4202104010756480008512397:
4202104010756500008695667:
4202104010756540007404978:
4202104010756560008494201:
4202104010756570009342984:
4202104010757000000431385:
4202104010757020009342034:
4202104010757040009341989:
4202104010757090001083930:
4202104010757110007395601:
4202104010757140004169060:
4202104010757170008493749:
4202104010757190009321481:
4202104010757210008717694:
4202104010757230009351958:
4202104010757250007421253:
4202104010757420008699709:
4202104010757470009348608:
4202104010757560009234486:
4202104010758010009324605:
4202104010758240009339204:
4202104010758260008511222:
4202104010758300008515910:
4202104010758550009288958:
4202104010759010008719239:
4202104010759040009343430:
4202104010759230007402196:
4202104011703000009339821:
4202104011801330009331048:
4202104011804170009234458:
4202104011807030009234249:
4202104011807070008512783:
4202104011811280008679170:
4202104011811580009272601:
4202104011859570009342997:
4202104011900000008708992:
4202104011900020004179293:
4202104011900030009250787:
4202104011900050009346058:
4202104011900080009342143:
4202104011900090008491998:
4202104011900110009225500:
4202104011900130009351814:
4202104011900150009341013:
4202104011900170009346340:
4202104011900190007404978:
4202104011900210008493092:
4202104011900240008495556:
4202104011900261513631101:
4202104011900280009246202:
4202104011900320009342984:
4202104011900330009327613:
4202104011900360009283252:
4202104011900410008499675:
4202104011900440008500083:
4202104011900470004025142:
4202104011900550009351958:
4202104011900560009346685:
4202104011901050007419418:
4202104011901070008493895:
4202104011901090009339204:
4202104011901110009326617:
4202104011901120008512397:
4202104011901140003116965:
4202104011901170009273026:
4202104011901190000431385:
4202104011901260009342034:
4202104011901280009231425:
4202104011901300008695597:
4202104011901320008715839:
4202104011901430009340470:
4202104011901470009325498:
4202104011901480006041875:
4202104011901500008710875:
4202104011901580009346345:
4202104011902120001088074:
4202104011902480009326648:
4202104011903001513653075:
4202104011903030009311280:
4202104011903080009349985:
4202104011903330009225508:
4202104011903420008499706:
4202104011904210009352010:
4202104011908110008712416:
4202104011909510008716113:
4202104011911270006013135:
4202104011959140008717694:
4202104011959330009324118:
4202104011959370003126380:
4202104012000000006021991:
4202104012000030008717694:
4202104012000050009342035:
4202104012000060008429607:
4202104012000080009342035:
4202104012000110009340816:
4202104012000140009295454:
4202104012000190003126356:
4202104012000310009289801:
4202104012000370009339915:
4202104012000400007411321:
4202104012000420009339144:
4202104012000440009324076:
4202104012000460009236820:
4202104012000470007395601:
4202104012000540008699709:
4202104012001320008719239:
4202104012003070009343593:
4202104012004000008678308:
4202104012157430009338161:
4202104012158060008514966:
4202104012158200001083930:
4202104012159230009324629:
4202104012159270009342962:
4202104012159300009323446:
4202104012159320006040155:
4202104012159400009342982:
4202104012200030009346367:
4202104012200040008504275:
4202104012200060009343174:
4202104012200080004169060:
4202104012200100009236868:
4202104012200120009353030:
4202104012200140004163548:
4202104012200160009288958:
4202104012200200004163548:
4202104012200220009288958:
4202104012200260003117204:
4202104012200380009297868:
4202104012200430009342142:
4202104012200460009346035:
4202104012200490009331044:
4202104012201170009327620:
5202104010013050008694944:
5202104010039551513646659:
5202104010044130008424093:
5202104010046450003918604:
5202104010047430008500956:
5202104010047470009253995:
5202104010721320008677773:
5202104010724010008439606:
5202104010728490003915458:
5202104010729110008508441:
5202104010729340009226392:
5202104010732450006036505:
5202104010732500009291663:
5202104010732540006022439:
5202104010734050009324119:
5202104010734520009246204:
5202104010736170009254926:
5202104010736490008503198:
5202104010737520008500956:
5202104010738240009281753:
5202104010739180008508219:
5202104010742070008506907:
5202104010742090006040161:
5202104010742150008698044:
5202104010743190009234089:
5202104010743490009303870:
5202104010744450008496471:
5202104010744460007421210:
5202104010745350008497657:
5202104010745400006014349:
5202104010746020009232651:
5202104010746360009337900:
5202104010746380009346353:
5202104010747030009346063:
5202104010747050008686064:
5202104010747080009349952:
5202104010747120008496191:
5202104010747150001079288:
5202104010747410004165136:
5202104010747460009321818:
5202104010748020009246193:
5202104010748080008692587:
5202104010748110008508326:
5202104010749230006024747:
5202104010749260003918604:
5202104010749320008512059:
5202104010749350009342002:
5202104010749510009248259:
5202104010749560009314286:
5202104010750040008681883:
5202104010750070007396360:
5202104010750100008680743:
5202104010750120008494798:
5202104010750170009234487:
5202104010750260006040953:
5202104010750320008690941:
5202104010750440008716113:
5202104010750500009351833:
5202104010750530003137970:
5202104010750560004181482:
5202104010750580009340824:
5202104010751240008699606:
5202104010751260006029906:
5202104010751330009272184:
5202104010751370008515447:
5202104010751420009341005:
5202104010751460009287011:
5202104010751500001108277:
5202104010752080003126381:
5202104010752130008497795:
5202104010752150009342035:
5202104010752170009339803:
5202104010752190002851465:
5202104010752200009339794:
5202104010752220008493144:
5202104010752240006019316:
5202104010752260009326617:
5202104010752280009313377:
5202104010752330009282645:
5202104010752380009343567:
5202104010752420009336990:
5202104010752490009326432:
5202104010752510008494333:
5202104010752530009323007:
5202104010752560009311280:
5202104010752580008678354:
5202104010753000009286624:
5202104010753040008494267:
5202104010753050008509806:
5202104010753070008495037:
5202104010753090008509806:
5202104010753130009279481:
5202104010753160008493833:
5202104010753180008424093:
5202104010753200006019428:
5202104010753230008499206:
5202104010753250008497463:
5202104010753280009253995:
5202104010753320008706494:
5202104010753340009307295:
5202104010753500006032920:
5202104010753530009340499:
5202104010753590009225522:
5202104010754020007414046:
5202104010754040009241934:
5202104010754080008701083:
5202104010754090009276908:
5202104010754150008708992:
5202104010754170008702698:
5202104010754190008498988:
5202104010754250009321362:
5202104010754280008497759:
5202104010754290008691017:
5202104010754320006041088:
5202104010754340008709369:
5202104010754360000431412:
5202104010754380009339792:
5202104010754410009226422:
5202104010754430009342958:
5202104010754450009314167:
5202104010754470006033001:
5202104010754510009326604:
5202104010754540009346064:
5202104010754590008509894:
5202104010755010008703345:
5202104010755050009326622:
5202104010755070009288638:
5202104010755090006010458:
5202104010755110006032030:
5202104010755130008496310:
5202104010755140009351770:
5202104010755170008508587:
5202104010755200008696894:
5202104010755230009351823:
5202104010755250009341030:
5202104010755280008678770:
5202104010755300006036993:
5202104010755330009225495:
5202104010755350007421212:
5202104010755390008682585:
5202104010755420008702320:
5202104010755450008707832:
5202104010755470009321326:
5202104010755500008508546:
5202104010755530008491998:
5202104010755551513646659:
5202104010755570009346180:
5202104010755590009253997:
5202104010756020008695756:
5202104010756050008701527:
5202104010756070009310727:
5202104010756100007407764:
5202104010756110008493677:
5202104010756130009324085:
5202104010756160009326612:
5202104010756170008504457:
5202104010756210008695140:
5202104010756240007400852:
5202104010756270009337006:
5202104010756290006029990:
5202104010756310009351317:
5202104010756330008500603:
5202104010756360009347747:
5202104010756410009301551:
5202104010756430008500167:
5202104010756460008710326:
5202104010756470008678308:
5202104010756490007422376:
5202104010756500009339219:
5202104010756560009232653:
5202104010756590007406867:
5202104010757020008709061:
5202104010757040008702965:
5202104010757060008694944:
5202104010757080009240533:
5202104010757100009326618:
5202104010757120003126380:
5202104010757140009346058:
5202104010757170007402482:
5202104010757190006039334:
5202104010757210007401654:
5202104010757250007402523:
5202104010757270009233737:
5202104010757300008709393:
5202104010757340009346020:
5202104010757370006024859:
5202104010757390006021991:
5202104010757420009342959:
5202104010757500008696238:
5202104010757570008692560:
5202104010758000009283515:
5202104010758020009236810:
5202104010758080009322682:
5202104010758110008509836:
5202104010758130009278449:
5202104010758150008509836:
5202104010758190008507377:
5202104010758200009225494:
5202104010758230003137987:
5202104010758250008508352:
5202104010758260006032999:
5202104010758280008688767:
5202104010758290009340483:
5202104010758380008426248:
5202104010758400006015164:
5202104010758430009339828:
5202104010758490006042277:
5202104010758550008709954:
5202104010758580009230785:
5202104010759040009346038:
5202104010759070009273437:
5202104010759100009326648:
5202104010759110000442293:
5202104010759130009324604:
5202104010759150006027540:
5202104010759250009234240:
5202104010759400009339144:
5202104010759490009313676:
5202104010800030008502364:
5202104010800160009313530:
5202104010800200009342183:
5202104010800260008506632:
5202104010800400009234247:
5202104010800440009279728:
5202104010800470006036321:
5202104010800490009291327:
5202104010800530008494964:
5202104010800550007410385:
5202104010801230008713081:
5202104010801360006024735:
5202104010801400007419418:
5202104010801460007396553:
5202104010802050008510378:
5202104010802080008426247:
5202104010802190009303525:
5202104010804090007407502:
5202104010805370008693150:
5202104010805430009291061:
5202104010807120008493028:
5202104010809470003137754:
5202104010812180001100446:
5202104010816260006022420:
5202104010836350006027553:
5202104010943470009325536:
5202104011702070009340824:
5202104011709100009339524:
5202104011709150009346170:
5202104011710050008499782:
5202104011710160009339797:
5202104011741130006029990:
5202104011801230009225488:
5202104011809390009246193:
5202104011836000006024735:
5202104011859390009230754:
5202104011900030009288638:
5202104011900050000431412:
5202104011900070008709369:
5202104011900090009230754:
5202104011900120008681883:
5202104011900150006033001:
5202104011900190008678354:
5202104011900210009307295:
5202104011900260003137970:
5202104011900320008701527:
5202104011900550009314286:
5202104011900590008506907:
5202104011901030006019428:
5202104011901050006040161:
5202104011901070008702965:
5202104011901090008695140:
5202104011901120008702965:
5202104011901140009314167:
5202104011901290008696238:
5202104011902000009279481:
5202104011902370009326612:
5202104011902390008706494:
5202104011902470007396360:
5202104011902580006030484:
5202104011902590009287011:
5202104011903010009281753:
5202104011903040009321362:
5202104011903060009225522:
5202104011903180008509806:
5202104011903450009347747:
5202104011904000008695756:
5202104011904180009351833:
5202104011904240008690941:
5202104011904370009234487:
5202104011904570008698044:
5202104011904590009234089:
5202104011905030006022439:
5202104011905370008678770:
5202104011906080009346180:
5202104011906120003126381:
5202104011906280009339828:
5202104011906330009337900:
5202104011907280009236810:
5202104011907301513652619:
5202104011907320008509894:
5202104011907530008514276:
5202104011909040008713081:
5202104011914510009286624:
5202104011914540003915458:
5202104011916220008508326:
5202104011916300009226392:
5202104011916370009241934:
5202104011920510008426248:
5202104011922370008426247:
5202104011929400008502364:
5202104011929500009254000:
5202104011940280009291663:
5202104011942230006036505:
5202104011957270008508546:
5202104012000030009324085:
5202104012000060009339792:
5202104012000410006041088:
5202104012001560006024859:
5202104012002450008699606:
5202104012002490008707832:
5202104012002570009339794:
5202104012003000009342002:
5202104012003440009342959:
5202104012003530008696894:
5202104012003560009342183:
5202104012003570009321818:
5202104012004010009254229:
5202104012004090006036993:
5202104012004180009351317:
5202104012006150008508352:
5202104012006430009313377:
5202104012011080003918604:
5202104012011210008500956:
5202104012011520009253995:
5202104012018530006027540:
5202104012026410008508219:
5202104012047360008508441:
5202104012047380006036321:
5202104012054420009324604:
5202104012058480007402523:
5202104012058500008494333:
5202104012058520008499206:
5202104012058550008512059:
5202104012058580008494333:
5202104012100000009326432:
5202104012100040008495037:
5202104012100050008694944:
5202104012100070009326432:
5202104012100120008694944:
5202104012100400009225522:
5202104012104000008503198:
5202104012104130009346064:
5202104012200010009339225:
5202104012200030008514966:
5202104012200050008501953:
5202104012200130009339277:
5202104012200160003126147:
5202104012200220006039807:
6202104010714411513631233:
6202104010722220008676957:
6202104010724410008501833:
6202104010729040009305197:
6202104010729240004166400:
6202104010732590008503532:
6202104010737380009246204:
6202104010738070008503089:
6202104010738151513626317:
6202104010738160009307131:
6202104010738470008510716:
6202104010738500009327616:
6202104010740000008707911:
6202104010741020009303697:
6202104010741540006039675:
6202104010741550008683421:
6202104010743100009326438:
6202104010744000006039674:
6202104010744200009304051:
6202104010744230008518877:
6202104010744270008507639:
6202104010744320009339915:
6202104010744340000424545:
6202104010744430008694707:
6202104010745030008685403:
6202104010745090009247696:
6202104010745220008711152:
6202104010745290009354460:
6202104010745420007395592:
6202104010745470008501852:
6202104010745590008495972:
6202104010746100008707174:
6202104010746230000442316:
6202104010746580006039995:
6202104010747030008506434:
6202104010747060006014994:
6202104010747080008514116:
6202104010747110008508655:
6202104010747130007402498:
6202104010747150006039129:
6202104010747180008443266:
6202104010747270009254191:
6202104010747340009342998:
6202104010747370008517815:
6202104010747420003892332:
6202104010747500008500109:
6202104010748010009254000:
6202104010748160009326609:
6202104010748300009252946:
6202104010748320008508964:
6202104010748340008710216:
6202104010748440009337945:
6202104010748540008496133:
6202104010748560006027609:
6202104010748590009323446:
6202104010749030007417231:
6202104010749060008681212:
6202104010749080009350096:
6202104010749110008711445:
6202104010749140009254167:
6202104010749180009232613:
6202104010749220009226946:
6202104010749240008699485:
6202104010749270009330829:
6202104010749310008716625:
6202104010749350006041875:
6202104010749390008708003:
6202104010749410009342962:
6202104010749430008686117:
6202104010749550008499108:
6202104010750000009296878:
6202104010750100009233695:
6202104010750240007422383:
6202104010750300008698455:
6202104010750310008680442:
6202104010750350009348376:
6202104010750370009310978:
6202104010750390008715839:
6202104010750420009240520:
6202104010750440006023085:
6202104010750460009324879:
6202104010750490006024122:
6202104010750510008512035:
6202104010750520009232352:
6202104010750540009354396:
6202104010750550009322654:
6202104010751060008702008:
6202104010751100006018008:
6202104010751140009322701:
6202104010751170009233704:
6202104010751210004045200:
6202104010751230006025806:
6202104010751270008696388:
6202104010751310009324629:
6202104010751330009301075:
6202104010751350009339254:
6202104010751380008517496:
6202104010751400008689537:
6202104010751420009243147:
6202104010751430009335560:
6202104010751460009343384:
6202104010751480007406670:
6202104010751510009247694:
6202104010751540008512859:
6202104010751570008712134:
6202104010751590008493802:
6202104010752020008688939:
6202104010752060008501795:
6202104010752090006027344:
6202104010752110009226959:
6202104010752150009299555:
6202104010752230008500401:
6202104010752260009277817:
6202104010752430008509407:
6202104010752450006040360:
6202104010752470009226817:
6202104010752500006039972:
6202104010752510009326626:
6202104010752530009308083:
6202104010752560008515578:
6202104010752590004163548:
6202104010753030006040154:
6202104010753060009352016:
6202104010753080009346327:
6202104010753090008709659:
6202104010753150000439530:
6202104010753180009294520:
6202104010753220001096293:
6202104010753250008491901:
6202104010753280009333812:
6202104010753290009293535:
6202104010753320009348729:
6202104010753340009230749:
6202104010753370008492121:
6202104010753400006025807:
6202104010753440009348542:
6202104010753470006022003:
6202104010753500006026834:
6202104010753530001083945:
6202104010753550009326647:
6202104010753570008696164:
6202104010753580007421269:
6202104010754000008498240:
6202104010754040006020195:
6202104010754080008702658:
6202104010754100008493217:
6202104010754120008510338:
6202104010754140006021988:
6202104010754160008714702:
6202104010754180004046800:
6202104010754290008689254:
6202104010754320009234457:
6202104010754360009324637:
6202104010754390009287411:
6202104010754420008506912:
6202104010754440009341919:
6202104010754450008712416:
6202104010754470003137967:
6202104010754490008717268:
6202104010754510008709488:
6202104010754530008698315:
6202104010754550006018006:
6202104010754560008693920:
6202104010754580006039807:
6202104010755000008492754:
6202104010755020008511515:
6202104010755040008500597:
6202104010755060006036996:
6202104010755070009339802:
6202104010755100008683912:
6202104010755130008516512:
6202104010755170009336959:
6202104010755190003137963:
6202104010755210008516512:
6202104010755250006028451:
6202104010755280008692032:
6202104010755310008509050:
6202104010755340008429633:
6202104010755360009354391:
6202104010755390008494924:
6202104010755420008516213:
6202104010755450009348748:
6202104010755460009324574:
6202104010755500000424007:
6202104010755520009341013:
6202104010755540008505427:
6202104010755570009354582:
6202104010755580008689470:
6202104010756000008699273:
6202104010756030008688282:
6202104010756040006032030:
6202104010756060006010458:
6202104010756090009348603:
6202104010756100008513654:
6202104010756170009323999:
6202104010756190008699830:
6202104010756220009351830:
6202104010756230009276489:
6202104010756260009354825:
6202104010756270009273013:
6202104010756290008506074:
6202104010756310009251764:
6202104010756330008677829:
6202104010756350008715106:
6202104010756370009343174:
6202104010756380009327615:
6202104010756400006035580:
6202104010756420009247684:
6202104010756440007404952:
6202104010756450008690794:
6202104010756470009299920:
6202104010756490006029911:
6202104010756510009254212:
6202104010756530006019432:
6202104010756550008500888:
6202104010756560006015460:
6202104010757000006039337:
6202104010757030009254207:
6202104010757050008711249:
6202104010757070006036708:
6202104010757080008714113:
6202104010757100008505206:
6202104010757120008492065:
6202104010757130008498971:
6202104010757180009225508:
6202104010757220009342981:
6202104010757270008512784:
6202104010757330007400852:
6202104010757370009311591:
6202104010757400006036994:
6202104010757430008688253:
6202104010757490007421209:
6202104010757510007406867:
6202104010757560009324138:
6202104010757590007406637:
6202104010758020009240533:
6202104010758060009322590:
6202104010758070008426949:
6202104010758100008719239:
6202104010758120008495161:
6202104010758140009340816:
6202104010758220009346352:
6202104010758260009340450:
6202104010758300008500889:
6202104010758320006033720:
6202104010758380008701103:
6202104010758410009330815:
6202104010758510008692560:
6202104010759130008690234:
6202104010800040009226429:
6202104010802050006016277:
6202104010803020009233713:
6202104010805280004179142:
6202104010810520008496431:
6202104010827030009298073:
6202104010850000009290471:
6202104011709190008695667:
6202104011709210009283515:
6202104011709240009226422:
6202104011736230009325536:
6202104011800090008707174:
6202104011800140008714702:
6202104011800170009340801:
6202104011800300009352016:
6202104011801030003137754:
6202104011801480009354460:
6202104011803150003137972:
6202104011803270006018008:
6202104011803290008499108:
6202104011803310007404952:
6202104011803350009226959:
6202104011804510008678678:
6202104011805020008683912:
6202104011806420008698455:
6202104011812550008512784:
6202104011854570008493028:
6202104011859160009226946:
6202104011859190009307131:
6202104011859280006039674:
6202104011859310008507639:
6202104011859340009247696:
6202104011859460009233713:
6202104011859520009299555:
6202104011900000006039972:
6202104011900020009233704:
6202104011900040009233713:
6202104011900050008505206:
6202104011900070008506434:
6202104011900090007417231:
6202104011900100006036708:
6202104011900240008696238:
6202104011900280006025806:
6202104011900320009232653:
6202104011900370006014994:
6202104011900380006027344:
6202104011900420008509407:
6202104011900440009246204:
6202104011900460008689537:
6202104011900500008517815:
6202104011900510009343384:
6202104011900540006039995:
6202104011900560009327616:
6202104011900580009346020:
6202104011900590008513654:
6202104011901010008510716:
6202104011901040009232613:
6202104011901060000442316:
6202104011901080008689564:
6202104011901090009301075:
6202104011901120007395592:
6202104011901140009346055:
6202104011901160009346173:
6202104011901180009254212:
6202104011901200008501795:
6202104011901220008443266:
6202104011901290002854367:
6202104011901300008508655:
6202104011901340004046800:
6202104011901380009342998:
6202104011901400009276489:
6202104011901420009281874:
6202104011901430009354391:
6202104011901460009354582:
6202104011901500009354391:
6202104011901510006032030:
6202104011901550008696164:
6202104011901560008500603:
6202104011901590006025807:
6202104011902030008714113:
6202104011902070003137966:
6202104011902090008694707:
6202104011902120009240533:
6202104011902150009226823:
6202104011902180009327615:
6202104011902200006028451:
6202104011902210008514116:
6202104011902240008711445:
6202104011902260006040360:
6202104011902300009343430:
6202104011902320009340450:
6202104011902350008703345:
6202104011902370006028451:
6202104011902380009254207:
6202104011902410008511515:
6202104011902430008677829:
6202104011902450008508964:
6202104011902520009346324:
6202104011902570007401131:
6202104011903080006030480:
6202104011903100008696388:
6202104011903140008498971:
6202104011903200008493802:
6202104011903270008516213:
6202104011903300008689470:
6202104011903320009296878:
6202104011903340006039675:
6202104011903360009299920:
6202104011903380008500597:
6202104011903400008683421:
6202104011903480008510338:
6202104011904090006027609:
6202104011904170008492121:
6202104011904190007422383:
6202104011904220008492065:
6202104011905010008512035:
6202104011905280006010458:
6202104011906150008680648:
6202104011907350008707911:
6202104011907370008507377:
6202104011907460001099256:
6202104011907560009311591:
6202104011908030006039337:
6202104011908440009309504:
6202104011910421513409863:
6202104011921110008494798:
6202104011926350009294520:
6202104011928520009234066:
6202104011928540009254000:
6202104011929270009349952:
6202104011934350006014349:
6202104011953340009346063:
6202104011959280008713719:
6202104011959310008517496:
6202104011959350008498240:
6202104011959410001083945:
6202104011959420008426949:
6202104011959440009298206:
6202104011959450007421209:
6202104011959470008501852:
6202104012000140008509836:
6202104012000190006040154:
6202104012000210008496191:
6202104012000240009323007:
6202104012000260008495972:
6202104012000290008708003:
6202104012000300006015460:
6202104012000330006026834:
6202104012000350008509050:
6202104012000380008702658:
6202104012000410009343149:
6202104012000420009326609:
6202104012000450009254191:
6202104012001130009348729:
6202104012001500008702008:
6202104012001530008689254:
6202104012001580001096293:
6202104012002000008698315:
6202104012003170009322602:
6202104012003490008512859:
6202104012004090009272184:
6202104012004270006029906:
6202104012004300008688253:
6202104012004460008678308:
6202104012005330009326438:
6202104012006360009275624:
6202104012011200008500109:
6202104012011220008506074:
6202104012011300007406867:
6202104012011350008692560:
6202104012011400009233737:
6202104012011470008501833:
6202104012012000006018006:
6202104012012540009252946:
6202104012013080006036996:
6202104012013410009247684:
6202104012013430006035580:
6202104012016170009341919:
6202104012016220003892332:
6202104012016380006033720:
6202104012016510009247694:
6202104012016520009226817:
6202104012016550006024122:
6202104012017290007405149:
6202104012017450007421269:
6202104012017480009348603:
6202104012023220008500401:
6202104012030370009296138:
6202104012048310008498988:
6202104012107090008492754:
6202104012158330009338161:
6202104012159050009351830:
6202104012159160009341742:
6202104012159300008713215:
6202104012159320008494201:
6202104012159350008712134:
6202104012159400009323999:
6202104012159410008713215:
6202104012159440009323999:
6202104012200030009300618:
6202104012200280003137964:
6202104012200320009233695:
6202104012200400006040155:
6202104012201330008506912:
6202104012202230009226429:
6202104012203400009252945:
6202104012206140009304051:
8202104010732310006021964:
8202104010735360009324076:
8202104010739110008692290:
8202104010739470002851485:
8202104010739510007396382:
8202104010740590008708560:
8202104010741570006013135:
8202104010743300008511681:
8202104010744370008500626:
8202104010745030008698121:
8202104010746111513631613:
8202104010746250003132772:
8202104010747420003137945:
8202104010747520006037029:
8202104010747550009234249:
8202104010748110009339930:
8202104010748300009348776:
8202104010748340008512375:
8202104010748460008513100:
8202104010749400006033000:
8202104010749420006036504:
8202104010749440006028960:
8202104010749470008495426:
8202104010749500006040155:
8202104010749530009346181:
8202104010750020008504234:
8202104010750040006039973:
8202104010750120006027612:
8202104010750140009346055:
8202104010751340009352010:
8202104010751390009346364:
8202104010752320006028799:
8202104010752500009232376:
8202104010752550009340817:
8202104010753530008500083:
8202104010753570008679170:
8202104010754400009286387:
8202104010754540009289801:
8202104010755020009283252:
8202104010755500009346685:
8202104010757180009342984:
8202104010757260009337903:
8202104010757340008510188:
8202104010757360007395601:
8202104010757380006016091:
8202104010757440008493749:
8202104010758500008515910:
8202104010759530007402196:
8202104011800330009354825:
8202104011800350009287411:
8202104011800390008692032:
8202104011800420009293535:
8202104011802310009342978:
8202104011803580003137991:
8202104011804560006037029:
8202104011805350009230749:
8202104011805570008499867:
8202104011806010009234249:
8202104011806160008512783:
8202104011806260007409909:
8202104011806420008515848:
8202104011806490008504234:
8202104011806530008515910:
8202104011807020008504234:
8202104011807110006027345:
8202104011807140006020220:
8202104011807160006027345:
8202104011807180006036997:
8202104011807220009341511:
8202104011808010006027612:
8202104011808140008493749:
8202104011808250009327458:
8202104011808300008504457:
8202104011808450006024107:
8202104011808540008495426:
8202104011810500008679170:
8202104011812541513631613:
8202104011859250006028960:
8202104011859280006036504:
8202104011859470009351814:
8202104011900120009342984:
8202104011900150006021988:
8202104011900170008500083:
8202104011900190008499675:
8202104011900210004025142:
8202104011900230007396382:
8202104011900260009346685:
8202104011900280006021964:
8202104011900300009341989:
8202104011900320009234466:
8202104011900330003137945:
8202104011900350008429633:
8202104011900360008512397:
8202104011900380009326617:
8202104011900390008495161:
8202104011900410008690794:
8202104011900430008511222:
8202104011900440009286387:
8202104011900470009321481:
8202104011900490009339818:
8202104011900500009346181:
8202104011900520009327564:
8202104011900540009324138:
8202104011900560009240520:
8202104011900570006016091:
8202104011900590006022003:
8202104011901000008510188:
8202104011901030008715839:
8202104011901060008492410:
8202104011901090000439540:
8202104011901100006039974:
8202104011901130008494427:
8202104011901140009340470:
8202104011901170009333812:
8202104011901200008710875:
8202104011901280009253719:
8202104011901340008500626:
8202104011901390009305260:
8202104011901460009341788:
8202104011901490009313131:
8202104011901500009279494:
8202104011901540009326658:
8202104011901570007421253:
8202104011902170001087543:
8202104011902190009339930:
8202104011902210008677259:
8202104011902250009326648:
8202104011902380008711197:
8202104011902490008697841:
8202104011903020009349972:
8202104011903120009340819:
8202104011903150009234240:
8202104011903200007400852:
8202104011903220008499706:
8202104011903240006013128:
8202104011903410009348608:
8202104011903450003132772:
8202104011903500009352010:
8202104011903520009326600:
8202104011903530009232352:
8202104011903550009339834:
8202104011904130009354396:
8202104011905280008692290:
8202104011905350008517323:
8202104011905470007402196:
8202104011907490008712416:
8202104011911070006013135:
8202104011913260009234484:
8202104011916460008689944:
8202104011920060009346364:
8202104011920320008493340:
8202104011931020008698121:
8202104011934150008505427:
8202104011958020009354827:
8202104011958520008717694:
8202104011959010009354581:
8202104011959150006039973:
8202104011959170009348376:
8202104011959230006021991:
8202104011959280006026834:
8202104012000000009243147:
8202104012000020009277510:
8202104012000040009337903:
8202104012000060009312090:
8202104012000090009339144:
8202104012000110003934713:
8202104012000140009324076:
8202104012000150007406670:
8202104012000170009343592:
8202104012000190009234457:
8202104012000210007395601:
8202104012000230009324605:
8202104012000260002851485:
8202104012000280008677438:
8202104012000300009348776:
8202104012000320008690224:
8202104012000350008511681:
8202104012001130008512375:
8202104012001160008697764:
8202104012001190009233697:
8202104012001220009310978:
8202104012001260009322590:
8202104012001300009342981:
8202104012002220006019432:
8202104012002400009343593:
8202104012002540008708560:
8202104012003040004045200:
8202104012003060007406683:
8202104012003110008513100:
8202104012003140009298435:
8202104012003400008493677:
8202104012003450006033000:
8202104012007070009234486:
8202104012009490006031529:
8202104012010210009273291:
8202104012012080008677903:
8202104012014070008508406:
8202104012014170009273437:
8202104012014190006021955:
8202104012157380008501953:
8202104012158110006039807:
8202104012159020008709488:
8202104012159060009342982:
8202104012159120009288958:
8202104012200140009331044:
8202104012200180000424545:
8202104012200430009339837:
8202104012200520009327620:
8202104012201070008698795:
