2202104290000550009348542:
2202104290002430009346353:
2202104290005090009300544:
2202104290030010009323007:
2202104290030020004163548:
2202104290030050008504234:
2202104290030070008680648:
2202104290030230009339225:
2202104290030360008496191:
2202104290032230003126147:
2202104290032250009348376:
2202104290032270009336990:
2202104290032290000424167:
2202104290032320009230749:
2202104290032360009342953:
2202104290033250001087543:
2202104290036040001097762:
2202104290036050009351833:
2202104290036160003137990:
2202104290036170009226422:
2202104290036190008515081:
2202104290036210009225523:
2202104290036230009338814:
2202104290036250004180013:
2202104290036270006012153:
2202104290036290008517932:
2202104290036310009230795:
2202104290036340009346170:
2202104290036360009226965:
2202104290036380008692450:
2202104290036400009352009:
2202104290036430009326645:
2202104290036461513652619:
2202104290036480008503915:
2202104290036500007407739:
2202104290036510009339795:
2202104290036530009225522:
2202104290036540008503915:
2202104290036560008718216:
2202104290036580006032924:
2202104290036590009247716:
2202104290037010008507561:
2202104290037030009351998:
2202104290037050009321818:
2202104290037071513645885:
2202104290037100008687593:
2202104290037130006029988:
2202104290037160009351317:
2202104290037170006028292:
2202104290037190009348762:
2202104290037210009297574:
2202104290037230008491998:
2202104290037270008706878:
2202104290037290008513950:
2202104290037320009314377:
2202104290037330009338246:
2202104290037350008510696:
2202104290037370008494910:
2202104290037430009324831:
2202104290037450009250799:
2202104290037460009339273:
2202104290037510009249499:
2202104290037530009339273:
2202104290037550009323985:
2202104290037580008509708:
2202104290038010009339273:
2202104290038030009252984:
2202104290038040006022852:
2202104290038070009249499:
2202104290038090001088073:
2202104290038110008694944:
2202104290038130009346376:
2202104290038140008512059:
2202104290038160009234480:
2202104290038170009254229:
2202104290038190006022852:
2202104290038210003920040:
2202104290038220009254229:
2202104290038240009236809:
2202104290038250007421212:
2202104290038270007402194:
2202104290038280008690529:
2202104290038300009342002:
2202104290038320006031525:
2202104290038340008493286:
2202104290038370006039671:
2202104290038380009230780:
2202104290038400006039671:
2202104290038420008506797:
2202104290038430008686064:
2202104290038450007421252:
2202104290038470008519522:
2202104290038480008497795:
2202104290038500000439539:
2202104290038510008676811:
2202104290038530008494333:
2202104290038550009342183:
2202104290038560009230785:
2202104290038580009342183:
2202104290039000008494333:
2202104290039020009254183:
2202104290039030008709954:
2202104290039050009346707:
2202104290039060009234236:
2202104290039070008495616:
2202104290039090009234467:
2202104290039110008495616:
2202104290039130008509370:
2202104290039140009346362:
2202104290039160009346180:
2202104290039170008504268:
2202104290039190009343374:
2202104290039210009225507:
2202104290039220000424165:
22021042900239240009342996:
2202104290039250009225506:
2202104290039270008694659:
2202104290039290009276797:
2202104290039300008493366:
2202104290039320009346708:
2202104290039340006018009:
2202104290039350009225495:
2202104290039400009339797:
2202104290039410009225495:
2202104290039430008496310:
2202104290039450006036993:
2202104290039460009347607:
2202104290039480009226795:
2202104290039490006036993:
2202104290039510009354401:
2202104290039540007414082:
2202104290039570009294273:
2202104290039590009339824:
2202104290040010009303525:
2202104290040040009232355:
2202104290040060008691017:
2202104290040080009354576:
2202104290040100009324119:
2202104290040120009225494:
2202104290040140007398914:
2202104290040191513649006:
2202104290040220006039969:
2202104290040250009300596:
2202104290040270008508219:
2202104290040310008497463:
2202104290040350009313377:
2202104290040400008709393:
2202104290040530000442293:
2202104290041430001122092:
2202104290041460009339803:
2202104290041480006039494:
2202104290041500008704021:
2202104290042581513641316:
2202104290044420009343364:
2202104290052490008503532:
2202104290052520009285513:
2202104290054020003109818:
2202104290054040003137987:
2202104290109500007422376:
2202104290118240007410385:
2202104290630020007398914:
2202104290630040009313377:
2202104290630240009300596:
2202104290630300007398914:
2202104290641270008698279:
2202104290642110009225522:
2202104290642420009339273:
2202104290644401513645885:
2202104290645310009324831:
2202104290645430009314377:
2202104290645580008503789:
2202104290646370008499782:
2202104290647010008687593:
2202104290647040007402523:
2202104290648260009351770:
2202104290648290006012153:
2202104290649110009339812:
2202104290649130008494656:
2202104290649490006028292:
2202104290650030009234467:
2202104290650080009337900:
2202104290650150006027345:
2202104290650200008692742:
2202104290650230008504268:
2202104290650260008519041:
2202104290650290009234066:
2202104290650470008500167:
2202104290650500009281928:
2202104290650570009343374:
2202104290650590009252946:
2202104290651020008495037:
2202104290651070009232651:
2202104290651090008519522:
2202104290651120009326645:
2202104290651140008681703:
2202104290651290009226385:
2202104290651360001096293:
2202104290651420008508219:
2202104290651440008497463:
2202104290651470008690529:
2202104290651490009234480:
2202104290651510009340820:
2202104290651520009230781:
2202104290652010006013128:
2202104290652050008677300:
2202104290652340008499075:
2202104290652380006040284:
2202104290652410008717044:
2202104290652450004179472:
2202104290652560008717926:
2202104290652590009354576:
2202104290653050006018008:
2202104290653130008517932:
2202104290653170009339839:
2202104290653190009287011:
2202104290653300007421252:
2202104290653320009346173:
2202104290653340009346362:
2202104290653360006016276:
2202104290653370008497935:
2202104290653390000424545:
2202104290653410009348566:
2202104290653430009352010:
2202104290653440009342996:
2202104290654050009226965:
2202104290654080006022852:
2202104290654100009254229:
2202104290654190008704200:
2202104290654230009327564:
2202104290654250002854367:
2202104290654340008503915:
2202104290654390006032924:
2202104290654430009338246:
2202104290654450009321334:
2202104290654460009348542:
2202104290654480007418333:
2202104290654510007414082:
2202104290655060008495972:
2202104290655160009348762:
2202104290655180008496471:
2202104290655200007421210:
2202104290655380009321481:
2202104290655420008706878:
2202104290655460009346170:
2202104290655490009351308:
2202104290655530006019316:
2202104290655580009226795:
2202104290656020008683123:
2202104290656040008510090:
2202104290656130001088073:
2202104290656150006039671:
2202104290656180009253842:
2202104290656190009300544:
2202104290656230007402194:
2202104290656240009343592:
2202104290656260009234457:
2202104290656270009226816:
2202104290656290001087528:
2202104290656320009301551:
2202104290656340008513950:
2202104290656360003892332:
2202104290656390001083110:
2202104290656410009249499:
2202104290656430008676811:
2202104290656450008518095:
2202104290656460003137963:
2202104290656480006020195:
2202104290656500007419034:
2202104290656510009347607:
2202104290656530009351768:
2202104290656550009298206:
2202104290656560008692450:
2202104290656580008496310:
2202104290656590008511222:
2202104290657010006041875:
2202104290657030009326612:
2202104290657040009346180:
2202104290657060007395601:
2202104290657080009236809:
2202104290657090008698795:
2202104290657120008688253:
2202104290657170008507561:
2202104290657190009232378:
2202104290657230009225507:
2202104290657250003920040:
2202104290657281513649006:
2202104290657300006039969:
2202104290657320008506074:
2202104290657330006009777:
2202104290657350001114611:
2202104290657370009276489:
2202104290657400008707413:
2202104290657470009348603:
2202104290657530009281814:
2202104290657540007410282:
2202104290657560009346376:
2202104290657580009346707:
2202104290658020009341030:
2202104290658040008695667:
2202104290658060007411321:
2202104290658080009346685:
2202104290658090008504457:
2202104290658110008495556:
2202104290658130009254212:
2202104290658150006024735:
2202104290658170009303427:
2202104290658200009344566:
2202104290658220008701083:
2202104290658240009225488:
2202104290658260004169060:
2202104290658290008718216:
2202104290658330006030118:
2202104290658360008518128:
2202104290658390009283932:
2202104290658400008507829:
2202104290658420009225523:
2202104290658440009339144:
2202104290658580008509370:
2202104290659000008517783:
2202104290659060001077425:
2202104290659190009346708:
2202104290659280009243147:
2202104290659370003132773:
2202104290659390008699143:
2202104290659450009324119:
2202104290659560009342035:
2202104290700000004178213:
2202104290700040009324604:
2202104290700060007409900:
2202104290700110009326622:
2202104290700150009240533:
2202104290700170009286616:
2202104290700190006026834:
2202104290700211513626317:
2202104290700250008499631:
2202104290700260002851460:
2202104290700310008499631:
2202104290700520009339803:
2202104290700560001097762:
2202104290701090008697063:
2202104290702090001122092:
2202104290702110009344572:
2202104290702140001122092:
2202104290702170009339824:
2202104290702221513641316:
2202104290702570009291036:
2202104290703010007422376:
2202104290705000008704021:
2202104290705190008497260:
2202104290707110009339795:
2202104290707160007414046:
2202104290708200007410385:
2202104290710190003109818:
2202104290710410003137987:
2202104290736150006016277:
2202104290802260003137990:
2202104290811540000424165:
2202104291104010009349986:
2202104291300300009339795:
2202104291532250009348608:
2202104291532400008493217:
2202104291602520008499782:
2202104291711150009247716:
2202104291720050009291036:
2202104291729010008707413:
2202104291729050009310954:
2202104291729240009324637:
2202104291729290009226385:
2202104291729310008497528:
2202104291729390009273013:
2202104291729410009343149:
2202104291729430003132773:
2202104291729550006018006:
2202104291730060008503789:
2202104291730130008495616:
2202104291730240008493340:
2202104291730270008695597:
2202104291730330009339802:
2202104291730460003892332:
2202104291730500006016276:
2202104291730570008508290:
2202104291731190009240533:
2202104291731230008692560:
2202104291731390008501942:
2202104291731420009301551:
2202104291731440008500167:
2202104291731460009342978:
2202104291731470009346173:
2202104291731500008497935:
2202104291731570001087528:
2202104291731590004178213:
2202104291732000008690794:
2202104291732030009226816:
2202104291732060008713928:
2202104291732150008492754:
2202104291732170008509836:
2202104291732190009339828:
2202104291732220006018008:
2202104291732280009346055:
2202104291732290009246202:
2202104291732310009253719:
2202104291732330009311280:
2202104291732350009287011:
2202104291732360009306586:
2202104291732480009350096:
2202104291732550009327458:
2202104291733100000442316:
2202104291733160008710875:
2202104291733350003137754:
2202104291733390008678308:
2202104291733510008509370:
2202104291734190009305260:
2202104291734240008497276:
2202104291734410008508655:
2202104291735080006024741:
2202104291735330002851799:
2202104291738080009348566:
2202104291738360006022159:
2202104291740240008492480:
2202104291741120009321697:
2202104291741540008508352:
2202104291746380008498988:
2202104291746420009340483:
2202104291757430003137990:
2202104291900580008496471:
2202104291931090008681703:
2202104291956150009340812:
2202104292029450009344572:
2202104292029510009281874:
2202104292029540008495972:
2202104292029560008499108:
2202104292030060009351768:
2202104292030120009340499:
2202104292030200008692587:
2202104292030310009276908:
2202104292030350009248259:
2202104292030370008508587:
2202104292030490008509407:
2202104292031300008504457:
2202104292031310009348376:
2202104292031400006039506:
2202104292031430006026834:
2202104292031440007395601:
2202104292031470009243147:
2202104292035060009346063:
2202104292049130006029910:
2202104292113120006040155:
2202104292235070007407764:
3202104290631130008501288:
3202104290638530009234248:
3202104290638570008692290:
3202104290640150008680442:
3202104290642230009234108:
3202104290642590009339211:
3202104290643060006026835:
3202104290643570008680900:
3202104290644030008492549:
3202104290644150009351758:
3202104290644230009226399:
3202104290644320008686301:
3202104290644490008715839:
3202104290645190009335491:
3202104290646330008503824:
3202104290647370008503789:
3202104290647430008681212:
3202104290647490008712381:
3202104290647550008681103:
3202104290648020006029910:
3202104290648350008695330:
3202104290649000008687514:
3202104290649100008494092:
3202104290649360001103793:
3202104290649500008502984:
3202104290649520009252962:
3202104290649550008711197:
3202104290649580009340470:
3202104290650000009350096:
3202104290650040009234458:
3202104290650170008680648:
3202104290650200008701274:
3202104290650230009278449:
3202104290650380008685403:
3202104290650430008711152:
3202104290650480006029906:
3202104290650540008678678:
3202104290650560009236868:
3202104290651020003137754:
3202104290651130003137991:
3202104290651370008692117:
3202104290651450009310033:
3202104290651520003137967:
3202104290651560009234486:
3202104290652180009326650:
3202104290652450009284852:
3202104290652500009339802:
3202104290652530009295891:
3202104290652560008691341:
3202104290653040000442316:
3202104290653120009309829:
3202104290653140008703693:
3202104290653170009254167:
3202104290653210009324068:
3202104290653250006022433:
3202104290653280008697156:
3202104290653310008501480:
3202104290653320006040154:
3202104290653430009337945:
3202104290653450008513101:
3202104290653480006018008:
3202104290654000009322602:
3202104290654070008690203:
3202104290654100006030480:
3202104290654130009300618:
3202104290654180008492065:
3202104290654240009325511:
3202104290654330008505037:
3202104290654410009343149:
3202104290654440008514437:
3202104290654460009282830:
3202104290654530006032999:
3202104290654570007401131:
3202104290655010009342954:
3202104290655160009340812:
3202104290655230009322701:
3202104290655270009354625:
3202104290655390008689564:
3202104290655540009273013:
3202104290656020009343383:
3202104290656110006039541:
3202104290656150008514276:
3202104290656170008681357:
3202104290656200008514966:
3202104290656250008699485:
3202104290656310008680280:
3202104290656320009326609:
3202104290656350007419418:
3202104290656390009254169:
3202104290656450008493217:
3202104290657070009336959:
3202104290657110008512000:
3202104290657140009232375:
3202104290657160009234457:
3202104290657180009226816:
3202104290657210009354344:
3202104290657230009321321:
3202104290657260006015460:
3202104290657300008692811:
3202104290657350006019317:
3202104290657380008518095:
3202104290657400003137963:
3202104290657420008698286:
3202104290657440008713719:
3202104290657470009304051:
3202104290657490009324574:
3202104290657510008688253:
3202104290657530009231455:
3202104290657580008498170:
3202104290658160003137966:
3202104290658240009327615:
3202104290658480009348748:
3202104290658500006041721:
3202104290658530008707174:
3202104290659060008676957:
3202104290659080009225488:
3202104290659160008690234:
3202104290659250009354802:
3202104290659260008704323:
3202104290659280009326648:
3202104290659560008714113:
3202104290700100009346033:
3202104290700180008704360:
3202104290700220006030145:
3202104290700360008688767:
3202104290704290007402196:
3202104290704390008506597:
3202104290704550008508546:
3202104290705160009293880:
3202104290706250009351964:
3202104290908520009291327:
3202104291531330008698286:
3202104291532200008493217:
3202104291536570008699143:
3202104291631410003137966:
3202104291637420008703693:
3202104291715290009309504:
3202104291726360008508441:
3202104291728180003137963:
3202104291728200009225488:
3202104291728230008516658:
3202104291728250006041721:
3202104291728270006019317:
3202104291728280009324574:
3202104291728300009273013:
3202104291728320009340813:
3202104291728330006036994:
3202104291728350001096293:
3202104291728370008678678:
3202104291728390008513101:
3202104291728410008517496:
3202104291728420009324637:
3202104291728440009342954:
3202104291728460002854367:
3202104291728480000442287:
3202104291728500009326609:
3202104291728520009343149:
3202104291728550003132773:
3202104291728570008493770:
3202104291728590003137967:
3202104291729010009337945:
3202104291729050008699485:
3202104291729080008499556:
3202104291729100009340812:
3202104291729120008688767:
3202104291729150008503789:
3202104291729170009283252:
3202104291729190009300618:
3202104291729240009352016:
3202104291729260009322614:
3202104291729280008710216:
3202104291729320008715034:
3202104291729340008711249:
3202104291729370008707174:
3202104291729430009354344:
3202104291729450008692811:
3202104291729460009326647:
3202104291729490009339802:
3202104291729530008680900:
3202104291729550008679943:
3202104291729570009321321:
3202104291729590009354825:
3202104291730030009309829:
3202104291730060006024859:
3202104291730080009309829:
3202104291730100008701274:
3202104291730120008514276:
3202104291730160006029911:
3202104291730190009323999:
3202104291730320009279494:
3202104291730390008500888:
3202104291730480009325511:
3202104291730560009340816:
3202104291731000008506632:
3202104291731190009342034:
3202104291731210009226816:
3202104291731240008512000:
3202104291731250009253739:
3202104291731280008714113:
3202104291731300009284852:
3202104291731340008492754:
3202104291731370008697156:
3202104291731390008492754:
3202104291731410008509836:
3202104291731420008708003:
3202104291731440008707911:
3202104291731460008704360:
3202104291731490009322701:
3202104291731510006018008:
3202104291731530008681357:
3202104291731540008501480:
3202104291731560008505037:
3202104291731570008688282:
3202104291732000009306586:
3202104291732010008681212:
3202104291732040008692290:
3202104291732060009343384:
3202104291732080009339254:
3202104291732090008693920:
3202104291732110009339254:
3202104291732131513626317:
3202104291732140009232375:
3202104291732160009335491:
3202104291732180008689470:
3202104291732200009327615:
3202104291732210009324879:
3202104291732240008680442:
3202104291732260009326650:
3202104291732280000442316:
3202104291732290009252962:
3202104291732310007406670:
3202104291732340006022003:
3202104291732360009324138:
3202104291732370008699273:
3202104291732390008500889:
3202104291732410008680280:
3202104291732450008699992:
3202104291732480008687514:
3202104291732500009330829:
3202104291732540008689944:
3202104291732560000424146:
3202104291732580001103793:
3202104291733000009234248:
3202104291733020006022433:
3202104291733040009331842:
3202104291733060008697063:
3202104291733070008690234:
3202104291733100009254169:
3202104291733120009335560:
3202104291733140006028451:
3202104291733160008692117:
3202104291733180008685403:
3202104291733200008690203:
3202104291733220009354802:
3202104291733240008704323:
3202104291733260008501288:
3202104291733270009340817:
3202104291733300009340470:
3202104291733310006023085:
3202104291733330009321707:
3202104291733350003137991:
3202104291733360008681103:
3202104291733380006015460:
3202104291733390006014341:
3202104291733410009339144:
3202104291733430008517783:
3202104291733450008691341:
3202104291733470008445992:
3202104291733510008689564:
3202104291733530008503489:
3202104291733550008696388:
3202104291733580008695330:
3202104291733590009352010:
3202104291734010008688253:
3202104291734030008677829:
3202104291734050006032999:
3202104291734060008702698:
3202104291734070006030480:
3202104291734090008702698:
3202104291734140009278449:
3202104291734160009299255:
3202104291734180009251764:
3202104291734330009322602:
3202104291734350008716113:
3202104291734540009282830:
3202104291735020006030484:
3202104291735180000424007:
3202104291735410009308083:
3202104291735550006029906:
3202104291737430008494924:
3202104291739060008517323:
3202104291739140008505489:
3202104291740070008503824:
3202104291740110008492549:
3202104291740440008508546:
3202104291740470008698315:
3202104291740590008508352:
3202104291741560008506597:
3202104291742010009233722:
3202104291742470008495838:
3202104291745170008693150:
3202104291745230006026835:
3202104291745260008701103:
3202104291748540007418333:
3202104291753570009236868:
3202104291754000008504275:
3202104291755190009349952:
3202104291756390009354581:
3202104291757470009348603:
3202104291757530008508406:
3202104291758460008518095:
3202104291800160008494141:
3202104291800560009226399:
3202104291801140009291061:
3202104291802200009339211:
3202104291804250008698121:
3202104291804270009289323:
3202104291805110008676957:
3202104291815190008494092:
3202104291831360009234458:
3202104291920080009326438:
3202104291949350009343432:
3202104291955090008500378:
3202104292004180008677300:
3202104292017000006028797:
3202104292024510009274874:
3202104292029060009277510:
3202104292029210009341013:
3202104292029570009346364:
3202104292030020006031529:
3202104292030060009231425:
3202104292030310008506912:
3202104292030500000424545:
3202104292030550000424167:
3202104292031000009324076:
3202104292031020009343383:
3202104292031040007395601:
3202104292031070006040154:
3202104292031230009324085:
3202104292031330009343593:
3202104292031490006039129:
3202104292031550003126147:
3202104292032090007395593:
3202104292032110008698795:
3202104292032280003117204:
3202104292033270009348542:
3202104292033290008711152:
3202104292033460008494964:
3202104292034360007406637:
3202104292035060009234066:
3202104292042460008498988:
3202104292046170008680648:
3202104292058360009231455:
3202104292058440008698121:
3202104292127401513653821:
3202104292138320008500142:
4202104290628030009231425:
4202104290634190008503532:
4202104290640050008695694:
4202104290640510009272601:
4202104290641160001087543:
4202104290643121513653075:
4202104290644420009285513:
4202104290644530008513100:
4202104290645390003116965:
4202104290647360009346340:
4202104290647500008690224:
4202104290647520008708003:
4202104290648070009337903:
4202104290648100006040155:
4202104290648260006033000:
4202104290648340008506912:
4202104290648440006037029:
4202104290648530009349972:
4202104290649150009296645:
4202104290649170009250787:
4202104290649190009327458:
4202104290649210006023085:
4202104290649270009297868:
4202104290649310009294586:
4202104290649330008493092:
4202104290649410009274874:
4202104290649530008689944:
4202104290650040009339834:
4202104290650310000424167:
4202104290650370004163548:
4202104290650430003934713:
4202104290650450006027612:
4202104290650470008695597:
4202104290650500009226823:
4202104290651060009279494:
4202104290651090009331044:
4202104290651120009341511:
4202104290651160009331044:
4202104290651180009341511:
4202104290651200009349985:
4202104290651220009348776:
4202104290651250009277510:
4202104290651270009342143:
4202104290651290009339837:
4202104290651310008500493:
4202104290651350009338161:
4202104290651510008500083:
4202104290651530008679170:
4202104290651550009301075:
4202104290651590008710875:
4202104290652070008495426:
4202104290652130009298435:
4202104290652150008429607:
4202104290652280007406683:
4202104290652300009286387:
4202104290652330008493340:
4202104290652410008499675:
4202104290652450009326617:
4202104290652481513631101:
4202104290652560008686117:
4202104290652590003132772:
4202104290653010008515848:
4202104290653030009346181:
4202104290653040008494427:
4202104290653060009348376:
4202104290653080008499706:
4202104290653170008504275:
4202104290653210009351958:
4202104290653240007402498:
4202104290653250008512375:
4202104290653270009234249:
4202104290653290009236820:
4202104290653510008698455:
4202104290654060009346345:
4202104290654140009283252:
4202104290654170009342997:
4202104290654190006016091:
4202104290654250009252945:
4202104290654310008684967:
4202104290654350000424545:
4202104290655000008677259:
4202104290655050009234484:
4202104290655090009339204:
4202104290655110008501835:
4202104290655150009354827:
4202104290655270009234466:
4202104290655300009273026:
4202104290655330009343593:
4202104290655350008496149:
4202104290655370008493895:
4202104290655420009324118:
4202104290655440008699709:
4202104290655470008677438:
4202104290655480009346035:
4202104290655500006036997:
4202104290655530008501953:
4202104290655550009351814:
4202104290655570009225500:
4202104290656010009342984:
4202104290656030009327613:
4202104290656040009226797:
4202104290656220008494201:
4202104290656240008717694:
4202104290656380009321481:
4202104290656410008499867:
4202104290656440001088074:
4202104290656500009295454:
4202104290656520006039974:
4202104290656550009327620:
4202104290656590006021988:
4202104290657010008697841:
4202104290657040009341742:
4202104290657250004025142:
4202104290657280004179142:
4202104290657400009326658:
4202104290657490008498988:
4202104290657560009339821:
4202104290657580015629857:
4202104290658070007395601:
4202104290658120008512783:
4202104290658130009246201:
4202104290658150009324605:
4202104290658180008698795:
4202104290658200009342978:
4202104290658240009337006:
4202104290658260001083930:
4202104290658280008505427:
4202104290658310006028799:
4202104290658320009342982:
4202104290658360009280051:
4202104290658370009339818:
4202104290659070003126356:
4202104290659150008426949:
4202104290659220004179293:
4202104290659260006042240:
4202104290659370008708992:
4202104290700200007404980:
4202104290701060008719239:
4202104290701300007409909:
4202104290702130009278607:
4202104290707320009342953:
4202104291528460006016091:
4202104291534330009232350:
4202104291720380006042277:
4202104291726280009338161:
4202104291729090008695597:
4202104291729110008499675:
4202104291729330009341788:
4202104291729350008493340:
4202104291729370009343592:
4202104291729390009254212:
4202104291729490008689254:
4202104291729520009225500:
4202104291729550009301075:
4202104291729580009339817:
4202104291730020009346058:
4202104291730100009351958:
4202104291730120008513100:
4202104291730140009225508:
4202104291730170009343174:
4202104291730190009289801:
4202104291730210009346367:
4202104291730230009342984:
4202104291730240008505427:
4202104291730260009327613:
4202104291730440009342978:
4202104291730580006036997:
4202104291731200008512397:
4202104291731220009342035:
4202104291731270009326617:
4202104291731360009327620:
4202104291731460008719239:
4202104291731490008507829:
4202104291731520009349985:
4202104291731560008711892:
4202104291732000009339837:
4202104291732040009346685:
4202104291732090008429607:
4202104291732130009346345:
4202104291732150009342940:
4202104291732170009324629:
4202104291732190009341989:
4202104291732200009337903:
4202104291732220009324118:
4202104291732250008686117:
4202104291732300006028799:
4202104291732320003116965:
4202104291732340006033000:
4202104291732350007406683:
4202104291732370006027612:
4202104291732390009346340:
4202104291732410009233695:
4202104291732520009236820:
4202104291732540008494201:
4202104291732590008695667:
4202104291733030008712381:
4202104291733140008426949:
4202104291733220009234249:
4202104291733250009226797:
4202104291733260008500493:
4202104291733340009326648:
4202104291733380008699709:
4202104291733430009348776:
4202104291733480009346035:
4202104291733500008697841:
4202104291734130006024741:
4202104291734450009354391:
4202104291734480007404978:
4202104291736490009298435:
4202104291737100007402196:
4202104291738230008512783:
4202104291744210007421269:
4202104291757240009339930:
4202104291759000006027345:
4202104291800050009339915:
4202104291902030007404980:
4202104292112280006040155:
4202104292215590009226821:
5202104290000120008706494:
5202104290030440004163548:
5202104290030490009323007:
5202104290030520008504234:
5202104290030590008680648:
5202104290031090008496191:
5202104290036340009351833:
5202104290036410008701083:
5202104290036470009226422:
5202104290036480003137990:
5202104290036510001083110:
5202104290036540008515081:
5202104290036550001108277:
5202104290037040009234487:
5202104290037050006030118:
5202104290037080008692450:
5202104290037110004179472:
5202104290037140008509806:
5202104290037160008506376:
5202104290037180009341005:
5202104290037201513652619:
5202104290037220009346170:
5202104290037260008499782:
5202104290037270009225522:
5202104290037290007411321:
5202104290037300009330833:
5202104290037320009339795:
5202104290037340009340824:
5202104290037360009321334:
5202104290037380009321818:
5202104290037390007414046:
5202104290037410009253997:
5202104290037430009339839:
5202104290037450008717044:
5202104290037470009337900:
5202104290037490009326435:
5202104290037510008494656:
5202104290037540009351308:
5202104290037560008683123:
5202104290037580006029988:
5202104290038010009230781:
5202104290038030008491998:
5202104290038040009351308:
5202104290038070006029988:
5202104290038220008510696:
5202104290038240008709011:
5202104290038270008682585:
5202104290038290009241934:
5202104290038310009252984:
5202104290038320003126145:
5202104290038340009326612:
5202104290038360008499031:
5202104290038380009297056:
5202104290038400009323985:
5202104290038420008702320:
5202104290038440008694944:
5202104290038460008512059:
5202104290038480008495037:
5202104290038500009281814:
52021042900238540007402523:
5202104290038570009347747:
5202104290038590009346376:
5202104290039010009232378:
5202104290039020009339524:
5202104290039040008699606:
5202104290039050009342002:
5202104290039070008699606:
5202104290039090008493286:
5202104290039170009341030:
5202104290039180009321395:
5202104290039200008519522:
5202104290039210009254229:
5202104290039240000439539:
5202104290039270008707832:
5202104290039290009342183:
5202104290039310009230785:
5202104290039340008676811:
5202104290039420009339219:
5202104290039430008707832:
5202104290039450009346180:
5202104290039490009346707:
5202104290039500009234467:
5202104290040070009342959:
5202104290040110008696894:
5202104290040180008496310:
5202104290040250007414082:
5202104290040290009347607:
5202104290040320009294273:
5202104290040360009339797:
5202104290040560007398914:
5202104290109460009326612:
5202104290632580006019428:
5202104290633310009246204:
5202104290639560009232350:
5202104290640020008497528:
5202104290640450008505489:
5202104290640550009246193:
5202104290640580009226392:
5202104290641000008497276:
5202104290641030008503198:
5202104290641380009225522:
5202104290643150008508441:
5202104290644170008677773:
5202104290644510008506907:
5202104290644570006040161:
5202104290646070006036321:
5202104290646570008680743:
5202104290647000009283296:
5202104290647020009253995:
5202104290647040006039494:
5202104290647500009351770:
5202104290647550009307295:
5202104290648080006036993:
5202104290648340008494656:
5202104290648410004181482:
5202104290649050009282645:
5202104290649220008439606:
5202104290649330009286624:
5202104290649360008497657:
5202104290649380003137754:
5202104290649400006024747:
5202104290649430008713928:
5202104290649460008711445:
5202104290649500009281753:
5202104290649580008681883:
5202104290650120009236846:
5202104290650190008500167:
5202104290650260008519522:
5202104290650280009351823:
5202104290650320008692587:
5202104290650390008515447:
5202104290650420009326618:
5202104290650440009288638:
5202104290650470006041088:
5202104290650500009339797:
5202104290650520009226946:
5202104290650541513628688:
5202104290650560009339225:
5202104290650590001096293:
5202104290651020009225506:
5202104290651110009232352:
5202104290651130009326617:
5202104290651160006032030:
5202104290651240009340819:
5202104290651430006022855:
5202104290651450009295891:
5202104290651480009226422:
5202104290651580008499075:
5202104290652010007407739:
5202104290652050003137970:
5202104290652090009299255:
5202104290652120008716113:
5202104290652150008512059:
5202104290652180009232187:
5202104290652290009354401:
5202104290652320009236903:
5202104290652350008709369:
5202104290652470009287011:
5202104290652490006040360:
5202104290652530008496431:
5202104290652540002851459:
5202104290652570006014349:
5202104290652590008509407:
5202104290653030009291061:
5202104290653040009282101:
5202104290653070009348566:
5202104290653140009325511:
5202104290653251513646659:
5202104290653350009234089:
5202104290653370008501942:
5202104290653410008501741:
5202104290653450009251764:
5202104290653480009272184:
5202104290653510009291663:
5202104290653550006022158:
5202104290654020006022439:
5202104290654030006036505:
5202104290654070008500401:
5202104290654090009248259:
5202104290654110009339219:
5202104290654130007414082:
5202104290654150009314286:
5202104290654210003915458:
5202104290654220008715034:
5202104290654250009305260:
5202104290654280008497699:
5202104290654310002851799:
5202104290654410009311280:
5202104290654460008678308:
5202104290654480008491998:
5202104290654500009336988:
5202104290654560009240515:
5202104290655020009302380:
5202104290655050001108277:
5202104290655090009247716:
5202104290655120008710326:
5202104290655130008509806:
5202104290655150006022420:
5202104290655170009342002:
5202104290655190009341005:
5202104290655200008678354:
5202104290655230009252984:
5202104290655240008683123:
5202104290655260008707832:
5202104290655280009250799:
5202104290655300009314167:
5202104290655320008516213:
5202104290655330007419049:
5202104290655370008508587:
5202104290655380009254926:
5202104290655400009246202:
5202104290655430009342034:
5202104290655460009236810:
5202104290655480009346063:
5202104290655500009349952:
5202104290655530008698044:
5202104290655540009241934:
5202104290655560009301551:
5202104290655580008709061:
5202104290656000009324107:
5202104290656040008691017:
5202104290656050008497759:
5202104290656070009276908:
5202104290656090009226429:
5202104290656100006036316:
5202104290656120009233722:
5202104290656140009346055:
5202104290656160008499458:
5202104290656170009234236:
5202104290656190008706494:
5202104290656210009246201:
5202104290656230004165136:
5202104290656250009339524:
5202104290656270008510696:
5202104290656280009348608:
5202104290656300007396360:
5202104290656320009339792:
5202104290656350007418334:
5202104290656370008509894:
5202104290656410008500888:
5202104290656430006033001:
5202104290656470008702965:
5202104290656500008504258:
5202104290656520008515081:
5202104290656550006039969:
5202104290656590000439539:
5202104290657020008424093:
5202104290657050001100446:
5202104290657070009346020:
5202104290657090009340824:
5202104290657100009354001:
5202104290657120008694659:
5202104290657130008690794:
5202104290657150009346707:
5202104290657170009230785:
5202104290657180009234487:
5202104290657210007397755:
5202104290657220009321362:
5202104290657240009341030:
5202104290657260000431412:
5202104290657280002851478:
5202104290657300009346685:
5202104290657310008495161:
5202104290657330008709011:
5202104290657340008686064:
5202104290657360006029990:
5202104290657380008701527:
5202104290657400009254207:
5202104290657420009253739:
5202104290657440008508326:
5202104290657460009340483:
5202104290657480009339828:
5202104290657500009348748:
5202104290657520008518128:
5202104290657540009303870:
5202104290657550008702320:
5202104290657570008509836:
5202104290657590008492754:
5202104290658000009283932:
5202104290658020008694944:
5202104290658040008508352:
5202104290658060009311703:
5202104290658080009342959:
5202104290658100009339144:
5202104290658120009232653:
5202104290658140008503721:
5202104290658170009352009:
5202104290658210008512362:
5202104290658220009326648:
5202104290658240008509708:
5202104290658260008517783:
5202104290658270009225481:
5202104290658310008711892:
5202104290658340009297056:
5202104290658370007421253:
5202104290658390008697836:
5202104290658420008515734:
5202104290658440006031525:
5202104290658480006029988:
5202104290658520008426247:
5202104290658530008513365:
5202104290658550008503907:
5202104290658570009351833:
5202104290658580009253997:
5202104290659000003137964:
5202104290659020008510316:
5202104290659030009279481:
5202104290659050003132773:
5202104290659070006039506:
5202104290659090009294273:
5202104290659110008699606:
5202104290659120009322682:
5202104290659140009346038:
5202104290659160003126383:
5202104290659180008493833:
5202104290659190008494333:
5202104290659210008699273:
5202104290659230009246199:
5202104290659250009326604:
5202104290659270009342035:
5202104290659280009321319:
5202104290659300004178213:
5202104290659320009349986:
5202104290659340009324606:
5202104290659350003126380:
5202104290659370007407764:
5202104290659390009240533:
5202104290659400009354391:
5202104290659420009296651:
5202104290659430007406867:
5202104290659450006026834:
5202104290659470009226448:
5202104290659480008493677:
5202104290659500008695140:
5202104290659510009340499:
5202104290659530006027540:
5202104290659540009321395:
5202104290659560009330833:
5202104290659570007402482:
5202104290659590009225495:
5202104290700000008696238:
5202104290700020009351998:
5202104290700040008686663:
5202104290700070008500889:
5202104290700120003126145:
5202104290700150000442293:
5202104290700180009321326:
5202104290700260003126147:
5202104290700280006027553:
5202104290700340006735075:
5202104290700360009276797:
5202104290700380007404978:
5202104290700390008709393:
5202104290700420008506632:
5202104290700440006018009:
5202104290700460008426248:
5202104290700470009233737:
5202104290700490009333812:
5202104290700510008692560:
5202104290700530009234240:
5202104290700560008682585:
5202104290701030008495838:
5202104290701050008496367:
5202104290701070008696894:
5202104290701080007406637:
5202104290701100009327416:
5202104290701130009343430:
5202104290701170006029911:
5202104290701190008499840:
5202104290701230008516195:
5202104290701250009313530:
5202104290701310008500567:
5202104290701380008502364:
5202104290701420008506797:
5202104290701440009340801:
5202104290701470006019064:
5202104290701500008708048:
5202104290701540009346064:
5202104290701570009327616:
5202104290702060009341989:
5202104290702090007395592:
5202104290702120009343567:
5202104290702140008512784:
5202104290702160008510716:
5202104290702180009336990:
5202104290702220006021991:
5202104290702240008495616:
5202104290702260009323999:
5202104290702310008494964:
5202104290702330008690941:
5202104290702350008713081:
5202104290702370009346058:
5202104290702460009339817:
5202104290702480009233736:
5202104290702540006024859:
5202104290703300009279728:
5202104290703410009321697:
5202104290703430002851465:
5202104290703460009313676:
5202104290704100008493028:
5202104290704170008510378:
5202104290705240009234247:
5202104290705300009225494:
5202104290705440009342183:
5202104290705530009351317:
5202104290706520009303525:
5202104290707220007421212:
5202104290707250008497795:
5202104290707280008500956:
5202104290708300009230795:
5202104290709140008504041:
5202104290710060008500916:
5202104290710350008516772:
5202104290711010009325536:
5202104290711200006042277:
5202104290716570008493366:
5202104290731300009253980:
5202104290756130009321818:
5202104290756160008499031:
5202104290759440001079288:
5202104291627150009286624:
5202104291647340009226392:
5202104291651380006735075:
5202104291707430007397755:
5202104291728500009282645:
5202104291729320009279481:
5202104291730020008510316:
5202104291730160009326604:
5202104291730230009324068:
5202104291730250006039541:
5202104291730300009283296:
5202104291731110008701274:
5202104291731360009272184:
5202104291731380003137970:
5202104291731460009288638:
5202104291731490009240515:
5202104291731510009314167:
5202104291731530008681883:
5202104291731550008504258:
5202104291731590000431412:
5202104291732030006033001:
5202104291732070000431412:
5202104291732100007396360:
5202104291732110008678354:
5202104291732130008500167:
5202104291732140008709369:
5202104291732170006022439:
5202104291732190009301551:
5202104291732250008709061:
5202104291732300009281753:
5202104291732320008695140:
5202104291732380008701527:
5202104291732410008690794:
5202104291732480009303870:
5202104291732520009339828:
5202104291732550006018008:
5202104291733010009321362:
5202104291733020009287011:
5202104291733040006036316:
5202104291733060008516213:
5202104291733070006040161:
5202104291733100008506907:
5202104291733130009346038:
5202104291733201513628688:
5202104291733220006019428:
5202104291733310008711445:
5202104291733430009314286:
5202104291733460007418334:
5202104291734510008686663:
5202104291734530008710326:
5202104291736000002851799:
5202104291736240003915458:
5202104291736270009354391:
5202104291738280008426248:
5202104291745530008500956:
5202104291746030009311703:
5202104291746170004165136:
5202104291746200009313530:
5202104291747090009232651:
5202104291747150008439606:
5202104291749450009253995:
5202104291750360006024747:
5202104291753130008508326:
5202104291753280009252945:
5202104291754570009346064:
5202104291755450006039674:
5202104291756480009230795:
5202104291758060008499075:
5202104291800280009236809:
5202104291802110009325528:
5202104291813070008708048:
5202104291848380001100446:
5202104291824590006032924:
5202104291855250008500401:
5202104291956001513646659:
5202104292003330008426247:
5202104292006460009236810:
5202104292007340008514437:
5202104292010330009343364:
5202104292013180009339915:
5202104292029050008713081:
5202104292029150006029990:
5202104292029240004181482:
5202104292029330009296651:
5202104292030000008501741:
5202104292030020008497657:
5202104292030030008680743:
5202104292030050008501741:
5202104292030070009326618:
5202104292030080002851478:
5202104292030110008509894:
5202104292030130009296651:
5202104292030150007402482:
5202104292030160008702965:
5202104292030180009307295:
5202104292030200008702965:
5202104292030220008515447:
5202104292030280008497699:
5202104292031030009276908:
5202104292031360009299920:
5202104292032160009348748:
5202104292032210003126383:
5202104292033310008496191:
5202104292049560008493833:
5202104292000450002851465:
5202104292013450006040155:
5202104292036340009321319:
5202104292235390009325536:
5202104292248290008424093:
6202104290036420008697836:
6202104290036580008512362:
6202104290037000009327416:
6202104290037020008494656:
6202104290037200009225481:
6202104290037380008690941:
6202104290038090009321395:
6202104290038110009341030:
6202104290038120009321395:
6202104290038200009336988:
6202104290038290009321395:
6202104290038310009336988:
6202104290038330009341030:
6202104290038370008717926:
6202104290038400009339812:
6202104290038430008499075:
6202104290632440007405149:
6202104290633240009241075:
6202104290635210008503532:
6202104290639010009247696:
6202104290639580008496191:
6202104290640050008492636:
6202104290640100004166400:
6202104290641040009232350:
6202104290641080008509948:
6202104290641120008497528:
6202104290641230009232350:
6202104290641350008505489:
6202104290641410009234108:
6202104290642110006024122:
6202104290642150008512035:
6202104290642180008718055:
6202104290642300008683630:
6202104290642470009307131:
6202104290643200008680900:
6202104290643250009326438:
6202104290643450008494141:
6202104290644220007421269:
6202104290645230006039972:
6202104290645320009247694:
6202104290645450009226959:
6202104290646130008501833:
6202104290646220008714837:
6202104290646240007406670:
6202104290646270008693892:
6202104290646300008493676:
6202104290646330009306586:
6202104290646380008503789:
6202104290646410009324614:
6202104290647170008710216:
6202104290647180004046800:
6202104290647210008501852:
6202104290647230009325535:
6202104290647240006039995:
6202104290647260008499556:
6202104290647280008500109:
6202104290647320009343384:
6202104290647350008683421:
6202104290647380009335560:
6202104290647430009296138:
6202104290647450009240520:
6202104290647500009331048:
6202104290648000009340817:
6202104290648051513628066:
6202104290648090009326600:
6202104290648130008499165:
6202104290648180008517815:
6202104290648280008697764:
6202104290648300000431430:
6202104290648370009335539:
6202104290648550006036994:
6202104290648580006028797:
6202104290649090008686680:
6202104290649120009247684:
6202104290649150009233704:
6202104290649190008499108:
6202104290649230008497774:
6202104290649270009305197:
6202104290649400009226817:
6202104290649510008509792:
6202104290649530006039674:
6202104290650080008514116:
6202104290650110008508290:
6202104290650150006039510:
6202104290650220009321707:
6202104290650240006030484:
6202104290650260006029906:
6202104290650310009342998:
6202104290650330009354396:
6202104290650350008506434:
6202104290650460009278808:
6202104290650520008518703:
6202104290650570003137945:
6202104290651030008698121:
6202104290651100008498240:
6202104290651150006036876:
6202104290651170008503089:
6202104290651180009299555:
6202104290651210009252946:
6202104290651230007395627:
6202104290651270008516658:
6202104290651300008709659:
6202104290651330008681703:
6202104290651370009326647:
6202104290651390009353030:
6202104290651410009339195:
6202104290651450008712785:
6202104290651490009226385:
6202104290651510009354581:
6202104290651540009324879:
6202104290651560009339254:
6202104290652040008702698:
6202104290652070008512859:
6202104290652110006032030:
6202104290652200008500142:
6202104290652250008705617:
6202104290652300006039991:
6202104290652330008702658:
6202104290652350000442316:
6202104290652370009354349:
6202104290652400008445992:
6202104290652450009310978:
6202104290652500008500378:
6202104290652530008696388:
6202104290652550009340813:
6202104290652570000442287:
6202104290652590009226812:
6202104290653010009354460:
6202104290653030006040283:
6202104290653080008712416:
6202104290653100008677903:
6202104290653120008513101:
6202104290653150009337945:
6202104290653180008689254:
6202104290653190006028451:
6202104290653220009324637:
6202104290653250006018008:
6202104290653280009324076:
6202104290653290009232613:
6202104290653320006014341:
6202104290653340006027344:
6202104290653360009308083:
6202104290653380009281874:
6202104290653410008709374:
6202104290653430008508521:
6202104290653440006027609:
6202104290653470008713215:
6202104290653490009230749:
6202104290653520006028762:
6202104290653530008509407:
6202104290653550008517323:
6202104290653570008497935:
6202104290654000008694707:
6202104290654020001083945:
6202104290654040008492410:
6202104290654060009326626:
6202104290654160009339915:
6202104290654180008501942:
6202104290654200008514437:
6202104290654240009323446:
6202104290654280008698315:
6202104290654300008493770:
6202104290654320000424007:
6202104290654350006024741:
6202104290654370008508964:
6202104290654390008517496:
6202104290654410009352016:
6202104290654430009346367:
6202104290654450006037924:
6202104290654480008693920:
6202104290654490008709488:
6202104290654510004158333:
6202104290654530009324629:
6202104290654550009275948:
6202104290654570008683912:
6202104290654590008677569:
6202104290655000008494924:
6202104290655020009348729:
6202104290655040009342142:
6202104290655070004045200:
6202104290655090008511510:
6202104290655100008689564:
6202104290655130009233695:
6202104290655150009310954:
6202104290655170007417231:
6202104290655200009339274:
6202104290655220009273013:
6202104290655240008716625:
6202104290655260008707911:
6202104290655310009351830:
6202104290655330008429633:
6202104290655350006022159:
6202104290655390006025806:
6202104290655420009325498:
6202104290655450008681357:
6202104290655470009253719:
6202104290655500009226804:
6202104290655550009325528:
6202104290655580006010458:
6202104290656010008443266:
6202104290656030009326609:
6202104290656090008513654:
6202104290656130009323007:
6202104290656150003117204:
6202104290656170008677829:
6202104290656200006024088:
6202104290656220009225508:
6202104290656260009341013:
6202104290656280008492480:
6202104290656300009322614:
6202104290656320007413854:
6202104290656340006028298:
6202104290656370009342962:
6202104290656380008717268:
6202104290656400008512000:
6202104290656430009321321:
6202104290656451513653821:
6202104290656470009226816:
6202104290656500006015460:
6202104290656520001087528:
6202104290656540007395593:
6202104290656560008508406:
6202104290656580003892332:
6202104290656590008711249:
6202104290657010008699992:
6202104290657030000439530:
6202104290657060009254191:
6202104290657080008493689:
6202104290657110003916932:
6202104290657120009354699:
6202104290657130006022003:
6202104290657160009330829:
6202104290657190008503489:
6202104290657210007404952:
6202104290657231513409863:
6202104290657260006041875:
6202104290657410008498971:
6202104290657440009299920:
6202104290657470009247715:
6202104290657500000424146:
6202104290657520009354582:
6202104290657540009342940:
6202104290657560008501795:
6202104290657580009294520:
6202104290658010008508589:
6202104290658020009230793:
6202104290658050009233697:
6202104290658070006033720:
6202104290658100008512397:
6202104290658200000431385:
6202104290658220008426949:
6202104290658240009324085:
6202104290658270008688282:
6202104290658290008715106:
6202104290658310006039807:
6202104290658330004179293:
6202104290658350009354825:
6202104290658370006018006:
6202104290658400008679943:
6202104290658410006039337:
6202104290658430009343174:
6202104290658450009340816:
6202104290658490006019432:
6202104290658520008509836:
6202104290658540008515578:
6202104290658560009322590:
6202104290658570008507829:
6202104290659010009289323:
6202104290659030008500597:
6202104290659070006039675:
6202104290659100009254000:
6202104290659120008712134:
6202104290659160009324138:
6202104290659200008511515:
6202104290659220008701103:
6202104290659230008714113:
6202104290659250006025807:
6202104290659270008711892:
6202104290659290009226821:
6202104290659310008689470:
6202104290659410008491901:
6202104290659440008515910:
6202104290659520008693150:
6202104290659580006033902:
6202104290700020008699143:
6202104290700180007421209:
6202104290700220009311591:
6202104290700270001077087:
6202104290700290009240516:
6202104290700370008499149:
6202104290700420007406867:
6202104290700430008507639:
6202104290700460008704914:
6202104290700560008691906:
6202104290701070008492121:
6202104290701160008508655:
6202104290701330009309504:
6202104290701560009343432:
6202104290702130007398908:
6202104290702150009303697:
6202104290702340009346327:
6202104290702540006031526:
6202104290704170008501316:
6202104290705310008446178:
6202104290706180006014993:
6202104290706370009342953:
6202104290730300007407502:
6202104290730390009310727:
6202104290745080008703345:
6202104290912490009290471:
6202104290938070009275624:
6202104291036190009343364:
6202104291532220008516195:
6202104291534260006735075:
6202104291537270008699143:
6202104291643160009310727:
6202104291704190009275624:
6202104291726500008493028:
6202104291728310006033902:
6202104291728330008712134:
6202104291728380009225488:
6202104291728470006019317:
6202104291728490009339195:
6202104291728520009353030:
6202104291728540008708992:
6202104291728560008511515:
6202104291728570009340801:
6202104291728590006036994:
6202104291729020001096293:
6202104291729030008513101:
6202104291729050008678678:
6202104291729070008499149:
6202104291729080008718055:
6202104291729100009326604:
6202104291729120008497528:
6202104291729130009226385:
6202104291729150008501942:
6202104291729160009342954:
6202104291729180006028762:
6202104291729190009326609:
6202104291729210009247715:
6202104291729230008499165:
6202104291729250009325498:
6202104291729270006018006:
6202104291729290009226946:
6202104291729310008714837:
6202104291729320009226959:
6202104291729340009276489:
6202104291729360006040360:
6202104291729380006039541:
6202104291729400006040283:
6202104291729420008492121:
6202104291729440007419418:
6202104291729460008503789:
6202104291729470006039995:
6202104291729510009286616:
6202104291729520009247696:
6202104291729540006027609:
6202104291729560008443266:
6202104291729590001077087:
6202104291730010009226804:
6202104291730030008517815:
6202104291730050008703345:
6202104291730060008501942:
6202104291730070008514116:
6202104291730140009278607:
6202104291730200008680900:
6202104291730230009278808:
6202104291730250009321321:
6202104291730270003892332:
6202104291730280009354825:
6202104291730300007419049:
6202104291730310009240520:
6202104291730320008514966:
6202104291730340006016276:
6202104291730350006039675:
6202104291730370009310978:
6202104291730390006029911:
6202104291730410008508290:
6202104291730420009240533:
6202104291730440009327616:
6202104291730460007421209:
6202104291730480001083945:
6202104291730490009311591:
6202104291730510009323999:
6202104291730530008704914:
6202104291730540008692560:
6202104291730560008515734:
6202104291730590008696238:
6202104291731020008500888:
6202104291731150008683421:
6202104291731170009232613:
6202104291731190006027344:
6202104291731240008686680:
6202104291731290008497935:
6202104291731310008498240:
6202104291731380004178213:
6202104291731390001087528:
6202104291731410009226816:
6202104291731430006014993:
6202104291731450009305197:
6202104291731470008690794:
6202104291731500008512000:
6202104291731520009233737:
6202104291731540008709374:
6202104291731551513409863:
6202104291731580008714113:
6202104291732000006032030:
6202104291732010008702658:
6202104291732030008708003:
6202104291732050008694707:
6202104291732060008709659:
6202104291732080006030145:
6202104291732100008681357:
6202104291732120009326626:
6202104291732130009323446:
6202104291732160009346020:
6202104291732170009354582:
6202104291732190008513365:
6202104291732210009234457:
6202104291732230008506074:
6202104291732320008492065:
6202104291732350003137964:
6202104291732370008716625:
6202104291732400009327615:
6202104291732420008709488:
6202104291732440009342962:
6202104291732450008717268:
6202104291732470009351830:
6202104291732480009337006:
6202104291732500008715106:
6202104291732520009280051:
6202104291732540008713719:
6202104291732560009342998:
6202104291732580009275948:
6202104291733050007395592:
6202104291733090008501953:
6202104291733110009354396:
6202104291733130008510716:
6202104291733150003137754:
6202104291733170008689944:
6202104291733210009331842:
6202104291733310009254169:
6202104291733440006028451:
6202104291734060006015460:
6202104291734090009339144:
6202104291734110008517783:
6202104291734130008689564:
6202104291734140008508589:
6202104291734160008683630:
6202104291734180009325535:
6202104291734210008508655:
6202104291734250006041875:
6202104291734270008688253:
6202104291735010006021991:
6202104291736160006024088:
6202104291736180006029906:
6202104291736560008496367:
6202104291736580006028298:
6202104291737001513628066:
6202104291737010008518128:
6202104291737040008503907:
6202104291737060009335539:
6202104291737080009283932:
6202104291737120006039972:
6202104291737170009232653:
6202104291737180007409900:
6202104291737280008499840:
6202104291737310008501833:
6202104291737330008500109:
6202104291737360007417231:
6202104291737390008507639:
6202104291737410002851460:
6202104291737430001114611:
6202104291737440008500597:
6202104291737470009307131:
6202104291737490008506434:
6202104291737520006037924:
6202104291737540009348566:
6202104291737560009339274:
6202104291737580008493676:
6202104291738000006025806:
6202104291738020009230793:
6202104291738040008497774:
6202104291738060008511510:
6202104291738070007395627:
6202104291738090004158333:
6202104291738130004166400:
6202104291738140006022159:
6202104291738160008691906:
6202104291738180009226812:
6202104291738200008508521:
6202104291738250008516772:
6202104291738260003916932:
6202104291738290009252946:
6202104291738310008501795:
6202104291738330008513654:
6202104291738410009233704:
6202104291738500008509948:
6202104291738580008518703:
6202104291739290008498971:
6202104291739480008492480:
6202104291739520006010458:
6202104291739550007413854:
6202104291740070008512035:
6202104291740340008496471:
6202104291740470009299555:
6202104291740500008512784:
6202104291740550008491901:
6202104291741060006039510:
6202104291741150008698315:
6202104291741280008508352:
6202104291741370006039337:
6202104291742340008499458:
6202104291743380008510378:
6202104291745090007421269:
6202104291749160007418333:
6202104291749350008705617:
6202104291749510002851459:
6202104291752380008502364:
6202104291759110009233736:
6202104291800070008711197:
6202104291800110008712785:
6202104291800130009254191:
6202104291802340009351758:
6202104291806000008509792:
6202104291810160009354625:
6202104291813150006036876:
6202104291821120007405149:
6202104291837110006024735:
6202104291909390009296138:
6202104291930470008681703:
6202104291950050009303697:
6202104291955580009340812:
6202104292000240009254167:
6202104292012260008498170:
6202104292013080009247684:
6202104292029320008501316:
6202104292029330008499108:
6202104292029380009354460:
6202104292029510009341013:
6202104292029530007404952:
6202104292030000009294520:
6202104292030030008492636:
6202104292030080009322590:
6202104292030140009354699:
6202104292030240008512859:
6202104292030260008509407:
6202104292030280009342142:
6202104292030340009231425:
6202104292030380008508964:
6202104292030490004046800:
6202104292030520006039991:
6202104292030540009321697:
6202104292031020007419034:
6202104292031040009240516:
6202104292031070006024122:
6202104292031120009226817:
6202104292031130009348729:
6202104292031150006026834:
6202104292031170006025807:
6202104292031190009247694:
6202104292031220009254207:
6202104292031250009331044:
6202104292031260007398908:
6202104292031290006040154:
6202104292031420007406867:
6202104292031470009344566:
6202104292031480000431430:
6202104292031540009343593:
6202104292031580008698455:
6202104292032190008493689:
6202104292032300003126147:
6202104292032330006039807:
6202104292032350009233697:
6202104292032580008698795:
6202104292033580009254000:
6202104292039080009234108:
6202104292048530009226429:
6202104292006190009241075:
6202104292028191513653821:
6202104292135121513653075:
6202104292135330009236846:
6202104292135420009272601:
6202104292229410007402498:
6202104292231370006014349:
8202104290628290009231425:
8202104290640590008695694:
8202104290641080008511681:
8202104290641290007396382:
8202104290642311513631613:
8202104290642480006021964:
8202104290642590009324572:
8202104290645110008513100:
8202104290645530009341788:
8202104290646060003116965:
8202104290646190002851485:
8202104290647260008500626:
8202104290648350006040155:
8202104290648440008708560:
8202104290649150006033000:
8202104290649440006031529:
8202104290650190008689944:
8202104290650390008500626:
8202104290651050006027612:
8202104290651070008695597:
8202104290651390009273291:
8202104290651430009348776:
8202104290651540008500493:
8202104290652230008710875:
8202104290652280008679170:
8202104290652410008500083:
8202104290653090009232352:
8202104290653410008686117:
8202104290653450009234249:
8202104290653490009339930:
8202104290654260009346345:
8202104290654580006036504:
8202104290655000006028960:
8202104290655040009352010:
8202104290655290008504234:
8202104290656010009343593:
8202104290656100008677438:
8202104290656130009289801:
8202104290656300009226797:
8202104290657100001088074:
8202104290657250006021988:
8202104290658370008512783:
8202104290658490006028799:
8202104290659490009346364:
8202104290700320007404980:
8202104290701280008719239:
8202104291534170009232350:
8202104291729160009343592:
8202104291729260009226448:
8202104291729430009351814:
8202104291729440009342997:
8202104291729460003137945:
8202104291729500009351958:
8202104291729520009343174:
8202104291729540003137945:
8202104291729560009346367:
8202104291730000009342984:
8202104291730020009333812:
8202104291730030009343430:
8202104291730050008429633:
8202104291730070009354827:
8202104291730080009234466:
8202104291730100009327613:
8202104291730120015629857:
8202104291730140008495161:
8202104291730150001077425:
8202104291730170006021988:
8202104291730190009232352:
8202104291730210009331048:
8202104291730230009295891:
8202104291730260006039974:
8202104291730270009342143:
8202104291730300006036997:
8202104291730390008708560:
8202104291730460008512397:
8202104291730480009246199:
8202104291730520008713215:
8202104291730580009339818:
8202104291730590009342035:
8202104291731010009321481:
8202104291731030009326617:
8202104291731060009327564:
8202104291731100009327620:
8202104291731120009339821:
8202104291731140008719239:
8202104291731200008511222:
8202104291731220008507829:
8202104291731240009324606:
8202104291731260008686301:
8202104291731290006022158:
8202104291731330008511681:
8202104291731330008711892:
8202104291731360009351964:
8202104291731380009346685:
8202104291731400007421253:
8202104291731420000431385:
8202104291731440009349972:
8202104291731460009324614:
8202104291731480009342940:
8202104291731500009346327:
8202104291731520009346345:
8202104291731540009326658:
8202104291731550008492410:
8202104291731570009324629:
8202104291731590009296645:
8202104291732000008710875:
8202104291732020006033000:
8202104291732030008515848:
8202104291732050008500626:
8202104291732060009342982:
8202104291732080009273291:
8202104291732100006028799:
8202104291732110006027612:
8202104291732130008515910:
8202104291732150008715839:
8202104291732170009233695:
8202104291732180009336959:
8202104291732200003126380:
8202104291732210009250787:
8202104291732230008494201:
8202104291732240000439530:
8202104291732260008499867:
8202104291732270009339834:
8202104291732290009286387:
8202104291732310004045200:
8202104291732320008683912:
8202104291732340008712381:
8202104291732360009339834:
8202104291732390008494427:
8202104291732410009346181:
8202104291732440003132772:
8202104291732450008693892:
8202104291732470006019432:
8202104291732500009234249:
8202104291732520009226797:
8202104291732540008677438:
8202104291732560009354349:
8202104291732570009349972:
8202104291732590009326600:
8202104291733010009234486:
8202104291733020008500493:
8202104291733040008690224:
8202104291733050003934713:
8202104291733070006021964:
8202104291733090009326648:
8202104291733130009348776:
8202104291733150008695694:
8202104291734400006037029:
8202104291735040008500567:
8202104291735220008684967:
8202104291737140008712416:
8202104291737160008677903:
8202104291737560009341511:
8202104291737580008512783:
8202104291741300002851485:
8202104291741440009234484:
8202104291742110008512375:
8202104291753310009294586:
8202104291756510009339930:
8202104291756530008677259:
8202104291801030009234240:
8202104291801070007409909:
8202104291815080009340819:
8202104291901420007404980:
8202104291933490004179142:
8202104292027500009344572:
8202104292050490009343567:
8202104292110420009341742:
8202104292137030006041088:
8202104292242270008493092:
