1202305120001010009285513:
1202305120001070009232376:
1202305120712420009285513:
1202305120716280008497657:
1202305120729030013863772:
1202305120730380013867842:
1202305120730430008698279:
1202305120730450013822803:
1202305120730510013863772:
1202305120732590006037924:
1202305120733120013960139:
1202305120733290008917703:
1202305120736260013828738:
1202305120736440013918477:
1202305120737220008517932:
1202305120738020004994575:
1202305120738050013915676:
1202305120738110006040284:
1202305120738130013882042:
1202305120738140005272226:
1202305120738170009352009:
1202305120738190009001274:
1202305120738230009295615:
1202305120738250013835732:
1202305120738280013848527:
1202305120738300009351308:
1202305120738350009230781:
1202305120738570004951327:
1202305120739020008516420:
1202305120739070013826705:
1202305120739590004967002:
1202305120740010005006958:
1202305120740160004968173:
1202305120740190013832764:
1202305120740210008916501:
1202305120740230005270178:
1202305120740470008512216:
1202305120740510008927874:
1202305120740540005251014:
1202305120740570008917723:
1202305120740590004966802:
1202305120741230013823106:
1202305120741360013824873:
1202305120741540008998167:
1202305120741570013923968:
1202305120742000008939109:
1202305120742400008946732:
1202305120742540013860850:
1202305120743080013856155:
1202305120743110013872996:
1202305120743240013839729:
1202305120743320009000048:
1202305120743350013959636:
1202305120743380013915046:
1202305120743450005255627:
1202305120743470008692742:
1202305120743490009002528:
1202305120743520009000168:
1202305120743540009236809:
1202305120744010013851467:
1202305120744080009346707:
1202305120744130013857328:
1202305120744150008954400:
1202305120744390008960798:
1202305120744450013835810:
1202305120744470005272104:
1202305120744490004957738:
1202305120744520013930439:
1202305120744540003137991:
1202305120744570013928774:
1202305120745000013834284:
1202305120745030005268448:
1202305120745100008997241:
1202305120745250008934530:
1202305120745260013978209:
1202305120745390008958172:
1202305120745410005270003:
1202305120745430003137964:
1202305120745450009305457:
1202305120745500004989528:
1202305120745530008704914:
1202305120745570013965843:
1202305120745590013859282:
1202305120746010009305457:
1202305120746030004951177:
1202305120746050004604852:
1202305120746080013863486:
1202305120746330004950845:
1202305120746410008974075:
1202305120746470013859117:
1202305120746510004164230:
1202305120746530008676811:
1202305120746550013901523:
1202305120746570005257308:
1202305120746590008996251:
1202305120747040008493092:
1202305120747050013843689:
1202305120747080013827147:
1202305120747110013821279:
1202305120747160013845916:
1202305120747180013840439:
1202305120747200013858196:
1202305120747210013942295:
1202305120747340013963931:
1202305120747360005248396:
1202305120747410008932260:
1202305120747440013950663:
1202305120747470013822147:
1202305120747500013929445:
1202305120747570013820751:
1202305120747590005270174:
1202305120748020013830084:
1202305120748050004163901:
1202305120748080004992723:
1202305120748110013845605:
1202305120748130004605849:
1202305120748150013906962:
1202305120748160008931904:
1202305120748180013867487:
1202305120748210008986998:
1202305120748220008917764:
1202305120748250008991003:
1202305120748270004605842:
1202305120748300008954096:
1202305120748340013853542:
1202305120748360013866057:
1202305120748370008939115:
1202305120748390009291266:
1202305120748410005270419:
1202305120748460008975427:
1202305120748490008959815:
1202305120748500009000408:
1202305120748540005248395:
1202305120748560008984987:
1202305120749020008499805:
1202305120749040005253081:
1202305120749150013916308:
1202305120749180004963630:
1202305120749200013960380:
1202305120749220008503339:
1202305120749240013832044:
1202305120749260008917364:
1202305120749280005264312:
1202305120749280005268163:
1202305120749340013823161:
1202305120749360009341030:
1202305120749410013970135:
1202305120749420004162750:
1202305120749450008513950:
1202305120749470004164227:
1202305120749480013823469:
1202305120749510008492636:
1202305120749520013883726:
1202305120749550004165524:
1202305120749560008960121:
1202305120749580013835091:
1202305120750010008976870:
1202305120750070008970469:
1202305120750090008967059:
1202305120750110013848963:
1202305120750130004962579:
1202305120750160004975531:
1202305120750180008991197:
1202305120750200013864443:
1202305120750220013824399:
1202305120750240013881172:
1202305120750260013824162:
1202305120750270013841092:
1202305120750290008951863:
1202305120750310008960361:
1202305120750330005261506:
1202305120750350009304100:
1202305120750370013837774:
1202305120750430005270418:
1202305120750450008966876:
1202305120750470009280491:
1202305120750490008954637:
1202305120750530009233710:
1202305120750550009226412:
1202305120750570013828825:
1202305120751000004154825:
1202305120751030013841832:
1202305120751040009226412:
1202305120751060005267480:
1202305120751080008977075:
1202305120751110008917809:
1202305120751120008952632:
1202305120751140005253082:
1202305120751160004931257:
1202305120751170004989073:
1202305120751190013880961:
1202305120751210013857958:
1202305120751230006014941:
1202305120751250013820770:
1202305120751260013824799:
1202305120751280005249645:
1202305120751310009000149:
1202305120751330004158137:
1202305120751350009354401:
1202305120751380013823369:
1202305120751420008699606:
1202305120751440013962095:
1202305120751460008988469:
1202305120751480013837650:
1202305120751490008503915:
1202305120751510008495616:
1202305120751540006032903:
1202305120751560007402500:
1202305120751580008503915:
1202305120752010009346362:
1202305120752050004929016:
1202305120752060004968004:
1202305120752080003920040:
1202305120752100013888206:
1202305120752110004976589:
1202305120752130013831155:
1202305120752150008959817:
1202305120752170008940154:
1202305120752190013890838:
1202305120752220013825129:
1202305120752240013839515:
1202305120752250008921475:
1202305120752300013833100:
1202305120752430013836770:
1202305120752440013847070:
1202305120752460013868727:
1202305120752480013855114:
1202305120752500008986717:
1202305120752520009234480:
1202305120752540005004848:
1202305120752550006039493:
1202305120752570008934651:
1202305120752580009346170:
1202305120753000005248394:
1202305120753020013860248:
1202305120753040009232651:
1202305120753060013854987:
1202305120753080005272907:
1202305120753100008503171:
1202305120753120008994926:
1202305120753140004165890:
1202305120753150005266100:
1202305120753170013843530:
1202305120753180013916082:
1202305120753190004961532:
1202305120753220009324076:
1202305120753240008986229:
1202305120753260008966787:
1202305120753270013865794:
1202305120753290013826918:
1202305120753310013830323:
1202305120753330009051325:
1202305120753340004596347:
1202305120753360009226433:
1202305120753380004163902:
1202305120753390004969965:
1202305120753410005253569:
1202305120753430008709011:
1202305120753450013856328:
1202305120753470008978946:
1202305120753480008706494:
1202305120753500013822444:
1202305120753520008932258:
1202305120753530013884341:
1202305120753550013828407:
1202305120753570008494564:
1202305120753580013929703:
1202305120754000008949614:
1202305120754010008913993:
1202305120754030008934556:
1202305120754050008492776:
1202305120754070008932994:
1202305120754090004155440:
1202305120754100013831047:
1202305120754170009226797:
1202305120754190013913768:
1202305120754210013839004:
1202305120754240013880568:
1202305120754260008949625:
1202305120754271513645885:
1202305120754290013976034:
1202305120754310009339219:
1202305120754330009282809:
1202305120754340008958106:
1202305120754360003137990:
1202305120754390004951445:
1202305120754410008935006:
1202305120754430000442293:
1202305120754450009226429:
1202305120754470008951706:
1202305120754480013857585:
1202305120754500004931925:
1202305120754510004972892:
1202305120754550013839996:
1202305120754590013862835:
1202305120755010013850962:
1202305120755040004599825:
1202305120755050004959001:
1202305120755070005249559:
1202305120755090004961333:
1202305120755100006018006:
1202305120755110008967352:
1202305120755130005258227:
1202305120755140013842874:
1202305120755160013830514:
1202305120755180013910435:
1202305120755190013856718:
1202305120755210013819901:
1202305120755220005270417:
1202305120755240013910811:
1202305120755260005258472:
1202305120755270005270417:
1202305120755290008677259:
1202305120755300013821954:
1202305120755320013922340:
1202305120755330013860063:
1202305120755350009226447:
1202305120755360005008865:
1202305120755380013822955:
1202305120755390008934512:
1202305120755400004944745:
1202305120755420013891304:
1202305120755440013842851:
1202305120755460013889546:
1202305120755480005251361:
1202305120755500004966178:
1202305120755510008937083:
1202305120755530013825380:
1202305120755540013844395:
1202305120755560004924182:
1202305120755580005273785:
1202305120756000013825414:
1202305120756040005266259:
1202305120756060013846621:
1202305120756080013955708:
1202305120756090008915275:
1202305120756110001108277:
1202305120756130008962128:
1202305120756150013844818:
1202305120756170001108277:
1202305120756180013953074:
1202305120756200013844818:
1202305120756210009240533:
1202305120756230009254908:
1202305120756250008984882:
1202305120756270004968298:
1202305120756290008496310:
1202305120756310013842456:
1202305120756320013880207:
1202305120756340004964878:
1202305120756350008988449:
1202305120756370013919218:
1202305120756390008683123:
1202305120756400013861857:
1202305120756420013972605:
1202305120756430005272292:
1202305120756450013827624:
1202305120756470008510090:
1202305120756490013822493:
1202305120756510009002415:
1202305120756530005267056:
1202305120756540001083110:
1202305120756560013821646:
1202305120756580004980727:
1202305120757000004968178:
1202305120757010013943323:
1202305120757030004167712:
1202305120757040005268314:
1202305120757060005258489:
1202305120757080008500113:
1202305120757100008958696:
1202305120757120013833597:
1202305120757130005266099:
1202305120757150008977550:
1202305120757170009305197:
1202305120757190013912886:
1202305120757210013829925:
1202305120757230008992114:
1202305120757250008976838:
1202305120757270013860249:
1202305120757290008954444:
1202305120757300008976838:
1202305120757310008959774:
1202305120757330013866549:
1202305120757340009225481:
1202305120757360008491998:
1202305120757370008962112:
1202305120757390005005063:
1202305120757400008696238:
1202305120757420008504180:
1202305120757430013922633:
1202305120757450008976993:
1202305120757470006033090:
1202305120757480007412611:
1202305120757550013822237:
1202305120757570005253450:
1202305120757590008916502:
1202305120758010004980976:
1202305120758020005251559:
1202305120758040008500184:
1202305120758050008992120:
1202305120758070004993934:
1202305120758080009282114:
1202305120758100004996445:
1202305120758110008959816:
1202305120758130008959312:
1202305120758150013865902:
1202305120758160008997536:
1202305120758180008915538:
1202305120758190009281928:
1202305120758210013855137:
1202305120758220013829492:
1202305120758240005265555:
1202305120758250008999994:
1202305120758330008942210:
1202305120758340009234467:
1202305120758360013823657:
1202305120758380008997404:
1202305120758410005264375:
1202305120758440008492480:
1202305120758470008942559:
1202305120758480005266872:
1202305120758500008942604:
1202305120758510005262049:
1202305120758530009348543:
1202305120758550013926579:
1202305120758570009349986:
1202305120759020013868373:
1202305120759140006039974:
1202305120759150005248599:
1202305120759290004958690:
1202305120759310004941773:
1202305120759330005258230:
1202305120759390013821760:
1202305120759440005012521:
1202305120800040009339803:
1202305120800090004963659:
1202305120800420013914187:
1202305120800440008985017:
1202305120800500007401654:
1202305120801340013912878:
1202305120802240006042873:
1202305120803170013855183:
1202305120804250009279709:
1202305120816360013842991:
1202305120834370013944983:
2202305120718310008497657:
2202305120712190009291663:
2202305120712330006036505:
2202305120726350013828738:
2202305120731210013819184:
2202305120733120007402194:
2202305120733200006039969:
2202305120736050008932952:
2202305120736130004972793:
2202305120736270013865436:
2202305120736310013837594:
2202305120737500008504041:
2202305120738260009307295:
2202305120739550009346290:
2202305120740110009003852:
2202305120740230004966802:
2202305120740260009001227:
2202305120740310004968555:
2202305120740360004947963:
2202305120742130008936997:
2202305120742280005272914:
2202305120742410004933649:
2202305120743400005264545:
2202305120743521513646659:
2202305120743590013927413:
2202305120744020013819471:
2202305120744040013842761:
2202305120744120008508441:
2202305120744240009293895:
2202305120744270006028298:
2202305120744290013821815:
2202305120744330013864093:
2202305120744390013917278:
2202305120744410004969384:
2202305120744450013856961:
2202305120744580005257310:
2202305120745070006036876:
2202305120745220004179472:
2202305120745270013821116:
2202305120745320008429633:
2202305120745360013910635:
2202305120745400013850718:
2202305120745540013821116:
2202305120746090004986846:
2202305120746250008685403:
2202305120746370013821279:
2202305120746400009002699:
2202305120746430013858711:
2202305120746450013861447:
2202305120746470009002701:
2202305120746500013835986:
2202305120747050008973876:
2202305120747080013841156:
2202305120747120013843087:
2202305120747200013843136:
2202305120747230013890609:
2202305120747260004605848:
2202305120747340008681883:
2202305120747360009341030:
2202305120747390007402523:
2202305120747450013967098:
2202305120747530008975427:
2202305120747550013921926:
2202305120747580004966050:
2202305120748000008978157:
2202305120748030004930576:
2202305120748100004967967:
2202305120748130008977159:
2202305120748200004162433:
2202305120748220006029988:
2202305120748260013841734:
2202305120748290006016252:
2202305120748320008694659:
2202305120748320013888903:
2202305120748400005249648:
2202305120748430013826795:
2202305120748460005248387:
2202305120748480005268163:
2202305120748500013924880:
2202305120748520013941962:
2202305120748540004934927:
2202305120748560007407502:
2202305120749010004993146:
2202305120749030013875429:
2202305120749050004599831:
2202305120749240013824162:
2202305120749260008702320:
2202305120749290005270175:
2202305120749300008958211:
2202305120749320008916697:
2202305120749360005267343:
2202305120749380013864443:
2202305120749400013844799:
2202305120749470005254711:
2202305120749500004991241:
2202305120749520008500401:
2202305120749530005256125:
2202305120749550013902836:
2202305120749580008424093:
2202305120750030009280491:
2202305120750060008967375:
2202305120750070008506766:
2202305120750090004949598:
2202305120750130004968004:
2202305120750220008970531:
2202305120750310013964166:
2202305120750330008950354:
2202305120750370008976441:
2202305120750400005253082:
2202305120750410008932999:
2202305120750440013836608:
2202305120750450006014941:
2202305120750470013974176:
2202305120750490008996273:
2202305120750530004948851:
2202305120750570008958070:
2202305120751000008986390:
2202305120751020008930815:
2202305120751030009296798:
2202305120751060008429638:
2202305120751080006022439:
2202305120751120013832836:
2202305120751140008974978:
2202305120751160013870974:
2202305120751180008974978:
2202305120751210005272229:
2202305120751250008991038:
2202305120751310009339211:
2202305120751340008921990:
2202305120751380013862551:
2202305120751400013859676:
2202305120751470004993146:
2202305120751490008918414:
2202305120751510009322682:
2202305120751540004963035:
2202305120751550013918530:
2202305120751570013923674:
2202305120752000013846774:
2202305120752030009252984:
2202305120752080004997665:
2202305120752100005252149:
2202305120752130009276908:
2202305120752150004926757:
2202305120752170008994926:
2202305120752210013967487:
2202305120752230008936972:
2202305120752250008978936:
2202305120752270013825089:
2202305120752290004165890:
2202305120752300008982515:
2202305120752320013912966:
2202305120752340004961532:
2202305120752350013849986:
2202305120752370013862768:
2202305120752400006030145:
2202305120752460001079879:
2202305120752480009051325:
2202305120752500013862513:
2202305120752530008985026:
2202305120752560009226433:
2202305120753010004604850:
2202305120753030008917776:
2202305120753050008697836:
2202305120753080004967416:
2202305120753090013862063:
2202305120753120013923897:
2202305120753130009339824:
2202305120753160013925407:
2202305120753170007398914:
2202305120753190004155439:
2202305120753200013927675:
2202305120753220008698044:
2202305120753240004929491:
2202305120753250009326618:
2202305120753270005273382:
2202305120753280009253739:
2202305120753300004155438:
2202305120753320013957674:
2202305120753340009326618:
2202305120753360013858134:
2202305120753370013913768:
2202305120753390004154154:
2202305120753410013856725:
2202305120753420005009382:
2202305120753440013913768:
2202305120753450006028953:
2202305120753470004167848:
2202305120753490005270000:
2202305120753500013956143:
2202305120753520008709369:
2202305120753530005006768:
2202305120753550008954144:
2202305120753570006036993:
2202305120753580008713215:
2202305120754000004927029:
2202305120754010008703345:
2202305120754030004965482:
2202305120754050013929280:
2202305120754060004954665:
2202305120754080013866167:
2202305120754110008508219:
2202305120754120005006768:
2202305120754140005272291:
2202305120754160008932958:
2202305120754180008914088:
2202305120754200004967216:
2202305120754210005252997:
2202305120754230013942907:
2202305120754250008916841:
2202305120754260013820904:
2202305120754280013902395:
2202305120754300009326612:
2202305120754310013863115:
2202305120754330006039972:
2202305120754350004965482:
2202305120754360013936777:
2202305120754380013850303:
2202305120754390013830859:
2202305120754410008956976:
2202305120754440013819901:
2202305120754470008923688:
2202305120754490004602276:
2202305120754500009297569:
2202305120754520006039973:
2202305120754550009254170:
2202305120754560005250927:
2202305120754570008497463:
2202305120754590008978529:
2202305120755010008916700:
2202305120755030005272191:
2202305120755040013926352:
2202305120755061513409863:
2202305120755080008950650:
2202305120755100004952773:
2202305120755120013830662:
2202305120755130013832980:
2202305120755150004952773:
2202305120755160013832980:
2202305120755180004981013:
2202305120755190009339828:
2202305120755210013953788:
2202305120755230013974144:
2202305120755240004602277:
2202305120755260013904560:
2202305120755290013875018:
2202305120755310005259638:
2202305120755340008950839:
2202305120755370013964382:
2202305120755380004941508:
2202305120755400013872097:
2202305120755420008496310:
2202305120755440004968761:
2202305120755450008496367:
2202305120755470004989551:
2202305120755510008921814:
2202305120755531513643510:
2202305120755540005268310:
2202305120755560005267479:
2202305120755580004975875:
2202305120756000009030883:
2202305120756020004996470:
2202305120756040005252030:
2202305120756060003132773:
2202305120756090004968208:
2202305120756100004964719:
2202305120756130008985249:
2202305120756140013832610:
2202305120756160005252016:
2202305120756180005007161:
2202305120756200008959833:
2202305120756210008921067:
2202305120756230013868584:
2202305120756240013904815:
2202305120756270005267476:
2202305120756300013861582:
2202305120756320013912886:
2202305120756330013834104:
2202305120756350009002685:
2202305120756360013896370:
2202305120756400009234467:
2202305120756420008502364:
2202305120756460008709061:
2202305120756480008954444:
2202305120756490008937014:
2202305120756520008966186:
2202305120756540008949220:
2202305120756560009313676:
2202305120756590004921669:
2202305120757020005272110:
2202305120757040004982239:
2202305120757060006014349:
2202305120757080008979599:
2202305120757090004155886:
2202305120757110013821709:
2202305120757120008921819:
2202305120757140008966780:
2202305120757150013859510:
2202305120757170000431412:
2202305120757190008958218:
2202305120757200004158333:
2202305120757220013845097:
2202305120757240005248988:
2202305120757250006039507:
2202305120757270004162742:
2202305120757280004946517:
2202305120757300008918021:
2202305120757310008510316:
2202305120757330013959525:
2202305120757340008959312:
2202305120757360008958163:
2202305120757380009281928:
2202305120757400004996210:
2202305120757410013855137:
2202305120757430008997536:
2202305120757450009236810:
2202305120757460008966840:
2202305120757480013957305:
2202305120757490008999994:
2202305120757510008499149:
2202305120757520009003670:
2202305120757540008997404:
2202305120757560008942210:
2202305120757580008426248:
2202305120758000006033000:
2202305120758010004934727:
2202305120758030008492480:
2202305120758060004934727:
2202305120758080013828263:
2202305120758100013945128:
2202305120758130013926579:
2202305120758140008942559:
2202305120758170005262049:
2202305120758180008942604:
2202305120758210006024859:
2202305120758230008986193:
2202305120758240008991601:
2202305120758260008714113:
2202305120758280009324604:
2202305120758300004949734:
2202305120758340008701527:
2202305120758360006039974:
2202305120758390013835419:
2202305120758440005248599:
2202305120758480004972420:
2202305120758500004162432:
2202305120758530008965027:
2202305120758570004960160:
2202305120758590005258230:
2202305120759010007419049:
2202305120759040004953953:
2202305120759110005248393:
2202305120759130008951525:
2202305120759160005250644:
2202305120759190005258557:
2202305120759210009342984:
2202305120759260005270001:
2202305120759300013870564:
2202305120759320006028797:
2202305120759350013821015:
2202305120759360008921868:
2202305120759380004968886:
2202305120759540013913226:
2202305120759570009339837:
2202305120800000013905347:
2202305120800010004930389:
2202305120800040009001249:
2202305120800060008975428:
2202305120800080008985017:
2202305120800140013955115:
2202305120800270008931954:
2202305120800380005272317:
2202305120800430008976540:
2202305120800460013824255:
2202305120800470008987527:
2202305120800570004966449:
2202305120801020008914086:
2202305120801090013840285:
2202305120801170009066621:
2202305120801400008494964:
2202305120801420008686301:
2202305120801440009339834:
2202305120801470008960187:
2202305120801580008917701:
2202305120802270004923771:
2202305120802470013827181:
2202305120803020006027540:
2202305120803050009298223:
2202305120803250006039993:
2202305120803280013854084:
2202305120803530009279709:
2202305120804500008966783:
2202305120806140008510378:
2202305120806230004964407:
2202305120806510009309504:
2202305120807320006019315:
2202305120809070008923926:
2202305120810140009310727:
2202305120811030005252017:
2202305120813430008493028:
2202305120816370009290471:
2202305120822520008969268:
2202305120834420009274874:
2202305120838100006014944:
3202305120715110013840834:
3202305120718490013901173:
3202305120721270009351758:
3202305120728340013901173:
3202305120732230013851480:
3202305120734060004974136:
3202305120734250008997568:
3202305120735430013823710:
3202305120736540006039016:
3202305120736570008943753:
3202305120738430008943401:
3202305120738460013892637:
3202305120740130009300618:
3202305120740310009335560:
3202305120740360013843391:
3202305120740430005004742:
3202305120740450008711197:
3202305120741160008952977:
3202305120741210013845110:
3202305120741300013899334:
3202305120741320013943789:
3202305120741360013921294:
3202305120741380008951280:
3202305120741410008916495:
3202305120742360009234458:
3202305120742440008954083:
3202305120742590004995665:
3202305120743460013838103:
3202305120743560013847399:
3202305120744090009325535:
3202305120744140013908669:
3202305120744360008954132:
3202305120744390006031524:
3202305120744430005258213:
3202305120744450004163935:
3202305120744480008920018:
3202305120744520004921536:
3202305120745000013877341:
3202305120745080006029910:
3202305120745180013919267:
3202305120745250009001082:
3202305120745380013942203:
3202305120745460003137991:
3202305120746060008692117:
3202305120746140004165753:
3202305120746250009323446:
3202305120746310008978861:
3202305120746340008958210:
3202305120746360008943425:
3202305120746380009000878:
3202305120746400009300590:
3202305120746440008951535:
3202305120747110004988026:
3202305120747220013834318:
3202305120747240008942542:
3202305120747260009343151:
3202305120747370008494246:
3202305120747390008976584:
3202305120747420004972171:
3202305120747450008503303:
3202305120747480013849210:
3202305120747530013915813:
3202305120748090013861447:
3202305120748110013931347:
3202305120748130013832526:
3202305120748150008687514:
3202305120748190004921352:
3202305120748310004933136:
3202305120748330013834875:
3202305120748350004933136:
3202305120748380007418333:
3202305120748450013820751:
3202305120748590004969304:
3202305120749030009289189:
3202305120749080009000866:
3202305120749110013857599:
3202305120749190004969304:
3202305120749210013823170:
3202305120749230005266674:
3202305120749260013902753:
3202305120749290013864178:
3202305120749360013835820:
3202305120749390013959459:
3202305120749430005249713:
3202305120749460008691341:
3202305120749590005248502:
3202305120750240004962972:
3202305120750270008965283:
3202305120750310008680442:
3202305120750330013964619:
3202305120750360009324629:
3202305120750400004998074:
3202305120750420008707911:
3202305120750450013825370:
3202305120750490004935446:
3202305120750520009321481:
3202305120750540004162160:
3202305120750560009354576:
3202305120750590013821617:
3202305120751010009324629:
3202305120751030009286387:
3202305120751050013848963:
3202305120751090004936854:
3202305120751180013830982:
3202305120751250005271893:
3202305120751370008949593:
3202305120751410005250572:
3202305120751500004995927:
3202305120752030008680442:
3202305120752120008952632:
3202305120752160008679943:
3202305120752190013833235:
3202305120752210013864151:
3202305120752230008692290:
3202305120752260009339930:
3202305120752280004162749:
3202305120752300009002736:
3202305120752330013865818:
3202305120752360013849429:
3202305120752390008936199:
3202305120752410005268686:
3202305120752440004937930:
3202305120752480009342959:
3202305120752520013826336:
3202305120752550013880178:
3202305120752570008976963:
3202305120753000013944088:
3202305120753020008492410:
3202305120753040013854309:
3202305120753060009290264:
3202305120753080009226391:
3202305120753120005254932:
3202305120753150009346364:
3202305120753170009326626:
3202305120753190009001182:
3202305120753210013939557:
3202305120753240005011155:
3202305120753270009348776:
3202305120753290003126145:
3202305120753320013888320:
3202305120753350005264549:
3202305120753360008951287:
3202305120753390013830972:
3202305120753410009324879:
3202305120753430013870411:
3202305120753450013849429:
3202305120753470008698795:
3202305120753500009331842:
3202305120753520013824637:
3202305120753540009342997:
3202305120753560009339821:
3202305120753580008918564:
3202305120754000004973922:
3202305120754010013832058:
3202305120754030004973922:
3202305120754050006021877:
3202305120754080008997523:
3202305120754100013961747:
3202305120754120009343384:
3202305120754140008967355:
3202305120754170004164224:
3202305120754190013897557:
3202305120754210005271886:
3202305120754250008923971:
3202305120754260009234457:
3202305120754290013828504:
3202305120754310004999443:
3202305120754330013821703:
3202305120754360009346367:
3202305120754420008499165:
3202305120754440008518736:
3202305120754460009000033:
3202305120754480009339273:
3202305120754510005248597:
3202305120754550008693892:
3202305120754580013855608:
3202305120755010004965814:
3202305120755100005263920:
3202305120755130005254706:
3202305120755170008951044:
3202305120755180013881372:
3202305120755200008686117:
3202305120755220008976575:
3202305120755250005261060:
3202305120755280013832503:
3202305120755300013826883:
3202305120755320008979659:
3202305120755340006018008:
3202305120755360008979659:
3202305120755380009327615:
3202305120755410008511694:
3202305120755420004968261:
3202305120755450008713928:
3202305120755470005254707:
3202305120755480008967713:
3202305120755510005254715:
3202305120755530008937801:
3202305120755550009339802:
3202305120755570013839612:
3202305120755590006036875:
3202305120756010008969395:
3202305120756030009283323:
3202305120756050008961541:
3202305120756070008931959:
3202305120756090008507829:
3202305120756110009342962:
3202305120756130006028799:
3202305120756140009346035:
3202305120756170008693920:
3202305120756190009275624:
3202305120756200009336959:
3202305120756220013928145:
3202305120756240008984988:
3202305120756250005252996:
3202305120756280008916457:
3202305120756300013840014:
3202305120756320009324637:
3202305120756340003126147:
3202305120756370008494201:
3202305120756380013947197:
3202305120756410005257314:
3202305120756430000424165:
3202305120756450008677829:
3202305120756470009079143:
3202305120756500009088583:
3202305120756520004956498:
3202305120756540008498021:
3202305120756560006041721:
3202305120756580004165525:
3202305120757000004941508:
3202305120757010013944317:
3202305120757050013826471:
3202305120757090004164228:
3202305120757170008966902:
3202305120757210013827509:
3202305120757270013884709:
3202305120757280005254716:
3202305120757300003132773:
3202305120757320013862148:
3202305120757340004977423:
3202305120757360004167849:
3202305120757380013865143:
3202305120757410013860836:
3202305120757430009342981:
3202305120757450009254212:
3202305120757470013879538:
3202305120757480008708992:
3202305120757520005261504:
3202305120757530005267476:
3202305120757550013846313:
3202305120757570005254537:
3202305120757590013833779:
3202305120758010004953788:
3202305120758030005268449:
3202305120758050013820214:
3202305120758070009348748:
3202305120758090008717044:
3202305120758100008511515:
3202305120758120006015460:
3202305120758150008995263:
3202305120758170013837570:
3202305120758220004968472:
3202305120758240008921437:
3202305120758260008976838:
3202305120758280009354391:
3202305120758290013978939:
3202305120758320013821566:
3202305120758340008918021:
3202305120758360009308083:
3202305120758380004155886:
3202305120758390008953925:
3202305120758420013852427:
3202305120758430013932875:
3202305120758460009354581:
3202305120758480013827941:
3202305120758500005251559:
3202305120758510004980976:
3202305120758550013829492:
3202305120759160013943613:
3202305120759390008500889:
3202305120759430013835419:
3202305120802140004929645:
3202305120803510013827181:
4202305120735430005270169:
4202305120737440013819282:
4202305120737510004968502:
4202305120738500008504234:
4202305120738570009232376:
4202305120740450013919957:
4202305120740490004154147:
4202305120741430013893677:
4202305120741450005006958:
4202305120742010008917723:
4202305120742040005251014:
4202305120742080005248457:
4202305120742270007398203:
4202305120742560007396382:
4202305120743160008936935:
4202305120743300008988448:
4202305120743310008984842:
4202305120744080009066727:
4202305120744450008917728:
4202305120744540008692742:
4202305120744550005255627:
4202305120745020008997409:
4202305120745040009000168:
4202305120745180013822005:
4202305120745210004154153:
4202305120745590009077623:
4202305120746030004990686:
4202305120746060004973514:
4202305120746150008917446:
4202305120746170004965170:
4202305120746210008978067:
4202305120746360006039129:
4202305120746400008677903:
4202305120746410009000019:
4202305120746440008949319:
4202305120746460013960836:
4202305120746480005271892:
4202305120746500003137964:
4202305120747450005255712:
4202305120748030013834385:
4202305120748060013835023:
4202305120748110002851478:
4202305120748150013862184:
4202305120748160008932440:
4202305120748450008960159:
4202305120748460002851459:
4202305120748480009292038:
4202305120748550013890609:
4202305120749010013889222:
4202305120749030004957428:
4202305120749040013969550:
4202305120749090009324118:
4202305120749120013832985:
4202305120749230013824833:
4202305120749310013866057:
4202305120749390008953473:
4202305120749410005270419:
4202305120750010009346020:
4202305120750070006016252:
4202305120750180013916308:
4202305120750220003126360:
4202305120750250004963091:
4202305120750350005264374:
4202305120750410013861256:
4202305120750450004162750:
4202305120750500013964821:
4202305120750520005270720:
4202305120750590008973963:
4202305120751010005006315:
4202305120751130005265078:
4202305120751180005254711:
4202305120751220013881172:
4202305120751250004169060:
4202305120751270004929419:
4202305120751280009352010:
4202305120751300008959695:
4202305120751330006032924:
4202305120751390005261506:
4202305120751420008965377:
4202305120751450008954637:
4202305120751470008506766:
4202305120752060004605843:
4202305120752090004927575:
4202305120752130005250568:
4202305120752160004991542:
4202305120752180004165522:
4202305120752200013962667:
4202305120752270009341742:
4202305120752300009278862:
4202305120752350008958070:
4202305120752410013962095:
4202305120752450013844799:
4202305120752460013943339:
4202305120752480008974024:
4202305120752490008962143:
4202305120752510013837650:
4202305120752520008998170:
4202305120752540006022439:
4202305120752560008937078:
4202305120753130008932027:
4202305120753150009351823:
4202305120753170013822551:
4202305120753300013833100:
4202305120753340009002572:
4202305120753370008699709:
4202305120753380005251017:
4202305120753400008966810:
4202305120753420008944551:
4202305120753430009250787:
4202305120753450005273381:
4202305120753460008677569:
4202305120753480008964309:
4202305120753500013977930:
4202305120753510013847070:
4202305120753530013868727:
4202305120753550004963073:
4202305120753560013837437:
4202305120753580004936413:
4202305120754000013843067:
4202305120754010008506912:
4202305120754030013929876:
4202305120754050009324605:
4202305120754070005257309:
4202305120754090008517783:
4202305120754280013826918:
4202305120754290004965343:
4202305120754340008916557:
4202305120754360009234484:
4202305120754440007401131:
4202305120754460013959635:
4202305120754480008960412:
4202305120754500008998203:
4202305120754520013827980:
4202305120754530009296645:
4202305120754550005264170:
4202305120754570004163900:
4202305120754590004974233:
4202305120755000008932264:
4202305120755020008932258:
4202305120755040009299920:
4202305120755060009351768:
4202305120755080008951935:
4202305120755100009226821:
4202305120755120013839950:
4202305120755140006010458:
4202305120755170008917514:
4202305120755180013831047:
4202305120755220013880568:
4202305120755240005251020:
4202305120755250008967379:
4202305120755270013921997:
4202305120755280013872518:
4202305120755300004160641:
4202305120755310006036994:
4202305120755330013922995:
4202305120755340013864767:
4202305120755370009288870:
4202305120755390013859747:
4202305120755400008991964:
4202305120755420009226429:
4202305120755440009282101:
4202305120755460009004051:
4202305120755470005009382:
4202305120755490013846376:
4202305120755500008975084:
4202305120755520005259619:
4202305120755540005266871:
4202305120755550004967606:
4202305120755560013913444:
4202305120755580004964545:
4202305120755590009234249:
4202305120756010013873081:
4202305120756030008918566:
4202305120756040005248391:
4202305120756060008932048:
4202305120756060013823792:
4202305120756090004965968:
4202305120756110008964432:
4202305120756130013920594:
4202305120756140008953371:
4202305120756160008986773:
4202305120756170004953437:
4202305120756200004990375:
4202305120756210008677259:
4202305120756230008942591:
4202305120756250008916642:
4202305120756260008923933:
4202305120756290013880619:
4202305120756310009309829:
4202305120756320000424146:
4202305120756340008710875:
4202305120756350013822955:
4202305120756380013922340:
4202305120756400005272191:
4202305120756430013954643:
4202305120756470005251361:
4202305120756530008925084:
4202305120756550013825380:
4202305120756570008918431:
4202305120756590013951727:
4202305120757000000424167:
4202305120757020008937070:
4202305120757030007407459:
4202305120757050009252994:
4202305120757070008512783:
4202305120757090013936777:
4202305120757100013868438:
4202305120757120008511222:
4202305120757140013846621:
4202305120757150008499471:
4202305120757170013857598:
4202305120757180013871746:
4202305120757200013918053:
4202305120757210013866845:
4202305120757230005259965:
4202305120757250013834408:
4202305120757270009345998:
4202305120757290004967900:
4202305120757310008494267:
4202305120757330005262048:
4202305120757400009226817:
4202305120757420008921827:
4202305120757460006036336:
4202305120757480008921827:
4202305120757510008997444:
4202305120757540004953650:
4202305120757560009253842:
4202305120757580000431385:
4202305120758040005268314:
4202305120758050005252028:
4202305120758070008915574:
4202305120758080009295454:
4202305120758100004164864:
4202305120758120013836281:
4202305120758140004162744:
4202305120758150004162747:
4202305120758260004972482:
4202305120758300008519041:
4202305120758320004966362:
4202305120758340009305197:
4202305120758360013866549:
4202305120758380008954444:
4202305120758390008959774:
4202305120758410008954444:
4202305120758420008697594:
4202305120758460013922633:
4202305120758490008986241:
4202305120758520013916087:
4202305120759030005270416:
4202305120759400005264375:
4202305120823550004930608:
6202305120001390009232376:
6202305120710580004992307:
6202305120714450013830139:
6202305120718580013848978:
6202305120724070008953960:
6202305120725570013848978:
6202305120730020004162135:
6202305120730190007398159:
6202305120730370008494910:
6202305120733190006037924:
6202305120733450008997568:
6202305120733510013958826:
6202305120734110004946775:
6202305120734280005272916:
6202305120734410005262500:
6202305120734450013889814:
6202305120734480008962094:
6202305120734560008510716:
6202305120735010009273013:
6202305120735470013951624:
6202305120736200005257617:
6202305120738230004994575:
6202305120738260013882042:
6202305120738280006040284:
6202305120738310005272226:
6202305120738380008994824:
6202305120738410009001274:
6202305120738450013835732:
6202305120739030004158136:
6202305120739080008706878:
6202305120739270013826705:
6202305120739290005267345:
6202305120740010013843391:
6202305120740170004967002:
6202305120740190013920994:
6202305120740240004992307:
6202305120740370013843303:
6202305120740390013875144:
6202305120740420004968173:
6202305120740460000431430:
6202305120740500013841754:
6202305120741150008960168:
6202305120741310013934791:
6202305120741380013835665:
6202305120742080008683421:
6202305120743010013862488:
6202305120743150008946732:
6202305120743190005258469:
6202305120743270013860042:
6202305120743350008946732:
6202305120743380006021994:
6202305120743420008923700:
6202305120743440006021994:
6202305120743460008923700:
6202305120743480005249720:
6202305120743530004965866:
6202305120744110008966832:
6202305120744140009002528:
6202305120744180005008853:
6202305120744200006022160:
6202305120744220008979710:
6202305120744240004966750:
6202305120744280001088074:
6202305120744350008954400:
6202305120744530007402498:
6202305120744560013942203:
6202305120745010005273379:
6202305120745030004599832:
6202305120745100008959322:
6202305120745140013928774:
6202305120745300008914089:
6202305120745350008949626:
6202305120745400004165753:
6202305120745440008934530:
6202305120745470013978209:
6202305120745590005271892:
6202305120746010008958172:
6202305120746110008704914:
6202305120746150013839392:
6202305120746190004179472:
6202305120746260004951177:
6202305120746280004604852:
6202305120746430005270772:
6202305120746490009001271:
6202305120746530013885383:
6202305120746570005254539:
6202305120747010008974075:
6202305120747040008996540:
6202305120747080004928616:
6202305120747100005262554:
6202305120747130004164230:
6202305120747150013969817:
6202305120747190005257308:
6202305120747230013884958:
6202305120747240009296878:
6202305120747290008493092:
6202305120747310013843689:
6202305120747330013901925:
6202305120747390005268451:
6202305120747520005248396:
6202305120747540005257315:
6202305120747570013825583:
6202305120747590008934540:
6202305120748010008932260:
6202305120748040013823983:
6202305120748080013841156:
6202305120748120005270174:
6202305120748190008958098:
6202305120748210013821463:
6202305120748240013880034:
6202305120748300004605849:
6202305120748320013967098:
6202305120748350008931904:
6202305120748380013867487:
6202305120748410008986998:
6202305120748430008917764:
6202305120748450004926646:
6202305120748490008954096:
6202305120748510013833648:
6202305120748530004946192:
6202305120748550008936999:
6202305120748570005272371:
6202305120748590008960178:
6202305120749010008916532:
6202305120749040008964730:
6202305120749060009291266:
6202305120749110013906962:
6202305120749130006029988:
6202305120749150008921659:
6202305120749190005248395:
6202305120749240005253081:
6202305120749280013825704:
6202305120749310013841734:
6202305120749500005264312:
6202305120749520013933411:
6202305120750070009278808:
6202305120750080004998074:
6202305120750100013883726:
6202305120750120008500142:
6202305120750130013823469:
6202305120750170004165524:
6202305120750190008933271:
6202305120750210008960121:
6202305120750240013835091:
6202305120750260008976870:
6202305120750290004975690:
6202305120750310009002575:
6202305120750330013843775:
6202305120750360008967059:
6202305120750380004962579:
6202305120750410008991197:
6202305120750440013905995:
6202305120750470013825174:
6202305120750500013862182:
6202305120750530004949833:
6202305120750560009304100:
6202305120750580013837774:
6202305120751010008967375:
6202305120751040008923976:
6202305120751060006039510:
6202305120751080008966876:
6202305120751100008986224:
6202305120751120004949598:
6202305120751130005263444:
6202305120751160005270418:
6202305120751240013824122:
6202305120751270013845528:
6202305120751290008997793:
6202305120751310005253082:
6202305120751330008977075:
6202305120751360013928320:
6202305120751390013960205:
6202305120751400004931257:
6202305120751430013824799:
6202305120751450013820770:
6202305120751480006014941:
6202305120751500008431645:
6202305120751530009000149:
6202305120751590013823369:
6202305120752050013832836:
6202305120752090013833941:
6202305120752170013820898:
6202305120752200004994314:
6202305120752220008958578:
6202305120752240008917544:
6202305120752280013888206:
6202305120752300013852871:
6202305120752320005254931:
6202305120752350004976589:
6202305120752370009002727:
6202305120752390013968653:
6202305120752420008959817:
6202305120752450013823311:
6202305120752480013839515:
6202305120752500005249653:
6202305120752520013870411:
6202305120752540013854863:
6202305120752570008698315:
6202305120753000009348762:
6202305120753020013836770:
6202305120753050005252149:
6202305120753060013832058:
6202305120753090013973140:
6202305120753120013886441:
6202305120753150008978936:
6202305120753180008969360:
6202305120753200013891828:
6202305120753230009283499:
6202305120753250008982515:
6202305120753280009000059:
6202305120753320013873606:
6202305120753340005272907:
6202305120753350005272103:
6202305120753370013862768:
6202305120753400013859739:
6202305120753420013819513:
6202305120753460013865794:
6202305120753490013830384:
6202305120753520013859292:
6202305120753550013826027:
6202305120753580013877818:
6202305120754010004969965:
6202305120754030004947445:
6202305120754060008959338:
6202305120754080008923718:
6202305120754100013862641:
6202305120754120004965031:
6202305120754150013828407:
6202305120754170004936685:
6202305120754190008915469:
6202305120754210006018009:
6202305120754240013839779:
6202305120754260013929703:
6202305120754280004921563:
6202305120754310008492776:
6202305120754330013870166:
6202305120754350008935038:
6202305120754370005265082:
6202305120754400005261578:
6202305120754420008921772:
6202305120754450013833628:
6202305120754470008913988:
6202305120754500013852195:
6202305120754530013839978:
6202305120754550013834195:
6202305120754590013868631:
6202305120755000008958106:
6202305120755030004927029:
6202305120755040005268162:
6202305120755060013823923:
6202305120755080009233704:
6202305120755100013819983:
6202305120755120013859775:
6202305120755150008967647:
6202305120755170008501795:
6202305120755190004933902:
6202305120755210008976381:
6202305120755230005012405:
6202305120755250013862818:
6202305120755280013853101:
6202305120755290008951706:
6202305120755320008951250:
6202305120755340008923933:
6202305120755360013832502:
6202305120755380009289101:
6202305120755400009286616:
6202305120755430008949237:
6202305120755450013972063:
6202305120755470013973105:
6202305120755490008920296:
6202305120755510005272911:
6202305120755530006018006:
6202305120755550004961333:
6202305120755570004159579:
6202305120755590008981281:
6202305120756010013854502:
6202305120756030005264726:
6202305120756060006033720:
6202305120756080013972023:
6202305120756120013858645:
6202305120756140006018005:
6202305120756160008932537:
6202305120756190004944745:
6202305120756210008920127:
6202305120756230008506074:
6202305120756250005254712:
6202305120756270004602277:
6202305120756290009347607:
6202305120756310005264381:
6202305120756330013833904:
6202305120756360005266259:
6202305120756380005255628:
6202305120756400013914360:
6202305120756430013823222:
6202305120756450013865205:
6202305120756480013932124:
6202305120756500008968526:
6202305120756520008981626:
6202305120756540009254908:
6202305120756560009240533:
6202305120756580008984882:
6202305120757010007395627:
6202305120757030013842456:
6202305120757060004964878:
6202305120757070008992127:
6202305120757100001114611:
6202305120757120004967379:
6202305120757150008683123:
6202305120757170004992022:
6202305120757190013972605:
6202305120757210006025807:
6202305120757240005272292:
6202305120757260008921067:
6202305120757290013821646:
6202305120757300005267056:
6202305120757320004968178:
6202305120757350009002685:
6202305120757360009335539:
6202305120757380005272290:
6202305120757400009305918:
6202305120757420013833597:
6202305120757450009001270:
6202305120757470013829925:
6202305120757490004952169:
6202305120757510005270006:
6202305120757530008992114:
6202305120757550004165529:
6202305120757570013841528:
6202305120758000005005063:
6202305120758010008979599:
6202305120758030008696238:
6202305120758050013971616:
6202305120758070007412611:
6202305120758090013821709:
6202305120758100005262050:
6202305120758140009323999:
6202305120758220004993934:
6202305120758260009282114:
6202305120758280008959816:
6202305120758300004996445:
6202305120758340013828262:
6202305120758380005265555:
6202305120758410013926125:
6202305120758450009322590:
6202305120758460008999994:
6202305120759040008492480:
6202305120759050013845097:
6202305120759110009348543:
6202305120759130008986193:
6202305120759190013823922:
6202305120759290013856962:
6202305120759320013832267:
6202305120759560007419049:
6202305120801560013821760:
6202305120802020006042277:
6202305120820240004155436:
8202305120719530008988241:
8202305120739070008504234:
8202305120741180004154147:
8202305120741220013919957:
8202305120742110006028957:
8202305120742130004159570:
8202305120742460005248457:
8202305120742540007398203:
8202305120743170007396382:
8202305120744130008988448:
8202305120744160008984842:
8202305120745120008917728:
8202305120745300008997409:
8202305120745360009000168:
8202305120745560004154153:
8202305120745590008500626:
8202305120746060005272104:
8202305120746300004990686:
8202305120746370004973514:
8202305120746410004965170:
8202305120746440004988205:
8202305120746450008978067:
8202305120747060009000019:
8202305120747090008949319:
8202305120747110008677903:
8202305120748240005255712:
8202305120748290013835023:
8202305120748330005254424:
8202305120748360013834385:
8202305120748410013862184:
8202305120748520006015165:
8202305120749110008960159:
8202305120749120002851459:
8202305120749260013889222:
8202305120749290004957428:
8202305120749390009324118:
8202305120749420013832985:
8202305120749450013824833:
8202305120749470009301802:
8202305120750080008953473:
8202305120750320013862196:
8202305120750340013888903:
8202305120750410004968592:
8202305120750530003126360:
8202305120750560005264374:
8202305120750590004963091:
8202305120751150013964821:
8202305120751170005270720:
8202305120751220008973963:
8202305120751280005006315:
8202305120751420005265078:
8202305120751470004169060:
8202305120751480004935891:
8202305120751500004929419:
8202305120751550009352010:
8202305120752000006032924:
8202305120752070008506766:
8202305120752340004605843:
8202305120752390004927575:
8202305120752410005250568:
8202305120752460004991542:
8202305120752480013962667:
8202305120752560009341742:
8202305120753100008974024:
8202305120753110008962143:
8202305120753140008973819:
8202305120753160008998170:
8202305120753230008937078:
8202305120753390008932027:
8202305120753420009351823:
8202305120754040005251017:
8202305120754080009002572:
8202305120754090008944551:
8202305120754110009250787:
8202305120754130008966810:
8202305120754140005273381:
8202305120754160008677569:
8202305120754170008964309:
8202305120754190013855114:
8202305120754210004963073:
8202305120754230004936413:
8202305120754250013837437:
8202305120754270013843067:
8202305120754290009324605:
8202305120754350005257309:
8202305120754400004165756:
8202305120754430008501835:
8202305120754550004965343:
8202305120755010009234484:
8202305120755050008916557:
8202305120755070007401131:
8202305120755100013959635:
8202305120755120008960412:
8202305120755140008998203:
8202305120755160005264170:
8202305120755190009296645:
8202305120755230004163900:
8202305120755250004974233:
8202305120755270009299920:
8202305120755300009226821:
8202305120755320009351768:
8202305120755340008494427:
8202305120755350008951935:
8202305120755380006010458:
8202305120755390004990107:
8202305120755410004936688:
8202305120755430013839950:
8202305120755450008917514:
8202305120755470013872518:
8202305120755490008935006:
8202305120755520008990956:
8202305120755540005251020:
8202305120755550008967379:
8202305120755570013921997:
8202305120755590009339817:
8202305120756010006036994:
8202305120756020013864767:
8202305120756040013859747:
8202305120756050001087543:
8202305120756080004931925:
8202305120756100008991964:
8202305120756120004972892:
8202305120756130008975084:
8202305120756150005266871:
8202305120756170005271886:
8202305120756180005259619:
8202305120756210004964545:
8202305120756220009234249:
8202305120756240013873081:
8202305120756300008918566:
8202305120756320013920594:
8202305120756360013823792:
8202305120756380008953371:
8202305120756410008986773:
8202305120756420009326600:
8202305120756450004990375:
8202305120756460004953135:
8202305120756480008942591:
8202305120756500004953437:
8202305120756530009309829:
8202305120756560000424146:
8202305120756570008710875:
8202305120757000009288870:
8202305120757060013954643:
8202305120757090008918431:
8202305120757130008925084:
8202305120757220013951727:
8202305120757240007407459:
8202305120757260005273785:
8202305120757280008937070:
8202305120757290000424167:
8202305120757310009252994:
8202305120757330009246202:
8202305120757340008933930:
8202305120757360008512783:
8202305120757380009326658:
8202305120757390013868438:
8202305120757410013828533:
8202305120757430008511222:
8202305120757440008499471:
8202305120757460013866845:
8202305120757470013918053:
8202305120757490004967900:
8202305120757500005259965:
8202305120757520013834408:
8202305120757540009345998:
8202305120757550008494267:
8202305120757580005262048:
8202305120758010009226817:
8202305120758040004968208:
8202305120758100008921827:
8202305120758120008959833:
8202305120758140006036336:
8202305120758160008997444:
8202305120758200009253842:
8202305120758210004953650:
8202305120758230005252028:
8202305120758240000431385:
8202305120758270009295454:
8202305120758330004164864:
8202305120758350013836281:
8202305120758540013929876:
8202305120758570004972482:
8202305120759330013860912:
8202305120802140007401654: