1202305190817170004951327:
1202305191156140013847070:
1202305191157580004967900:
1202305191400190008985017:
1202305191400230004967900:
1202305191400300013871746:
1202305191401070013847070:
1202305191701390004951327:
2202305190816380006036505:
2202305190904130006042277:
2202305190904300013841528:
2202305191113440008985017:
2202305191155420013871746:
2202305191230010009291663:
2202305191242590006028797:
2202305191405400008424093:
2202305191540350008424093:
2202305191707440013841528:
2202305191813020006036505:
2202305191813040009291663:
2202305191834560006042277:
4202305190835510004989524:
4202305191016370006028797:
4202305191818510004989524:
6202305190750340009285513:
6202305190801050009232376:
6202305191154370007402498:
6202305191156290013847070:
6202305191156320013871746:
6202305191158300004967900:
6202305191400470007402498:
6202305191400490013847070:
6202305191819350009285513:
6202305191819570009232376:
8202305190836460004989524:
