1202306020729200013960139:
1202306020730030008917703:
1202306020732190009351308:
1202306020732460004951327:
1202306020733120008698279:
1202306020733130013822803:
1202306020733530013830084:
1202306020734330013918477:
1202306020736250006037924:
1202306020736320013923875:
1202306020736360013867842:
1202306020737080007402194:
1202306020737110006039969:
1202306020737130008512216:
1202306020737470013839729:
1202306020737530013919742:
1202306020738000009000048:
1202306020738070013915676:
1202306020738170013863772:
1202306020738190005272110:
1202306020739460013822147:
1202306020739560008517932:
1202306020740000008917723:
1202306020740120013858196:
1202306020740350004972793:
1202306020740400009295615:
1202306020740420009352009:
1202306020740520005267345:
1202306020740560004968173:
1202306020741200013924213:
1202306020741240004959001:
1202306020741420013899493:
1202306020741520008516420:
1202306020742080013930439:
1202306020742170009230781:
1202306020742230009236809:
1202306020742340013832764:
1202306020742370013860850:
1202306020742430013824873:
1202306020742450005268448:
1202306020742470004163901:
1202306020742500013861857:
1202306020742520009305457:
1202306020742550008939109:
1202306020742580004989528:
1202306020743010009305457:
1202306020743070013853246:
1202306020743110004933649:
1202306020743250013965843:
1202306020743410013863828:
1202306020743450009002699:
1202306020744010006751664:
1202306020744060013957674:
1202306020745010013855938:
1202306020745180013823106:
1202306020745280009000408:
1202306020745350008704914:
1202306020745420008997241:
1202306020745440009002528:
1202306020745470013940637:
1202306020745500008927874:
1202306020745520008984987:
1202306020745560013955737:
1202306020746280009001227:
1202306020746350013832044:
1202306020746470013835810:
1202306020746500008939115:
1202306020746590013856718:
1202306020747020009234480:
1202306020747050013840439:
1202306020747170004162433:
1202306020747190008977159:
1202306020747220008966787:
1202306020747260013916082:
1202306020747290013843530:
1202306020747380008694659:
1202306020747410013842456:
1202306020747500008513950:
1202306020748130004963035:
1202306020748160007398914:
1202306020748240013841092:
1202306020748290008503915:
1202306020748310008508219:
1202306020748330013825129:
1202306020748350013928774:
1202306020748420004957738:
1202306020748450008503915:
1202306020748470009341030:
1202306020748500013862063:
1202306020748520009346707:
1202306020749000008921475:
1202306020749030013828738:
1202306020749070008970469:
1202306020749100013858711:
1202306020749190013825089:
1202306020749260008702320:
1202306020749280004989073:
1202306020749300013970135:
1202306020749340013856328:
1202306020749360009341030:
1202306020749430013953161:
1202306020749470013839996:
1202306020749490009296798:
1202306020749510004967416:
1202306020749570004975531:
1202306020749590013898062:
1202306020750010008959815:
1202306020750050008917809:
1202306020750090013834284:
1202306020750100008998167:
1202306020750120013823161:
1202306020750140004951445:
1202306020750170004162750:
1202306020750250013880568:
1202306020750290005270178:
1202306020750330009226412:
1202306020750350005270178:
1202306020750360009226412:
1202306020750410013872996:
1202306020750430013833100:
1202306020750440013899696:
1202306020750470004963630:
1202306020750500013915046:
1202306020750520013851467:
1202306020750540004950845:
1202306020751020013884341:
1202306020751040013918530:
1202306020751070008697836:
1202306020751090013927675:
1202306020751100009051325:
1202306020751120004964878:
1202306020751160008951863:
1202306020751180008991003:
1202306020751210013950663:
1202306020751230013853542:
1202306020751250005270003:
1202306020751280008949625:
1202306020751360013862835:
1202306020751390013824399:
1202306020751420008960798:
1202306020751440005267480:
1202306020751460013923968:
1202306020751480004596347:
1202306020751500013910635:
1202306020751560003920040:
1202306020751590008954144:
1202306020752120013977953:
1202306020752170008978946:
1202306020752190013831155:
1202306020752230009233710:
1202306020752270004968004:
1202306020752281513645885:
1202306020752320001108277:
1202306020752330003137990:
1202306020752350007402500:
1202306020752380008503171:
1202306020752420008986717:
1202306020752470007402523:
1202306020752480008962128:
1202306020752510013964166:
1202306020752530005249645:
1202306020752550008940154:
1202306020752570005270417:
1202306020752590013834104:
1202306020753010013901523:
1202306020753020013927413:
1202306020753040004605842:
1202306020753060008937014:
1202306020753070008709011:
1202306020753090013857328:
1202306020753100013903152:
1202306020753120005258489:
1202306020753140006032903:
1202306020753160005256125:
1202306020753190013861874:
1202306020753210008496310:
1202306020753220008676811:
1202306020753240008978157:
1202306020753250004966050:
1202306020753270004155439:
1202306020753290006036993:
1202306020753310009346170:
1202306020753340005272229:
1202306020753360008677259:
1202306020753380008921990:
1202306020753400005248394:
1202306020753430004924182:
1202306020753450008706494:
1202306020753470013826918:
1202306020753480013822493:
1202306020753510004966802:
1202306020753530008916642:
1202306020753580013830323:
1202306020754010008913993:
1202306020754020013880961:
1202306020754040004975875:
1202306020754060008986229:
1202306020754110004962579:
1202306020754140013850962:
1202306020754180008699606:
1202306020754290009280491:
1202306020754310004155440:
1202306020754330005009382:
1202306020754350013910435:
1202306020754380013827147:
1202306020754390008934556:
1202306020754410013976034:
1202306020754430006039972:
1202306020754440013880207:
1202306020754460005008865:
1202306020754480013854987:
1202306020754580013955708:
1202306020755000009282809:
1202306020755020008915275:
1202306020755040013821954:
1202306020755060008977550:
1202306020755070013830859:
1202306020755090008977550:
1202306020755110013910811:
1202306020755120009346362:
1202306020755140008977647:
1202306020755160013863486:
1202306020755170013974144:
1202306020755190013844395:
1202306020755210013890838:
1202306020755230013925508:
1202306020755250008988449:
1202306020755260004934927:
1202306020755280013842874:
1202306020755300004599825:
1202306020755320013953074:
1202306020755340008934512:
1202306020755350009225481:
1202306020755380013968600:
1202306020755390013830514:
1202306020755420004158137:
1202306020755430009283323:
1202306020755450004952169:
1202306020755460009002415:
1202306020755480013910321:
1202306020755520009226797:
1202306020755550013839004:
1202306020755570013967487:
1202306020755590013959525:
1202306020756010009226433:
1202306020756020013835732:
1202306020756040005268163:
1202306020756050008949246:
1202306020756070013905347:
1202306020756090008510090:
1202306020756110008985249:
1202306020756130005250927:
1202306020756150008949614:
1202306020756170008495616:
1202306020756190013846774:
1202306020756210009339219:
1202306020756220009324076:
1202306020756240008960361:
1202306020756250009354401:
1202306020756270009339219:
1202306020756280000442293:
1202306020756300013832929:
1202306020756320004980727:
1202306020756340008917776:
1202306020756350013943323:
1202306020756370004164227:
1202306020756390013915314:
1202306020756400008967352:
1202306020756420013919218:
1202306020756440008915538:
1202306020756460004160641:
1202306020756480001083110:
1202306020756500013902395:
1202306020756510013822444:
1202306020756530006033090:
1202306020756550013841832:
1202306020756570013819471:
1202306020756580013978187:
1202306020757000005248387:
1202306020757010013860063:
1202306020757030013839735:
1202306020757050013929804:
1202306020757070004167848:
1202306020757080009254170:
1202306020757100013904560:
1202306020757110004167848:
1202306020757130005265555:
1202306020757150013860249:
1202306020757160004967900:
1202306020757180004969384:
1202306020757200008994926:
1202306020757210013860249:
1202306020757230013899137:
1202306020757240004982239:
1202306020757260008933930:
1202306020757280006033720:
1202306020757290008933930:
1202306020757310008966780:
1202306020757380013945128:
1202306020757400004934727:
1202306020757450013914187:
1202306020757490013957305:
1202306020757540013825414:
1202306020758010008934651:
1202306020758030013858636:
1202306020758050009232651:
1202306020758080005270001:
1202306020758100008958218:
1202306020758160009279709:
1202306020758230013926955:
1202306020758250009324604:
1202306020758270009326612:
1202306020758290013842761:
1202306020758310008958696:
1202306020758330008917364:
1202306020758350008988469:
1202306020758370013922633:
1202306020758400013842851:
1202306020758420004968298:
1202306020758440008958163:
1202306020758460008965027:
1202306020758480009252984:
1202306020758511513643510:
1202306020758530005266099:
1202306020758570006024859:
1202306020758590009281928:
1202306020759040008997536:
1202306020759060006028797:
1202306020759080013889546:
1202306020759110008952632:
1202306020759130013855183:
1202306020759150008959312:
1202306020759170013929280:
1202306020759180008952632:
1202306020759200008966186:
1202306020759210013871746:
1202306020759230006039973:
1202306020759250013823922:
1202306020759260009339824:
1202306020759300009236810:
1202306020759420013823657:
1202306020759440004989551:
1202306020759460008985017:
1202306020759490008956976:
1202306020759520013944983:
1202306020759560009339834:
1202306020800000013822202:
1202306020800110013840285:
1202306020800140013944983:
1202306020800170009348543:
1202306020800190013845916:
1202306020800210004966449:
1202306020800230009298223:
1202306020800240013870564:
1202306020800310009349986:
1202306020800480004958690:
1202306020800500009339803:
1202306020800540005253450:
1202306020800560008510378:
1202306020800580008931954:
1202306020801040013854084:
1202306020801130013868727:
1202306020803470008987527:
1202306020806290013956949:
1202306020807180013842991:
1202306020809430009001249:
1202306020811450004964407:
2202306020713590008497657:
2202306020728080008508441:
2202306020731350009246193:
2202306020731480006036505:
2202306020734090009291663:
2202306020734120009246193:
2202306020736390008504041:
2202306020737130013819184:
2202306020738250008936997:
2202306020738550008932952:
2202306020739580005272914:
2202306020740440004967002:
2202306020740510005264545:
2202306020741280004947963:
2202306020742430008698044:
2202306020742540005249648:
2202306020743160009346290:
2202306020744130009002701:
2202306020744170013902836:
2202306020744260008500401:
2202306020744320005267343:
2202306020744440009322682:
2202306020745030009293895:
2202306020745350008713215:
2202306020745590013917278:
2202306020746060008681883:
2202306020747010004967967:
2202306020747051513646659:
2202306020747080013864093:
2202306020747110013913444:
2202306020747440004605848:
2202306020747550013850718:
2202306020748010004986846:
2202306020748100009307295:
2202306020748250004997665:
2202306020748300005272291:
2202306020748370005007161:
2202306020748450013840360:
2202306020748480004951177:
2202306020749040009274874:
2202306020749070013929157:
2202306020749100013898062:
2202306020749120013942203:
2202306020749150008932999:
2202306020749170013832836:
2202306020749210001079879:
2202306020749290008950354:
2202306020749330008996273:
2202306020749430008685403:
2202306020749460005270418:
2202306020749480005248988:
2202306020749530009304100:
2202306020750000013916308:
2202306020750050008970531:
2202306020750110013821116:
2202306020750130004993146:
2202306020750170004602276:
2202306020750220004968555:
2202306020750240004165890:
2202306020750270013875018:
2202306020750340013923897:
2202306020750390009313676:
2202306020750450013836608:
2202306020750520008950839:
2202306020750540005259638:
2202306020750570013856961:
2202306020750590004930576:
2202306020751010013923674:
2202306020751030013866167:
2202306020751050005273382:
2202306020751060008429638:
2202306020751130009326618:
2202306020751160004953953:
2202306020751310005006768:
2202306020751330008709369:
2202306020751340013941962:
2202306020751520013974176:
2202306020751530004163902:
2202306020751570009297569:
2202306020751590008703345:
2202306020752020004604850:
2202306020752050008492776:
2202306020752090004599831:
2202306020752150004599832:
2202306020752170008967375:
2202306020752270008976441:
2202306020752300013843067:
2202306020752310009345998:
2202306020752330005252997:
2202306020752350004965482:
2202306020752360008492636:
2202306020752380005254711:
2202306020752410004948851:
2202306020752420008974978:
2202306020752440009339211:
2202306020752460005257310:
2202306020752480013837594:
2202306020752510013925407:
2202306020752540006022439:
2202306020752570006028953:
2202306020753000008992120:
2202306020753020013926352:
2202306020753040013828262:
2202306020753070013830662:
2202306020753090008496367:
2202306020753110004966802:
2202306020753130005009382:
2202306020753150013846376:
2202306020753170013824162:
2202306020753200005252030:
2202306020753230013912966:
2202306020753290004968761:
2202306020753310008985026:
2202306020753340013862513:
2202306020753370004962579:
2202306020753450013942907:
2202306020753470005270175:
2202306020753520008986773:
2202306020753570005249559:
2202306020754000013843087:
2202306020754020009276908:
2202306020754040013821815:
2202306020754060008930815:
2202306020754080004162135:
2202306020754090013859510:
2202306020754100008930815:
2202306020754120006014349:
2202306020754270013862064:
2202306020754300013829925:
2202306020754350013828076:
2202306020754370005012405:
2202306020754390004963659:
2202306020754400005258227:
2202306020754420013922340:
2202306020754440013832610:
2202306020754460009289101:
2202306020755030008932958:
2202306020755050004929491:
2202306020755070004155438:
2202306020755100013921926:
2202306020755120008975427:
2202306020755140009226433:
2202306020755170005272104:
2202306020755190005004848:
2202306020755200008491998:
2202306020755220006036876:
2202306020755240004949598:
2202306020755290013864443:
2202306020755330008937083:
2202306020755350013863195:
2202306020755380013858253:
2202306020755400008424093:
2202306020755510009290471:
2202306020755550004964719:
2202306020756030013936777:
2202306020756070004954665:
2202306020756100008916700:
2202306020756120009339828:
2202306020756130008978529:
2202306020756160013832980:
2202306020756170013953788:
2202306020756190013870974:
2202306020756210000431412:
2202306020756240013881372:
2202306020756250013872097:
2202306020756270008709061:
2202306020756290008923926:
2202306020756310013916087:
2202306020756340013927265:
2202306020756360004991241:
2202306020756470008701527:
2202306020756490013861582:
2202306020756580008976540:
2202306020757000005251014:
2202306020757060013863115:
2202306020757080013828263:
2202306020757100008492480:
2202306020757120005267479:
2202306020757130013933874:
2202306020757160009342984:
2202306020757200005258557:
2202306020757270008951525:
2202306020757430008966783:
2202306020757500004960160:
2202306020757550007407502:
2202306020757580005268310:
2202306020758050005272317:
2202306020758260013841528:
2202306020758280005250644:
2202306020758300013850493:
2202306020759070008917701:
2202306020759200008502364:
2202306020759260004930389:
2202306020759360008914088:
2202306020800000008497463:
2202306020800250004921669:
2202306020800520013824255:
2202306020801010013919934:
2202306020801210013821015:
2202306020801230013955115:
2202306020801240006042873:
2202306020803010004964545:
2202306020803220004967216:
2202306020803580006027540:
2202306020804060008426248:
2202306020805160009066621:
2202306020805240008914086:
2202306020806000005252017:
2202306020806390009310727:
2202306020806550008960187:
2202306020809130008969268:
2202306020809370005248393:
2202306020812460013838853:
2202306020812490008970486:
2202306020812510008942210:
2202306020814390013875429:
2202306020820310009279594:
2202306020821110006019315:
2202306020824580008500113:
2202306020826530004162742:
2202306020840180008493028:
3202306020711010013840834:
3202306020723090004974136:
3202306020723230004972171:
3202306020724480013915813:
3202306020724580013901173:
3202306020738580009351758:
3202306020739020006039016:
3202306020739040008943753:
3202306020739070013919244:
3202306020740180013823710:
3202306020740320009234458:
3202306020740570008922237:
3202306020741150008943401:
3202306020741210005004742:
3202306020741370013851480:
3202306020741390006029910:
3202306020742110013868075:
3202306020742170013921294:
3202306020742210004164228:
3202306020742410008952977:
3202306020743030008916495:
3202306020743050008951280:
3202306020743320013943789:
3202306020743380004995665:
3202306020743440008954083:
3202306020743590013856943:
3202306020744070004988205:
3202306020744100004968472:
3202306020744180013833768:
3202306020745020008503303:
3202306020745120008954132:
3202306020745240013845110:
3202306020745430013919267:
3202306020745500008958210:
3202306020745520009335560:
3202306020745540008978861:
3202306020746170013849429:
3202306020746210013944088:
3202306020746370009300590:
3202306020746500013931347:
3202306020746520013832526:
3202306020747030008961541:
3202306020747120013908669:
3202306020747290009343384:
3202306020747320013839612:
3202306020747350004930608:
3202306020747390009226391:
3202306020747460009001082:
3202306020747490004165753:
3202306020747530013857599:
3202306020748000013908932:
3202306020748050008677903:
3202306020748080008997568:
3202306020748390013831900:
3202306020748440013843391:
3202306020748510013824637:
3202306020748540008920018:
3202306020748570013953630:
3202306020749000008979659:
3202306020749040013900454:
3202306020749060004998074:
3202306020749090013843391:
3202306020749190003137991:
3202306020749200004154154:
3202306020749300013832058:
3202306020749330009343151:
3202306020749370008687514:
3202306020749430013964619:
3202306020749460009324629:
3202306020749480006030145:
3202306020749500013834875:
3202306020749520013934685:
3202306020749540009000033:
3202306020750010005250572:
3202306020750040006021877:
3202306020750080004162160:
3202306020750110009321481:
3202306020750200013912878:
3202306020750230013849210:
3202306020750270013835023:
3202306020750310008943425:
3202306020750320008679943:
3202306020750340004962972:
3202306020750370013902753:
3202306020750390009000866:
3202306020750410008692290:
3202306020750430008692117:
3202306020750450009342959:
3202306020750490008680442:
3202306020750520009354576:
3202306020750540004921352:
3202306020751040009324879:
3202306020751070009323446:
3202306020751110008713928:
3202306020751140005258213:
3202306020751180013836318:
3202306020751200009000878:
3202306020751310013830502:
3202306020751340009348776:
3202306020751380004162432:
3202306020751410004933136:
3202306020751430013830982:
3202306020751450013929895:
3202306020751470005263920:
3202306020751500005271893:
3202306020751510008494246:
3202306020751530009278862:
3202306020751550013864155:
3202306020751570009324637:
3202306020752000008511694:
3202306020752020008717044:
3202306020752090008967355:
3202306020752120004163935:
3202306020752150013821703:
3202306020752180013826336:
3202306020752200013825330:
3202306020752220013854309:
3202306020752240013833235:
3202306020752250009325535:
3202306020752270004969304:
3202306020752300013833603:
3202306020752320013961747:
3202306020752350013847399:
3202306020752380013828504:
3202306020752400013931152:
3202306020752420009289189:
3202306020752440008711197:
3202306020752480004921536:
3202306020752500008965283:
3202306020752520008707911:
3202306020752550008932994:
3202306020752570005254707:
3202306020752590009002736:
3202306020753010013865818:
3202306020753040004995927:
3202306020753050008691341:
3202306020753070013948119:
3202306020753100007418333:
3202306020753120003126145:
3202306020753150013926662:
3202306020753180013830972:
3202306020753200009339930:
3202306020753220009290264:
3202306020753240006015460:
3202306020753270013827723:
3202306020753280013836140:
3202306020753300013852427:
3202306020753340008997523:
3202306020753350005248502:
3202306020753390013897557:
3202306020753400005248597:
3202306020753420004164224:
3202306020753450009300618:
3202306020753480008499165:
3202306020753500008949593:
3202306020753520009327615:
3202306020753550013832571:
3202306020753580008494201:
3202306020754000013888320:
3202306020754020009234457:
3202306020754040004937930:
3202306020754070008958211:
3202306020754090008698315:
3202306020754120009339802:
3202306020754140008916502:
3202306020754170008937078:
3202306020754190013944317:
3202306020754210013933502:
3202306020754240005249713:
3202306020754260013870411:
3202306020754290005254932:
3202306020754310005011155:
3202306020754340008953925:
3202306020754360004162749:
3202306020754380013835986:
3202306020754400005264549:
3202306020754420008429633:
3202306020754440005257314:
3202306020754460005254537:
3202306020754480009336959:
3202306020754490008976963:
3202306020754520013825370:
3202306020754530005271886:
3202306020754550013821380:
3202306020754580008492410:
3202306020755000004935446:
3202306020755010009326626:
3202306020755030013864151:
3202306020755050008976575:
3202306020755070013833098:
3202306020755090013836281:
3202306020755110008693920:
3202306020755120003126147:
3202306020755140009000019:
3202306020755160013840014:
3202306020755190013821617:
3202306020755210004164230:
3202306020755230008949220:
3202306020755250008951287:
3202306020755270013970407:
3202306020755290008923971:
3202306020755310013901905:
3202306020755330008918564:
3202306020755350008518736:
3202306020755380009346367:
3202306020755400004165525:
3202306020755420013860836:
3202306020755450013964382:
3202306020755460009079143:
3202306020755490006036875:
3202306020755510004929645:
3202306020755530009001182:
3202306020755540008984988:
3202306020755570013831292:
3202306020755590008931959:
3202306020756010013820214:
3202306020756030013875080:
3202306020756060004966178:
3202306020756070006033000:
3202306020756090004969598:
3202306020756120013904815:
3202306020756140013880178:
3202306020756160005252996:
3202306020756180013928145:
3202306020756210008969395:
3202306020756240013827509:
3202306020756270013933942:
3202306020756290005254715:
3202306020756310005261504:
3202306020756330004973922:
3202306020756350005266674:
3202306020756370006018008:
3202306020756390009331842:
3202306020756410013821566:
3202306020756430008507829:
3202306020756450013952872:
3202306020756470004993934:
3202306020756490008992139:
3202306020756520013978939:
3202306020756540000424165:
3202306020756570004953788:
3202306020756580005254706:
3202306020757000013865143:
3202306020757030013919335:
3202306020757050013823170:
3202306020757070008498021:
3202306020757090009326658:
3202306020757110008693892:
3202306020757120013858253:
3202306020757140013943613:
3202306020757160008918021:
3202306020757170013899439:
3202306020757200008951044:
3202306020757220004980976:
3202306020757240005267476:
3202306020757270008916457:
3202306020757290013827181:
3202306020757310009339821:
3202306020757330009342962:
3202306020757350008677829:
3202306020757370013952334:
3202306020757390013951006:
3202306020757400013862148:
3202306020757420004167849:
3202306020757440013877341:
3202306020757470013832503:
3202306020757490013947197:
3202306020757510008973876:
3202306020757530013826471:
3202306020757540013829492:
3202306020757580008500889:
3202306020758000008921437:
3202306020758020013833779:
3202306020758030009354391:
3202306020758050008967713:
3202306020758070004936854:
3202306020758090008979599:
3202306020758100009342981:
3202306020758120003132773:
3202306020758130013913768:
3202306020758150013837570:
3202306020758170008966902:
3202306020758180004946517:
3202306020758200008714113:
3202306020758210008942559:
3202306020758230005268449:
3202306020758250004941508:
3202306020758260013892637:
3202306020758280009308083:
3202306020758290008995263:
3202306020758310004977423:
3202306020758330009254212:
3202306020758350008511515:
3202306020758360013827941:
3202306020758380009348748:
3202306020758400008991601:
3202306020758420009088583:
3202306020758460008512783:
3202306020758480005268686:
3202306020758500004155886:
3202306020758520013930048:
3202306020758540009322590:
3202306020758560013834318:
3202306020758580008976838:
3202306020758590005266872:
3202306020759020008976838:
3202306020759190009346035:
3202306020759360005268314:
3202306020759400009281928:
3202306020759430013855114:
3202306020803200005252028:
3202306020813560005248393:
4202306020734430008504234:
4202306020737320006037924:
4202306020738410005270169:
4202306020739140007396382:
4202306020739160013845360:
4202306020740150005270419:
4202306020740450003137964:
4202306020741180008917728:
4202306020741480004154147:
4202306020741510008519041:
4202306020742060004965170:
4202306020743140005270169:
4202306020743330013825885:
4202306020743550013919957:
4202306020744020004154153:
4202306020744040006032924:
4202306020744050004973514:
4202306020744210007398203:
4202306020745150005272226:
4202306020745350013864466:
4202306020745370006028298:
4202306020745480013881172:
4202306020745550004966362:
4202306020745580013881172:
4202306020746010004936688:
4202306020746090008965377:
4202306020746430013962667:
4202306020746460013821750:
4202306020746520008917446:
4202306020746530013834385:
4202306020746550013862184:
4202306020746570013834385:
4202306020746580008917446:
4202306020747010009002528:
4202306020747060005270169:
4202306020747080009002528:
4202306020747220004968502:
4202306020747300013848963:
4202306020747450013822237:
4202306020748000005271892:
4202306020748030013822237:
4202306020748060008917446:
4202306020748090013822237:
4202306020748130008966832:
4202306020748150004989524:
4202306020748210013822005:
4202306020748470009077623:
4202306020748490013866057:
4202306020748580005272226:
4202306020749130008991038:
4202306020749190008916557:
4202306020749250009286387:
4202306020749280013837650:
4202306020749320009324118:
4202306020749360008949319:
4202306020749380002851459:
4202306020749410013926050:
4202306020749440013861447:
4202306020749470013864832:
4202306020749490013969550:
4202306020749510013920009:
4202306020749530013899763:
4202306020749550013920009:
4202306020749560004957428:
4202306020749580004963091:
4202306020750020008494427:
4202306020750030009292038:
4202306020750070008997409:
4202306020750180008998170:
4202306020750220008984842:
4202306020750260013859747:
4202306020750300008494267:
4202306020750420004990686:
4202306020750440009351823:
4202306020750460008932027:
4202306020750470009291266:
4202306020750550005264374:
4202306020751010009250787:
4202306020751120008918566:
4202306020751150008504180:
4202306020751180004162750:
4202306020751210013880568:
4202306020751230005248988:
4202306020751260013822592:
4202306020751280013880568:
4202306020751300008960159:
4202306020751310006039129:
4202306020751350013916308:
4202306020751370013924880:
4202306020751400008506766:
4202306020751420004929419:
4202306020751430008506766:
4202306020751470008964309:
4202306020751490013912886:
4202306020751540003126360:
4202306020751570013914360:
4202306020751590009282101:
4202306020752010008966876:
4202306020752030005006315:
4202306020752060009341742:
4202306020752090009234249:
4202306020752100013826157:
4202306020752120008978067:
4202306020752140005255627:
4202306020752190005251017:
4202306020752210008966810:
4202306020752240004963073:
4202306020752280004991542:
4202306020752310013925636:
4202306020752330008932258:
4202306020752370013977930:
4202306020752400005250568:
4202306020752420008699709:
4202306020752440013933524:
4202306020752460013828533:
4202306020752480008915574:
4202306020752510008944551:
4202306020752540004965031:
4202306020752570006036994:
4202306020753000013844799:
4202306020753040004169060:
4202306020753060008951935:
4202306020753080005252016:
4202306020753100008954637:
4202306020753120005251564:
4202306020753130013826883:
4202306020753150004941773:
4202306020753160009226817:
4202306020753180013830384:
4202306020753200008989437:
4202306020753230004941773:
4202306020753250002851478:
4202306020753270004165522:
4202306020753290013835723:
4202306020753300013933235:
4202306020753320013835723:
4202306020753340013861543:
4202306020753360013933235:
4202306020753380013862196:
4202306020753400009296645:
4202306020753420013827980:
4202306020753440013862641:
4202306020753450013957885:
4202306020753470013890609:
4202306020753490009346020:
4202306020753530005270006:
4202306020753550013856962:
4202306020753580005255712:
4202306020754000008975399:
4202306020754020005261506:
4202306020754050009288870:
4202306020754060005261506:
4202306020754080005254711:
4202306020754110004927575:
4202306020754130013821018:
4202306020754150009234484:
4202306020754160008517783:
4202306020754190008916501:
4202306020754210008511222:
4202306020754220005264170:
4202306020754240004972892:
4202306020754260013823002:
4202306020754300009299920:
4202306020754320009226429:
4202306020754340006028953:
4202306020754360005273381:
4202306020754380009226429:
4202306020754400013918053:
4202306020754420005255627:
4202306020754430008677259:
4202306020754450006022439:
4202306020754460005006958:
4202306020754480008677259:
4202306020754500006022439:
4202306020754510013913226:
4202306020754530008677259:
4202306020754550013826918:
4202306020754570013859676:
4202306020754580013865205:
4202306020755000008708048:
4202306020755010008916642:
4202306020755030013865205:
4202306020755050013820751:
4202306020755060009352010:
4202306020755070008916642:
4202306020755090013951727:
4202306020755110013820751:
4202306020755120008921819:
4202306020755140009252994:
4202306020755150005252030:
4202306020755170008932264:
4202306020755180006028799:
4202306020755200008932048:
4202306020755210013900125:
4202306020755230013822551:
4202306020755240013824359:
4202306020755260013923083:
4202306020755270004965343:
4202306020755300009275624:
4202306020755310005248391:
4202306020755330004987744:
4202306020755340009275624:
4202306020755360009002572:
4202306020755370005249559:
4202306020755390005253569:
4202306020755400013859510:
4202306020755420013878225:
4202306020755430013820898:
4202306020755450013953581:
4202306020755460008923933:
4202306020755480005248599:
4202306020755480013860354:
4202306020755510013822898:
4202306020755530013860354:
4202306020755540008959774:
4202306020755560013846376:
4202306020755570009066727:
4202306020755590013829925:
4202306020756010008960168:
4202306020756030013873081:
4202306020756050005264548:
4202306020756060008918431:
4202306020756080004944745:
4202306020756090005261060:
4202306020756110004953437:
4202306020756120005259965:
4202306020756140013943339:
4202306020756160005265078:
4202306020756170013922340:
4202306020756200013852275:
4202306020756220013905995:
4202306020756240013973627:
4202306020756260013852275:
4202306020756290008677569:
4202306020756310005259619:
4202306020756330013868631:
4202306020756350005262050:
4202306020756360008962112:
4202306020756380005262050:
4202306020756400013868631:
4202306020756410013960836:
4202306020756430009226821:
4202306020756440005251015:
4202306020756460013850303:
4202306020756470013925945:
4202306020756490013819907:
4202306020756500013822955:
4202306020756520013821750:
4202306020756540008925084:
4202306020756550013858645:
4202306020756570008964432:
4202306020756580013868584:
4202306020757000013822955:
4202306020757010013835732:
4202306020757030006016252:
4202306020757040005268163:
4202306020757060006039493:
4202306020757070008949246:
4202306020757090008937083:
4202306020757110009335539:
4202306020757120008686301:
4202306020757120013865902:
4202306020757150009234467:
4202306020757170013860248:
4202306020757180013864443:
4202306020757200013833941:
4202306020757230008494964:
4202306020757250008921067:
4202306020757260013833941:
4202306020757280005262048:
4202306020757290008968526:
4202306020757310004953650:
4202306020757320013888903:
4202306020757340008921067:
4202306020757360013847395:
4202306020757380008968526:
4202306020757390013832502:
4202306020757410013864443:
4202306020757440013848859:
4202306020757460013821646:
4202306020757520013850889:
4202306020757540005272907:
4202306020757560013821646:
4202306020757570013881904:
4202306020757590009004051:
4202306020758000004949734:
4202306020758020005251361:
4202306020758030005272907:
4202306020758050004949734:
4202306020758060013864443:
4202306020758080005251361:
4202306020758100013959635:
4202306020758120008954444:
4202306020758130008997404:
4202306020758190004164864:
4202306020758200004162747:
4202306020758220009253842:
4202306020758230008510316:
4202306020758250008954444:
4202306020758260013866549:
4202306020758280008997444:
4202306020758300004972482:
4202306020758310005272191:
4202306020758330013919056:
4202306020758340004990107:
4202306020758370000424146:
4202306020758390013903270:
4202306020758400008994926:
4202306020758420005266871:
4202306020758430005251014:
4202306020758450005262049:
4202306020758480013868373:
4202306020758500000431385:
4202306020758510005262049:
4202306020758530005258230:
4202306020758550013861669:
4202306020758570004996470:
4202306020758580008942604:
4202306020759000008986241:
4202306020759010005258230:
4202306020759160013823002:
4202306020759190008942604:
4202306020759210008697594:
4202306020759250013860912:
4202306020759270004162744:
4202306020759310008704021:
4202306020759350013922633:
4202306020759400005012521:
4202306020759520008923688:
4202306020759540004952773:
4202306020800030008959312:
4202306020800050008997536:
4202306020800130006039973:
4202306020800180005264375:
4202306020800210013871746:
6202306020728550004992307:
6202306020731160013848978:
6202306020731190005249720:
6202306020733330013863794:
6202306020733360008934530:
6202306020736010013830139:
6202306020736210004946775:
6202306020736320008494910:
6202306020736480005257617:
6202306020737170013819282:
6202306020738070013919742:
6202306020739010013867487:
6202306020739140013933411:
6202306020739160005270419:
6202306020739200008960178:
6202306020739370008946732:
6202306020739400003137964:
6202306020739560009273013:
6202306020740040009001274:
6202306020740260013890052:
6202306020740340005272916:
6202306020740420008953960:
6202306020740470013844382:
6202306020740510004928616:
6202306020740550013893677:
6202306020741140013907932:
6202306020741170004968173:
6202306020741250005248457:
6202306020741290008935038:
6202306020741400004967002:
6202306020741420013920994:
6202306020742010013951624:
6202306020742160005262500:
6202306020742220008510716:
6202306020742250004158136:
6202306020742280013861924:
6202306020742310008962094:
6202306020742350013825885:
6202306020742460008936935:
6202306020742500008923700:
6202306020742520008914089:
6202306020742560008954400:
6202306020742580013841754:
6202306020743000000431430:
6202306020743040005253082:
6202306020743100008959322:
6202306020743150013978209:
6202306020743180004965866:
6202306020743200013926226:
6202306020743310006040284:
6202306020743360013967098:
6202306020743480008954400:
6202306020743510008996540:
6202306020743590005253082:
6202306020744040013861256:
6202306020744260008986390:
6202306020744380013845258:
6202306020744410008934540:
6202306020744560013969817:
6202306020745070005272911:
6202306020745110008683421:
6202306020745200008932260:
6202306020745220013923365:
6202306020745240008932260:
6202306020745520008704914:
6202306020745560013863426:
6202306020746010013882042:
6202306020746260004926646:
6202306020746290005008853:
6202306020746320009001271:
6202306020746390013843136:
6202306020746460009003670:
6202306020746480013845825:
6202306020746510008958172:
6202306020746530005271892:
6202306020746580001088074:
6202306020747010008966832:
6202306020747040013825583:
6202306020747070009347607:
6202306020747100004165753:
6202306020747130013828407:
6202306020747160013835091:
6202306020747180013929285:
6202306020747200008499805:
6202306020747240005248396:
6202306020747280008997568:
6202306020747360005252149:
6202306020747400008978936:
6202306020747420008982515:
6202306020747440013880034:
6202306020747520013839515:
6202306020747540008979710:
6202306020747570004966750:
6202306020747590013826705:
6202306020748000006022160:
6202306020748020013884958:
6202306020748050013842456:
6202306020748070009305197:
6202306020748090013960205:
6202306020748100005249653:
6202306020748130006014941:
6202306020748160013899254:
6202306020748210004179472:
6202306020748240013971616:
6202306020748270008979659:
6202306020748290013934791:
6202306020748310013837650:
6202306020748340008994824:
6202306020748360008960121:
6202306020748390009296878:
6202306020748430013824122:
6202306020748450005270174:
6202306020748480004998074:
6202306020748500013916347:
6202306020748520003137991:
6202306020748540013928774:
6202306020748550013832058:
6202306020748580013857598:
6202306020749000013960380:
6202306020749030007402498:
6202306020749050004986846:
6202306020749070005262554:
6202306020749090005258472:
6202306020749110013901925:
6202306020749130013833628:
6202306020749140005006958:
6202306020749160013906962:
6202306020749180008931904:
6202306020749200004605849:
6202306020749230007398159:
6202306020749250013862768:
6202306020749270005266100:
6202306020749290008959695:
6202306020749310004604852:
6202306020749340013839392:
6202306020749360008921659:
6202306020749390013832308:
6202306020749420004946192:
6202306020749440013860042:
6202306020749470006021994:
6202306020749490005264312:
6202306020749510008954096:
6202306020749540008949237:
6202306020749560006029988:
6202306020749590004951177:
6202306020750030013891828:
6202306020750050008917544:
6202306020750070005254539:
6202306020750090008991197:
6202306020750120013968653:
6202306020750150008964730:
6202306020750170008953473:
6202306020750190005264726:
6202306020750230008506912:
6202306020750260004990979:
6202306020750290013832836:
6202306020750320004994314:
6202306020750350008932440:
6202306020750370005258469:
6202306020750390013836770:
6202306020750420009226447:
6202306020750430008917764:
6202306020750450004994575:
6202306020750490006021991:
6202306020750510005270418:
6202306020750540008493092:
6202306020750560008500142:
6202306020750590013843689:
6202306020751020008915469:
6202306020751040013823369:
6202306020751070013865794:
6202306020751100013820770:
6202306020751130009304100:
6202306020751150013825704:
6202306020751180004929016:
6202306020751210004988026:
6202306020751230008977075:
6202306020751260005264381:
6202306020751290013833100:
6202306020751310013844818:
6202306020751350008932258:
6202306020751370005273379:
6202306020751400008959817:
6202306020751440009000149:
6202306020751460013880619:
6202306020751480008923976:
6202306020751510013833648:
6202306020751540006039510:
6202306020751570004165890:
6202306020752000013864537:
6202306020752040013865436:
6202306020752070008967059:
6202306020752080013844799:
6202306020752100013823311:
6202306020752130013821341:
6202306020752160008958098:
6202306020752180005257308:
6202306020752200009346364:
6202306020752230013862488:
6202306020752250004964878:
6202306020752260005263444:
6202306020752290004165524:
6202306020752320013963931:
6202306020752340008949626:
6202306020752360004961532:
6202306020752380009233704:
6202306020752410013877818:
6202306020752430013933225:
6202306020752450008951250:
6202306020752480008958106:
6202306020752500004931257:
6202306020752520009002575:
6202306020752540013841156:
6202306020752570004975690:
6202306020752590013823469:
6202306020753020013885383:
6202306020753040008986998:
6202306020753060013819740:
6202306020753080013972063:
6202306020753100008967375:
6202306020753130013859292:
6202306020753150013972605:
6202306020753190005268451:
6202306020753220013921997:
6202306020753260008976870:
6202306020753280013824799:
6202306020753310013833597:
6202306020753330004936685:
6202306020753350008984882:
6202306020753370008933271:
6202306020753390009240533:
6202306020753410006018006:
6202306020753430005267056:
6202306020753450013928320:
6202306020753480005270772:
6202306020753500006025807:
6202306020753520008959338:
6202306020753550008923718:
6202306020754010013829117:
6202306020754050004976589:
6202306020754070009002727:
6202306020754090013821279:
6202306020754110008981281:
6202306020754140005265082:
6202306020754160008431645:
6202306020754190008997793:
6202306020754210013845528:
6202306020754240013823983:
6202306020754250008923718:
6202306020754270004947445:
6202306020754310005254931:
6202306020754330004933902:
6202306020754360013839978:
6202306020754390008492776:
6202306020754410008974075:
6202306020754440008923933:
6202306020754460013821250:
6202306020754480013859739:
6202306020754500008951706:
6202306020754530013821463:
6202306020754550013907138:
6202306020754580005272103:
6202306020755000004602277:
6202306020755030013862182:
6202306020755050009286616:
6202306020755080005268162:
6202306020755110013888206:
6202306020755121513409863:
6202306020755140008976381:
6202306020755160013833904:
6202306020755180008958578:
6202306020755210013834239:
6202306020755230005253081:
6202306020755260004949833:
6202306020755280013826027:
6202306020755300009001270:
6202306020755320013928862:
6202306020755350009278808:
6202306020755370013852871:
6202306020755390006018009:
6202306020755410008969360:
6202306020755430009283499:
6202306020755450013859775:
6202306020755470005012405:
6202306020755480008936999:
6202306020755520004972420:
6202306020755540004927029:
6202306020755560009234467:
6202306020755580013954068:
6202306020756020013852195:
6202306020756040007412611:
6202306020756070013895958:
6202306020756090004921563:
6202306020756120013862818:
6202306020756140008501795:
6202306020756160013857585:
6202306020756180005254712:
6202306020756200013972023:
6202306020756220004949598:
6202306020756240009253739:
6202306020756260008967647:
6202306020756280013973105:
6202306020756300008992127:
6202306020756330008499149:
6202306020756350013932124:
6202306020756370008981626:
6202306020756390013819513:
6202306020756410013831047:
6202306020756440004926757:
6202306020756460013857958:
6202306020756490007395627:
6202306020756500008932537:
6202306020756520007419049:
6202306020756550013939557:
6202306020756570004159579:
6202306020756590005257315:
6202306020757010013951732:
6202306020757040005255628:
6202306020757050013979491:
6202306020757070009000059:
6202306020757100013821709:
6202306020757120008506074:
6202306020757170009254908:
6202306020757190008986193:
6202306020757210004923771:
6202306020757230001114611:
6202306020757250013837774:
6202306020757270006039507:
6202306020757290013845097:
6202306020757310005261578:
6202306020757330008920127:
6202306020757350008921772:
6202306020757370004958069:
6202306020757390013835665:
6202306020757410008921814:
6202306020757420013976027:
6202306020757440005005063:
6202306020757450013853101:
6202306020757480009323999:
6202306020757490004969965:
6202306020757510008942559:
6202306020757530008953914:
6202306020757550008921868:
6202306020757570004165529:
6202306020757590013854502:
6202306020758000008696238:
6202306020758020009289101:
6202306020758040008916532:
6202306020758060013889814:
6202306020758080008976993:
6202306020758100008920296:
6202306020758110013847879:
6202306020758140013873606:
6202306020758160005272292:
6202306020758180006018005:
6202306020758200008913988:
6202306020758230008491998:
6202306020758260009348762:
6202306020758280013832000:
6202306020758310013931875:
6202306020758340004996445:
6202306020758360006010458:
6202306020758380008999994:
6202306020758410004968178:
6202306020758430005266259:
6202306020758440009282114:
6202306020758470004967379:
6202306020758480009002685:
6202306020758500004968886:
6202306020758520005272290:
6202306020758540005270416:
6202306020758560013852453:
6202306020758580009305918:
6202306020758590004996210:
6202306020759010013825174:
6202306020759040008986224:
6202306020759050013839779:
6202306020759070009339837:
6202306020759090008686117:
6202306020759100008492480:
6202306020759130013926579:
6202306020759140008500184:
6202306020759160008959816:
6202306020759170008683123:
6202306020759190004961333:
6202306020759210008966840:
6202306020759240008506212:
6202306020759260013823923:
6202306020759280013819983:
6202306020759300013830648:
6202306020759330013834195:
6202306020759350008937801:
6202306020759360008952632:
6202306020800100013841734:
6202306020800400004167712:
6202306020800450009348543:
6202306020801400007401654:
6202306020801420013919934:
6202306020801580009309504:
6202306020802070008698795:
6202306020802100013831745:
6202306020807040004155436:
6202306020827530006042277:
8202306020714110009285513:
8202306020714170009232376:
8202306020734020013863511:
8202306020735080008504234:
8202306020739350007396382:
8202306020739400013845360:
8202306020741160006031524:
8202306020741430008917728:
8202306020742040004154147:
8202306020742220006028957:
8202306020742240004159570:
8202306020742340004965170:
8202306020742460013956461:
8202306020743110006015165:
8202306020743270005254424:
8202306020744010013948837:
8202306020744190013919957:
8202306020744310004154153:
8202306020744340006032924:
8202306020744370004973514:
8202306020744470007398203:
8202306020746350004936688:
8202306020747070013962667:
8202306020747260013834385:
8202306020747440013862184:
8202306020747510013848963:
8202306020748250013822237:
8202306020748290004989524:
8202306020748460008500626:
8202306020749540008916557:
8202306020749560009324118:
8202306020749590009286387:
8202306020750010008949319:
8202306020750030002851459:
8202306020750050013926050:
8202306020750080008991038:
8202306020750100013864178:
8202306020750120013861447:
8202306020750140004968208:
8202306020750180013864832:
8202306020750220004957428:
8202306020750250004963091:
8202306020750310008494427:
8202306020750370008997409:
8202306020750400008998170:
8202306020750450008984842:
8202306020750500008494267:
8202306020750560009351823:
8202306020751100004990686:
8202306020751140013859747:
8202306020751180005264374:
8202306020751220009250787:
8202306020751370008918566:
8202306020751390008504180:
8202306020751560008960159:
8202306020752050008506766:
8202306020752090004929419:
8202306020752100008964309:
8202306020752130009342997:
8202306020752160013912886:
8202306020752240003126360:
8202306020752280005006315:
8202306020752330008978067:
8202306020752350009341742:
8202306020752380009234249:
8202306020752400013826157:
8202306020752430013925636:
8202306020752460005251017:
8202306020752480008966810:
8202306020752500004963073:
8202306020752530013924085:
8202306020752590004991542:
8202306020753020005250568:
8202306020753050008699709:
8202306020753120008915574:
8202306020753140008501835:
8202306020753160008944551:
8202306020753260004169060:
8202306020753270006036994:
8202306020753320005251564:
8202306020753340013826883:
8202306020753380009226817:
8202306020754030013862196:
8202306020754050013822592:
8202306020754070009296645:
8202306020754090009301802:
8202306020754110009030883:
8202306020754130008973963:
8202306020754160009351768:
8202306020754240005255712:
8202306020754340013843067:
8202306020754360009288870:
8202306020754390008975399:
8202306020754420004935891:
8202306020754430004927575:
8202306020754450009234484:
8202306020754470013821018:
8202306020754490004972892:
8202306020754510008511222:
8202306020754530005264170:
8202306020754550004605843:
8202306020754560008974024:
8202306020754580009299920:
8202306020755000008916697:
8202306020755010005273381:
8202306020755040013918053:
8202306020755050013884709:
8202306020755070013855608:
8202306020755080005254716:
8202306020755100005270000:
8202306020755120009326600:
8202306020755160005257309:
8202306020755210013859676:
8202306020755220008708048:
8202306020755250008959833:
8202306020755280009352010:
8202306020755300013868438:
8202306020755310001087543:
8202306020755330004163900:
8202306020755340013837437:
8202306020755360008921819:
8202306020755380013951727:
8202306020755390013899843:
8202306020755420007407459:
8202306020755440008917514:
8202306020755460009252994:
8202306020755480006028799:
8202306020755490008953371:
8202306020755510013970126:
8202306020755530009324605:
8202306020755560008951935:
8202306020755580004965343:
8202306020755590013846313:
8202306020756010008708048:
8202306020756020004987744:
8202306020756040009002572:
8202306020756050008986773:
8202306020756070000424167:
8202306020756080008991964:
8202306020756100008937070:
8202306020756120004936413:
8202306020756130013864767:
8202306020756150013922995:
8202306020756170008967379:
8202306020756200008918431:
8202306020756230013840765:
8202306020756270013873081:
8202306020756290004165756:
8202306020756310004967606:
8202306020756330004968592:
8202306020756360005261060:
8202306020756380005259965:
8202306020756400004953437:
8202306020756480008677569:
8202306020756520005265078:
8202306020756550005259619:
8202306020756570004158333:
8202306020756590009226821:
8202306020757040013819907:
8202306020757060008935006:
8202306020757070007401131:
8202306020757090013919614:
8202306020757100008925084:
8202306020757120013832985:
8202306020757150013823792:
8202306020757160013897951:
8202306020757180013839950:
8202306020757200013825380:
8202306020757220006039493:
8202306020757250013879538:
8202306020757280009339817:
8202306020757300004981013:
8202306020757320008686301:
8202306020757350009309829:
8202306020757380013846621:
8202306020757400008710875:
8202306020757420004990375:
8202306020757440008499471:
8202306020757450008990956:
8202306020757470013830546:
8202306020757500013920594:
8202306020757520013830546:
8202306020757530013847395:
8202306020757550008494964:
8202306020757560004953650:
8202306020757580005262048:
8202306020758000013848859:
8202306020758020004931925:
8202306020758040005270720:
8202306020758070013888903:
8202306020758090013954643:
8202306020758100013964821:
8202306020758120005270720:
8202306020758140008975084:
8202306020758170008921827:
8202306020758210008708992:
8202306020758320008997404:
8202306020758340013959635:
8202306020758370009246202:
8202306020758390004164864:
8202306020758420009253842:
8202306020758440013886441:
8202306020758500013936777:
8202306020758530008933930:
8202306020758550013866549:
8202306020758570004990107:
8202306020758580013866845:
8202306020758590004972482:
8202306020759010000424146:
8202306020759030008998203:
8202306020759050008960412:
8202306020759080005266871:
8202306020759100004996470:
8202306020759150000431385:
8202306020759180013861669:
8202306020759190008997444:
8202306020759480013860912:
8202306020802240013847070:
8202306020802260013868727: