1202306160001230009339219:
1202306160001260013963554:
1202306160001280013855938:
1202306160001310013956143:
1202306160001330004167848:
1202306160001340013955737:
1202306160001360013916082:
1202306160001380008956976:
1202306160001400009000408:
1202306160001420008503915:
1202306160001440013834284:
1202306160001460008503915:
1202306160001470013890838:
1202306160001500004992723:
1202306160001520009230781:
1202306160001550000442293:
1202306160001560008967352:
1202306160001580005270178:
1202306160002000013860850:
1202306160002020013822444:
1202306160002040013860850:
1202306160002060008986229:
1202306160002070001108277:
1202306160002090008986229:
1202306160002100013832610:
1202306160002120007402500:
1202306160002140008921475:
1202306160002150007402500:
1202306160002170008921475:
1202306160002200008495616:
1202306160002230004975875:
1202306160002240005258489:
1202306160002260008495616:
1202306160002280013849986:
1202306160002290013930439:
1202306160002310013957674:
1202306160002320005258489:
1202306160002340008495616:
1202306160002360008694659:
1202306160002370013904560:
1202306160002390008960361:
1202306160002410008510090:
1202306160002420008699606:
1202306160002440013822444:
1202306160002450008699606:
1202306160002470003920040:
1202306160002480013915314:
1202306160002500004924182:
1202306160002510004951445:
1202306160002530013830323:
1202306160002540013822444:
1202306160002550013860249:
1202306160002570008917703:
1202306160002580008959815:
1202306160003000008934512:
1202306160003020009295615:
1202306160003030013863115:
1202306160003050009236809:
1202306160003070013915046:
1202306160003090013929280:
1202306160003100008702320:
1202306160003130009296798:
1202306160003140013863828:
1202306160003160013855183:
1202306160003170013955708:
1202306160003190008702320:
1202306160003200008977550:
1202306160003220004963035:
1202306160003230013964166:
1202306160003250004605842:
1202306160003270004967416:
1202306160003280004959001:
1202306160003300013823657:
1202306160003310009226412:
1202306160003330004967416:
1202306160003340008697836:
1202306160003360008517932:
1202306160003370009226412:
1202306160003400008517932:
1202306160003410013857328:
1202306160003430004934727:
1202306160003451513643510:
1202306160003470008917776:
1202306160003480013834104:
1202306160003530004934727:
1202306160003540013834104:
1202306160003560004980727:
1202306160003570013832044:
1202306160003590013923875:
1202306160004000008937014:
1202306160004020005256125:
1202306160004040008503171:
1202306160004050008698279:
1202306160004070001083110:
1202306160004090013856328:
1202306160004110013825414:
1202306160004120001083110:
1202306160004140008951863:
1202306160004160013825414:
1202306160004170008998167:
1202306160004180013823161:
1202306160004210013910321:
1202306160004230004989551:
1202306160004240013929804:
1202306160004260013839004:
1202306160004280013919218:
1202306160004310005250927:
1202306160004320009001249:
1202306160004350006039972:
1202306160004370009234480:
1202306160004390013839735:
1202306160004410004934927:
1202306160004430008985017:
1202306160004440013840439:
1202306160004450013846774:
1202306160004470005272110:
1202306160004490013959525:
1202306160004500013821954:
1202306160004520013910321:
1202306160004540009354401:
1202306160004560004989528:
1202306160004580009346362:
1202306160004580013910811:
1202306160005010013853246:
1202306160005030013858636:
1202306160005050009326612:
1202306160005080013940637:
1202306160005100013842761:
1202306160005120013926955:
1202306160005140013842991:
1202306160005160004982239:
1202306160005180005270003:
1202306160005200013858711:
1202306160005220005268448:
1202306160005240013970135:
1202306160005250009279709:
1202306160005280009341030:
1202306160005300008986717:
1202306160005330013863486:
1202306160005340009254170:
1202306160005370013822493:
1202306160005400008496310:
1202306160005420013835098:
1202306160005440008958218:
1202306160005470009252984:
1202306160005490008709011:
1202306160005520008962128:
1202306160005540013870564:
1202306160005570008496310:
1202306160005590009280491:
1202306160006030004933649:
1202306160006080009280491:
1202306160006130013902395:
1202306160006150004989524:
1202306160006160009341030:
1202306160006260004975531:
1202306160006320008986717:
1202306160006390004975531:
1202306160006410009341030:
1202306160006510004975531:
1202306160007070008986717:
1202306160722000013960139:
1202306160727270013870275:
1202306160729010004969384:
1202306160731050013830084:
1202306160731460008917703:
1202306160733330007402194:
1202306160733440006039969:
1202306160734260008512216:
1202306160734280013915676:
1202306160736340008517932:
1202306160736460013954745:
1202306160736570008984987:
1202306160737040013918477:
1202306160737320013824873:
1202306160738190009352009:
1202306160738230009295615:
1202306160738260004951327:
1202306160738270009339211:
1202306160738290013842761:
1202306160738310009226429:
1202306160738330004968173:
1202306160739140013923875:
1202306160739340009305197:
1202306160739370013919742:
1202306160739480013899696:
1202306160741520008939109:
1202306160742410008978157:
1202306160742430004966050:
1202306160742530003137964:
1202306160743180013840439:
1202306160743310005251015:
1202306160743350013860850:
1202306160743550009230781:
1202306160744060013825129:
1202306160744090004963035:
1202306160744310013832764:
1202306160744340013839729:
1202306160744360008959815:
1202306160744380013822803:
1202306160744410008698279:
1202306160744430005255627:
1202306160744440013915046:
1202306160745310013930439:
1202306160745320009236809:
1202306160745350013875018:
1202306160745380013921034:
1202306160745410013835810:
1202306160745460008967375:
1202306160745470008927874:
1202306160745490008939115:
1202306160746140013872996:
1202306160746170009000408:
1202306160746190005272110:
1202306160746210013955737:
1202306160746240009351308:
1202306160746480008932260:
1202306160746530013853246:
1202306160746550013839996:
1202306160747140013841092:
1202306160747180009000048:
1202306160747210013858711:
1202306160747230005268448:
1202306160747240013916082:
1202306160747270013843530:
1202306160747290008966787:
1202306160747310009002699:
1202306160747330006751664:
1202306160747360013828738:
1202306160747410013957674:
1202306160747480008998167:
1202306160747530009305457:
1202306160747560004989528:
1202306160748040008513950:
1202306160748150013965843:
1202306160748180009341030:
1202306160748210005267345:
1202306160748230005251014:
1202306160748270013844799:
1202306160748380013863828:
1202306160748480009003852:
1202306160749040008997241:
1202306160749080013834284:
1202306160749130013899137:
1202306160749150009341030:
1202306160749350001108277:
1202306160749370009346707:
1202306160749390004950845:
1202306160749410013853542:
1202306160749470013950663:
1202306160749520004934927:
1202306160749540013940637:
1202306160749580013835732:
1202306160750000013907138:
1202306160750010013866057:
1202306160750110005256125:
1202306160750210005270178:
1202306160750240013970135:
1202306160750260003137990:
1202306160750280013923968:
1202306160750440013880568:
1202306160750460008964432:
1202306160750490008940154:
1202306160750530004989073:
1202306160751000013856718:
1202306160751030013851467:
1202306160751040004986846:
1202306160751090004966802:
1202306160751140013831155:
1202306160751160008694659:
1202306160751170005270003:
1202306160751190013918530:
1202306160751210008676811:
1202306160751220008702320:
1202306160751240009234480:
1202306160751260004959001:
1202306160751280013830323:
1202306160751300008917809:
1202306160751320009234480:
1202306160751340005248394:
1202306160751360009282809:
1202306160751380013901523:
1202306160751400013823106:
1202306160751420004980727:
1202306160751440009296798:
1202306160751460004967416:
1202306160751470013916308:
1202306160751490004951445:
1202306160751510008921475:
1202306160751530013899897:
1202306160751550013899493:
1202306160752060008977159:
1202306160752110004158137:
1202306160752140009339219:
1202306160752170004975531:
1202306160752200007402500:
1202306160752220013823657:
1202306160752230013863486:
1202306160752250004162433:
1202306160752290009339824:
1202306160752320004968004:
1202306160752330013831353:
1202306160752360008966876:
1202306160752370013826705:
1202306160752390009240533:
1202306160752400008984882:
1202306160752430008496310:
1202306160752440013842874:
1202306160752470008503171:
1202306160752480004163901:
1202306160752510013823161:
1202306160752540005270417:
1202306160752560008492636:
1202306160752570008677259:
1202306160752590009233710:
1202306160753070008917364:
1202306160753090008988469:
1202306160753100008994824:
1202306160753130005249645:
1202306160753160013834104:
1202306160753190008496310:
1202306160753210004964878:
1202306160753250008503915:
1202306160753260013855938:
1202306160753290008978946:
1202306160753310005253569:
1202306160753330006018006:
1202306160753350007398914:
1202306160753360013854987:
1202306160753430005258489:
1202306160753450008921990:
1202306160753480005267480:
1202306160753490013880961:
1202306160753510013922340:
1202306160753530013862835:
1202306160753550008949625:
1202306160753570013860063:
1202306160753590013835098:
1202306160754020007412611:
1202306160754040004963630:
1202306160754070013929804:
1202306160754080007402523:
1202306160754100013822493:
1202306160754130013850962:
1202306160754150009346170:
1202306160754170008937014:
1202306160754180013903152:
1202306160754200013890838:
1202306160754220008934651:
1202306160754250008954144:
1202306160754260008697836:
1202306160754280008934512:
1202306160754300013925508:
1202306160754320008962128:
1202306160754370008986717:
1202306160754390004599832:
1202306160754410008987527:
1202306160754420013822444:
1202306160754460008986717:
1202306160754520008986229:
1202306160754550004975875:
1202306160754570003920040:
1202306160754590013839004:
1202306160755010013825089:
1202306160755030008966780:
1202306160755050013862063:
1202306160755070013861857:
1202306160755090013919218:
1202306160755110008934556:
1202306160755130013910321:
1202306160755160008991003:
1202306160755180006032903:
1202306160755190013976034:
1202306160755210008977550:
1202306160755220009346362:
1202306160755240013830859:
1202306160755260006036993:
1202306160755270004605842:
1202306160755290008960798:
1202306160755320008709011:
1202306160755340013926955:
1202306160755360013861874:
1202306160755380008988449:
1202306160755391513645885:
1202306160755410013968600:
1202306160755420013910435:
1202306160755440013955708:
1202306160755460013910435:
1202306160755480008913993:
1202306160755490008706494:
1202306160755510009326612:
1202306160755520013841832:
1202306160755540008495616:
1202306160755560013849986:
1202306160755580013953161:
1202306160755590013844395:
1202306160756010008985249:
1202306160756020008915275:
1202306160756030013844395:
1202306160756050006033090:
1202306160756070013953074:
1202306160756090005250927:
1202306160756110013927675:
1202306160756130005272229:
1202306160756140013956143:
1202306160756160008949614:
1202306160756170008925084:
1202306160756190001114611:
1202306160756200008960361:
1202306160756220004602277:
1202306160756240008699606:
1202306160756260005008865:
1202306160756280013830514:
1202306160756290013890609:
1202306160756310013967487:
1202306160756360004968298:
1202306160756370004992723:
1202306160756390008967352:
1202306160756410008953371:
1202306160756420008986773:
1202306160756440008916642:
1202306160756470004957738:
1202306160756500008977647:
1202306160756540013910811:
1202306160756560013839735:
1202306160756570008917776:
1202306160757000013827147:
1202306160757020004167848:
1202306160757030013929280:
1202306160757040009254170:
1202306160757060013856328:
1202306160757080013821709:
1202306160757100004162747:
1202306160757120004155440:
1202306160757140013860249:
1202306160757150004924182:
1202306160757170008935006:
1202306160757180009309829:
1202306160757200004164864:
1202306160757220008966902:
1202306160757230008992120:
1202306160757280013904560:
1202306160757290009225481:
1202306160757310013904560:
1202306160757330004164227:
1202306160757340008976575:
1202306160757360005265555:
1202306160757370013915314:
1202306160757390008492480:
1202306160757400013855137:
1202306160757420013821954:
1202306160757430008958163:
1202306160757450001083110:
1202306160757470004967900:
1202306160757490009002415:
1202306160757500013942492:
1202306160757520008997404:
1202306160757540008500184:
1202306160757550013832044:
1202306160757570006039972:
1202306160757580013824399:
1202306160758000013902395:
1202306160758010004599825:
1202306160758030004934727:
1202306160758050004944745:
1202306160758080008915538:
1202306160758120013867842:
1202306160758130013943323:
1202306160758150008915538:
1202306160758160000442293:
1202306160758180013855183:
1202306160758210009280491:
1202306160758230008510090:
1202306160758250004949734:
1202306160758270013978187:
1202306160758290009354401:
1202306160758300013953601:
1202306160758320005270001:
1202306160758330009232651:
1202306160758350013866549:
1202306160758370009281928:
1202306160758400013914187:
1202306160758420004958690:
1202306160758440009279709:
1202306160758470005266099:
1202306160758490008959816:
1202306160758500008508219:
1202306160758520013910635:
1202306160758540013957305:
1202306160758560013825414:
1202306160758580013822202:
1202306160759000008965027:
1202306160759010013825414:
1202306160759030004155886:
1202306160759040013922633:
1202306160759060013870912:
1202306160759070008958218:
1202306160759090009252984:
1202306160759110013823792:
1202306160759130008708992:
1202306160759200013858636:
1202306160759240013868727:
1202306160759260013847070:
1202306160759280013964166:
1202306160759300009226412:
1202306160759470013842991:
1202306160759550013838853:
1202306160800100005005063:
1202306160800201513643510:
1202306160800330008975428:
1202306160800420013928185:
1202306160800540009348543:
1202306160800570013828825:
1202306160801010008915574:
1202306160801060004989551:
1202306160801280013889546:
1202306160801320013840285:
1202306160801350008958696:
1202306160801370013857328:
1202306160802020013870564:
1202306160802100013854084:
1202306160802130004964407:
1202306160802230009001249:
1202306160802360009324604:
1202306160802410008997536:
1202306160803010009066621:
1202306160803150013858196:
1202306160803300009290264:
1202306160804010009339803:
1202306160806190008985017:
1202306160836280013944983:
2202306160001150009002699:
2202306160001180004966050:
2202306160001520008966780:
2202306160002020013957305:
2202306160002410008984987:
2202306160002430008921475:
2202306160002500009324604:
2202306160002520007402500:
2202306160002550008676811:
2202306160002590013918530:
2202306160003010013943323:
2202306160003040008977159:
2202306160003100004162433:
2202306160003110008958163:
2202306160003140004975875:
2202306160003150008960361:
2202306160003170004968004:
2202306160003190013957674:
2202306160003200013956143:
2202306160003260008495616:
2202306160003280013915314:
2202306160003310004975875:
2202306160003410009295615:
2202306160003440008508219:
2202306160003460008978157:
2202306160003480008966186:
2202306160003500007398914:
2202306160003510013830859:
2202306160003530004155439:
2202306160003550006036993:
2202306160003570009003852:
2202306160003590013927675:
2202306160004000013824399:
2202306160004040013831353:
2202306160004070006751664:
2202306160004080007402523:
2202306160004100008517932:
2202306160004250013857328:
2202306160004410008698279:
2202306160004460009001227:
2202306160004500013898062:
2202306160005090013840285:
2202306160005110013956949:
2202306160005130009001249:
2202306160005210013821954:
2202306160301190004948851:
2202306160712510008497657:
2202306160722050009291663:
2202306160722330006036505:
2202306160726130008932952:
2202306160731390013819184:
2202306160735550009307295:
2202306160736480008508441:
2202306160737090009293895:
2202306160738040008504041:
2202306160739400013819184:
2202306160741260013941962:
2202306160741360013921034:
2202306160742120005264545:
2202306160742180013850718:
2202306160742340008936997:
2202306160744100013836608:
2202306160744250008914088:
2202306160744360004972793:
2202306160744400008500142:
2202306160744450013875018:
2202306160744580009246193:
2202306160745020005272914:
2202306160745240005249648:
2202306160745590008497463:
2202306160746010013864093:
2202306160746430013862064:
2202306160746460008681883:
2202306160746490004967967:
2202306160747170004965482:
2202306160747200004933649:
2202306160747340013824162:
2202306160747370009322682:
2202306160748050004967002:
2202306160748180004930576:
2202306160748230013923897:
2202306160748250004163902:
2202306160748380005267343:
2202306160748410004162135:
2202306160748440008685403:
2202306160749030004997665:
2202306160749050013856961:
2202306160749090009002701:
2202306160749110005009382:
2202306160749130000431412:
2202306160749440013833552:
2202306160749500004604850:
2202306160749520013821116:
2202306160749570004605848:
2202306160750000004947963:
2202306160750130013929157:
2202306160750210008950354:
2202306160750230013977953:
2202306160750280008429638:
2202306160750310004966802:
2202306160750390013974176:
2202306160750410008996273:
2202306160750440004991241:
2202306160750460009346290:
2202306160750480008424093:
2202306160750530009001227:
2202306160750560008516420:
2202306160751010013913444:
2202306160751040013943339:
2202306160751060013830662:
2202306160751270008976441:
2202306160751290008500401:
2202306160751420013942907:
2202306160751450013843087:
2202306160751580013821815:
2202306160752010005248988:
2202306160752040013933874:
2202306160752060004155439:
2202306160752090004949598:
2202306160752110008709369:
2202306160752130006014941:
2202306160752160006028953:
2202306160752170008496367:
2202306160752380005007161:
2202306160752400013926352:
2202306160752430009226433:
2202306160752470013828076:
2202306160752500013864443:
2202306160752530005254711:
2202306160752550005257310:
2202306160752580008974978:
2202306160753010009297569:
2202306160753030004968555:
2202306160753040008974978:
2202306160753090004155438:
2202306160753100004929491:
2202306160753130008932999:
2202306160753150013902836:
2202306160753170008932999:
2202306160753180013902836:
2202306160753200013917278:
2202306160753240008935038:
2202306160753340013823922:
2202306160753350005252030:
2202306160753370005270175:
2202306160753400009345998:
2202306160753510009276908:
2202306160754040013862513:
2202306160754060008985026:
2202306160754080006039493:
2202306160754100013912966:
2202306160754120013953788:
2202306160754130009234467:
2202306160754150002851478:
2202306160754180008954444:
2202306160754220008426248:
2202306160754250005272317:
2202306160754270004921669:
2202306160754290009326618:
2202306160754450004968178:
2202306160754500009002685:
2202306160754530004996470:
2202306160754560008698044:
2202306160754590001079879:
2202306160755010005273382:
2202306160755060013866167:
2202306160755080008979599:
2202306160755120013846376:
2202306160755170004602276:
2202306160755190008429633:
2202306160755210013826918:
2202306160755280004954665:
2202306160755290009335539:
2202306160755360008949246:
2202306160755390009236810:
2202306160755400008968526:
2202306160755420008937083:
2202306160755440006014349:
2202306160755460008708048:
2202306160755480013872097:
2202306160755500008932958:
2202306160755520013923674:
2202306160755550004968761:
2202306160755560013825174:
2202306160755580013832980:
2202306160756000013925407:
2202306160756020005248387:
2202306160756040013863862:
2202306160756060005251361:
2202306160756080013823311:
2202306160756090013839515:
2202306160756110005267476:
2202306160756120013927265:
2202306160756140009283323:
2202306160756150008701527:
2202306160756170004926757:
2202306160756190004936413:
2202306160756200009289101:
2202306160756230004941773:
2202306160756260013821015:
2202306160756280005272291:
2202306160756290013821709:
2202306160756310005262050:
2202306160756320013832502:
2202306160756350013942203:
2202306160756380008935006:
2202306160756390004160641:
2202306160756410013861582:
2202306160756420013921926:
2202306160756440008992120:
2202306160756460005267479:
2202306160756470008492480:
2202306160756490005265555:
2202306160756500013875429:
2202306160756520008978529:
2202306160756530013863115:
2202306160756550004993146:
2202306160756570013974144:
2202306160756590008975427:
2202306160757010008709061:
2202306160757020013829925:
2202306160757040013859510:
2202306160757050004599831:
2202306160757070008500184:
2202306160757080008930815:
2202306160757100013841528:
2202306160757110008997404:
2202306160757130005252016:
2202306160757140013976027:
2202306160757160008916700:
2202306160757170008491998:
2202306160757190008942604:
2202306160757200009339828:
2202306160757220004967379:
2202306160757240004599825:
2202306160757260008952632:
2202306160757280008510378:
2202306160757290008942210:
2202306160757310008704021:
2202306160757320004968886:
2202306160757340005272191:
2202306160757360004996445:
2202306160757370006039974:
2202306160757390008921067:
2202306160757420013828263:
2202306160757430005268310:
2202306160757450008966840:
2202306160757470013926579:
2202306160757490013821279:
2202306160757500008978529:
2202306160757520005254932:
2202306160757540005252997:
2202306160757550013945128:
2202306160757570004930389:
2202306160757580008923688:
2202306160758010013850493:
2202306160758030004946517:
2202306160758090013955115:
2202306160758140008510316:
2202306160758160004155886:
2202306160758180013916087:
2202306160758200013870974:
2202306160758240009300590:
2202306160758260013863195:
2202306160758290013913226:
2202306160758300005273785:
2202306160758320008990956:
2202306160758340008703345:
2202306160758380004982239:
2202306160758390013846774:
2202306160758420007407502:
2202306160758490004972420:
2202306160758570004967216:
2202306160759060008914086:
2202306160759080013936777:
2202306160759100008921814:
2202306160759200009313676:
2202306160759230005255712:
2202306160759260006024859:
2202306160759270013825380:
2202306160759290008713215:
2202306160759320004960160:
2202306160759350008976540:
2202306160759360008921868:
2202306160759380005250644:
2202306160759390013832610:
2202306160759410005005063:
2202306160759430005262049:
2202306160759470013824255:
2202306160759530006036876:
2202306160759560008956976:
2202306160800010009274874:
2202306160800040008923926:
2202306160800170005006768:
2202306160800250009348543:
2202306160800440008931954:
2202306160800510004162742:
2202306160801060004953953:
2202306160801080008917701:
2202306160801140006019315:
2202306160801180008969268:
2202306160801240008960187:
2202306160801250008966783:
2202306160801270008959312:
2202306160801330006042873:
2202306160801350013898062:
2202306160801370005265078:
2202306160801470008950839:
2202306160802050008502364:
2202306160802120004963659:
2202306160802430004966449:
2202306160803330013959525:
2202306160804060004989524:
2202306160804260008493028:
2202306160805230008519041:
2202306160805270009298223:
2202306160805290013963554:
2202306160805510009290471:
2202306160806580009309504:
2202306160807210005252017:
2202306160807350006027540:
2202306160807440013834408:
2202306160808290008970531:
2202306160808370005248393:
2202306160808460008951525:
2202306160809020009342984:
2202306160809070005258557:
2202306160809530008970486:
2202306160811150013956949:
2202306160811550009339834:
2202306160820540009298073:
2202306160821550005252028:
2202306160821570008966186:
2202306160831060006014944:
2202306160914340004948851:
2202306160934210009310727:
2202306161007501513646659:
3202306160728010013915813:
3202306160728500009351758:
3202306160732040013912878:
3202306160734410013823710:
3202306160734500008943753:
3202306160738020013901173:
3202306160738330013851480:
3202306160738420013908669:
3202306160739220008916495:
3202306160740160004974136:
3202306160740210013872691:
3202306160742340009234458:
3202306160743240013925636:
3202306160743280006028957:
3202306160743310006039016:
3202306160743390005258213:
3202306160743450013892637:
3202306160743480013943789:
3202306160743510009335560:
3202306160743590009001082:
3202306160744010004165753:
3202306160744050004995665:
3202306160744110013928774:
3202306160744160003137991:
3202306160744200008952977:
3202306160744290008494246:
3202306160744360008922237:
3202306160744420008978861:
3202306160744460008958210:
3202306160744540013919267:
3202306160745530008920018:
3202306160745590008503303:
3202306160746040013921294:
3202306160746260005266674:
3202306160746500013931347:
3202306160746530004972171:
3202306160747000008949593:
3202306160747060013832526:
3202306160747110008943401:
3202306160747170009226391:
3202306160747230013845110:
3202306160747270008954083:
3202306160747300013901905:
3202306160747330008954132:
3202306160748080008692290:
3202306160748130013953630:
3202306160748160013934685:
3202306160748180009354581:
3202306160748220009323446:
3202306160748240013864155:
3202306160748260008997568:
3202306160748320008951280:
3202306160748370013857599:
3202306160748430013908932:
3202306160748470004998074:
3202306160748520013948119:
3202306160748560009000033:
3202306160749000013838103:
3202306160749030008961541:
3202306160749050005271893:
3202306160749080013826336:
3202306160749100005250572:
3202306160749120013970407:
3202306160749260004921352:
3202306160749280008698315:
3202306160749330004164224:
3202306160749430008692117:
3202306160749460009289189:
3202306160749490013919244:
3202306160749510013836140:
3202306160749530008518736:
3202306160749560005249713:
3202306160749580013849210:
3202306160750010004995927:
3202306160750040005268686:
3202306160750060009300618:
3202306160750090008943425:
3202306160750110009000878:
3202306160750130013847399:
3202306160750150008692117:
3202306160750170013835023:
3202306160750200008965283:
3202306160750220009321481:
3202306160750250013834875:
3202306160750270004969304:
3202306160750300008679943:
3202306160750350004163935:
3202306160750460013830982:
3202306160750480004933136:
3202306160750520013833098:
3202306160751130008951287:
3202306160751210006030145:
3202306160751260013825370:
3202306160751280009234457:
3202306160751320013833768:
3202306160751360013929895:
3202306160751380013832058:
3202306160751390008914088:
3202306160751420013832571:
3202306160751450008717044:
3202306160751470009343384:
3202306160751490008511694:
3202306160751510013888320:
3202306160751540013829957:
3202306160751580009346367:
3202306160752030007418333:
3202306160752050008707911:
3202306160752090013902753:
3202306160752110013833603:
3202306160752130009000866:
3202306160752180008958211:
3202306160752210003132773:
3202306160752230009348776:
3202306160752250013864151:
3202306160752280009342959:
3202306160752300008687514:
3202306160752330004164228:
3202306160752390009342959:
3202306160752410004154154:
3202306160752500004993934:
3202306160752530009002736:
3202306160752550005248502:
3202306160752580013839612:
3202306160753000013865818:
3202306160753030003126145:
3202306160753070013926050:
3202306160753100004921536:
3202306160753120004966178:
3202306160753140006029910:
3202306160753160009325535:
3202306160753180013835986:
3202306160753200009343151:
3202306160753220009339930:
3202306160753240013821617:
3202306160753270013933942:
3202306160753300013944088:
3202306160753320013833235:
3202306160753340009001182:
3202306160753360008984988:
3202306160753400013855608:
3202306160753430008967355:
3202306160753470013821703:
3202306160753530005251564:
3202306160753570008711197:
3202306160753590008691341:
3202306160754010004935446:
3202306160754050013913768:
3202306160754070008951535:
3202306160754090005011155:
3202306160754110013926662:
3202306160754140008499165:
3202306160754160009346364:
3202306160754180009339802:
3202306160754200004162749:
3202306160754230008713928:
3202306160754250009354576:
3202306160754280013897557:
3202306160754300008714113:
3202306160754310004973922:
3202306160754340009324629:
3202306160754360008923971:
3202306160754380008979659:
3202306160754410008931959:
3202306160754440013931152:
3202306160754460013821566:
3202306160754500008969395:
3202306160754520004164230:
3202306160754560006018008:
3202306160755000005254707:
3202306160755020005252996:
3202306160755040004965814:
3202306160755060000424165:
3202306160755090008974024:
3202306160755110005261504:
3202306160755130009324879:
3202306160755150008976963:
3202306160755200008918564:
3202306160755220013868075:
3202306160755250009278862:
3202306160755270008921437:
3202306160755290006039493:
3202306160755300008932994:
3202306160755320004930608:
3202306160755340009254212:
3202306160755370013870411:
3202306160755390009254212:
3202306160755410005254706:
3202306160755420008498021:
3202306160755450009000019:
3202306160755470013884709:
3202306160755490005254716:
3202306160755520013828504:
3202306160755540004999443:
3202306160755560013952334:
3202306160755580013875080:
3202306160756000013904815:
3202306160756020000424146:
3202306160756040005257314:
3202306160756060005254537:
3202306160756090013836318:
3202306160756120013944317:
3202306160756140006036875:
3202306160756150009079143:
3202306160756180008942559:
3202306160756200008916457:
3202306160756210008992139:
3202306160756230005248597:
3202306160756250013923143:
3202306160756270008937801:
3202306160756280013961747:
3202306160756310006015460:
3202306160756330009342962:
3202306160756340006028799:
3202306160756360013840014:
3202306160756380008918021:
3202306160756400013837570:
3202306160756420013823170:
3202306160756440004962972:
3202306160756460009327615:
3202306160756480009326626:
3202306160756500009346035:
3202306160756510013964382:
3202306160756530008492410:
3202306160756560005268314:
3202306160756580005271886:
3202306160757010008693892:
3202306160757030013831900:
3202306160757050008953925:
3202306160757070013852427:
3202306160757100013820214:
3202306160757130008507829:
3202306160757160013865143:
3202306160757190013824637:
3202306160757220008677829:
3202306160757230013862148:
3202306160757260008951044:
3202306160757270013832503:
3202306160757290013952872:
3202306160757310009339821:
3202306160757330013830972:
3202306160757350009331842:
3202306160757370013877341:
3202306160757390008693920:
3202306160757410013947197:
3202306160757430004929645:
3202306160757450008949220:
3202306160757470005263920:
3202306160757480013827509:
3202306160757510013951006:
3202306160757530004165525:
3202306160757550004941508:
3202306160757560006033000:
3202306160757580013931779:
3202306160758010005268449:
3202306160758050013827723:
3202306160758070008916502:
3202306160758090009088583:
3202306160758120013825330:
3202306160758140009348748:
3202306160758160009342981:
3202306160758180005267476:
3202306160758200004953788:
3202306160758230009324637:
3202306160758250013879538:
3202306160758280009339273:
3202306160758300013859285:
3202306160758330013833779:
3202306160758340013930048:
3202306160758360013978939:
3202306160758390004937930:
3202306160758410009308083:
3202306160758430013943613:
3202306160758450013829492:
3202306160758460005254715:
3202306160758480008942210:
3202306160758490008511515:
3202306160758520013826471:
3202306160758530009354391:
3202306160758550004977423:
3202306160758570004969598:
3202306160758580008991601:
3202306160759000004980976:
3202306160759020008973876:
3202306160759040013899439:
3202306160759050008967713:
3202306160759080013933502:
3202306160759090009322590:
3202306160759110008952632:
3202306160759130008967713:
3202306160759150013932875:
3202306160759170004162432:
3202306160759180008952632:
3202306160759210005254932:
3202306160759230005251559:
3202306160759250004162432:
3202306160759260009281928:
3202306160759280004167849:
3202306160759310013834318:
3202306160759340004946517:
3202306160759460006041721:
3202306160759510008995263:
3202306160759550008708992:
3202306160800080008500889:
3202306160800130008976838:
3202306160800410008936199:
3202306160800430004968472:
3202306160800450013936777:
3202306160801030013919614:
3202306160801130013836281:
3202306160802300005265078:
3202306160803110003126147:
3202306160803230008698795:
3202306160810190013909173:
4202306160731070005272226:
4202306160733380013845258:
4202306160734480013967098:
4202306160737570004963091:
4202306160737590013954745:
4202306160738020013834385:
4202306160738080007398203:
4202306160738390008934530:
4202306160739260005270169:
4202306160739320008934530:
4202306160740030013906505:
4202306160740420008988241:
4202306160741450005270169:
4202306160742470004973514:
4202306160742520007396382:
4202306160742550004154147:
4202306160742570013845360:
4202306160744070003137964:
4202306160744330013926226:
4202306160744340013920009:
4202306160744360008988448:
4202306160744380005251015:
4202306160744390008984842:
4202306160744420008916501:
4202306160744500013920009:
4202306160745250005270419:
4202306160745440008949319:
4202306160745460005255627:
4202306160746160005254539:
4202306160746510013830139:
4202306160747310005271892:
4202306160747340013864178:
4202306160747510004929419:
4202306160748050004990686:
4202306160748140006028298:
4202306160748170004965170:
4202306160748320008494267:
4202306160748380005272371:
4202306160748540008917728:
4202306160749060013964821:
4202306160749110008960168:
4202306160749120005270720:
4202306160749160013962667:
4202306160749210008916557:
4202306160749250004991542:
4202306160749300013844799:
4202306160749320005251014:
4202306160749350013822592:
4202306160749390009292038:
4202306160749490008960159:
4202306160749580009346020:
4202306160750080013848963:
4202306160750110009346020:
4202306160750240008973963:
4202306160750290004162160:
4202306160750310008917723:
4202306160750330005264374:
4202306160750420013843067:
4202306160750550013954299:
4202306160750570008506766:
4202306160750590013835732:
4202306160751010013866057:
4202306160751030005250568:
4202306160751050013865205:
4202306160751060013866057:
4202306160751090005009382:
4202306160751130004967002:
4202306160751160013864832:
4202306160751220013824833:
4202306160751240008989437:
4202306160751270005257309:
4202306160751300013827980:
4202306160751310009296645:
4202306160751330013821018:
4202306160751360004605843:
4202306160751380013827980:
4202306160751400013880568:
4202306160751430004974233:
4202306160751440008949237:
4202306160751470009226817:
4202306160751520006039129:
4202306160751590009234484:
4202306160752020008951935:
4202306160752050009324118:
4202306160752120008917514:
4202306160752170008965377:
4202306160752200005261506:
4202306160752220013904112:
4202306160752240013833941:
4202306160752260005261506:
4202306160752280008953473:
4202306160752290006022439:
4202306160752320008953473:
4202306160752330004936854:
4202306160752350013880034:
4202306160752370008932258:
4202306160752390006022439:
4202306160752410006039973:
4202306160752500008954637:
4202306160752520008951250:
4202306160752540013953581:
4202306160752570004953437:
4202306160752580013953581:
4202306160753000004963073:
4202306160753010004927575:
4202306160753050013861669:
4202306160753060008975399:
4202306160753090008511222:
4202306160753110008932027:
4202306160753130009351823:
4202306160753140006032924:
4202306160753160005006315:
4202306160753180004957428:
4202306160753190005264548:
4202306160753210013924880:
4202306160753230013859747:
4202306160753250008991964:
4202306160753270013969550:
4202306160753280008966876:
4202306160753300008942542:
4202306160753330008964432:
4202306160753370006014941:
4202306160753400013954643:
4202306160753410008967379:
4202306160753450009004051:
4202306160753470006028953:
4202306160753500013977930:
4202306160753530004967606:
4202306160754000004163900:
4202306160754020008677259:
4202306160754040013923083:
4202306160754060013822551:
4202306160754070013933524:
4202306160754100008923933:
4202306160754130009288870:
4202306160754170013823002:
4202306160754180005248988:
4202306160754210013878225:
4202306160754230009252994:
4202306160754250008981281:
4202306160754270005261578:
4202306160754280005012521:
4202306160754300013933225:
4202306160754310004966362:
4202306160754330004987744:
4202306160754350005254711:
4202306160754360013864443:
4202306160754380009250787:
4202306160754390013864443:
4202306160754410006018006:
4202306160754420008921772:
4202306160754440008958106:
4202306160754450004165522:
4202306160754490013951727:
4202306160754530013914711:
4202306160754550008951706:
4202306160754560013917052:
4202306160754590008517783:
4202306160755010013881172:
4202306160755030013922340:
4202306160755040013862641:
4202306160755060008944551:
4202306160755080013915633:
4202306160755100013837437:
4202306160755120006036994:
4202306160755140005252030:
4202306160755150013835665:
4202306160755170007401131:
4202306160755190004936688:
4202306160755200004169060:
4202306160755220008998170:
4202306160755240008992127:
4202306160755250007407459:
4202306160755270013826883:
4202306160755280005254931:
4202306160755300008932537:
4202306160755310013960836:
4202306160755330004981013:
4202306160755340008964309:
4202306160755360013906192:
4202306160755370009352010:
4202306160755390013906192:
4202306160755400005273381:
4202306160755420013873081:
4202306160755430008932048:
4202306160755450009002572:
4202306160755460002851478:
4202306160755480004961532:
4202306160755500005264170:
4202306160755510004968502:
4202306160755530009295454:
4202306160755550013864767:
4202306160755560009324605:
4202306160755580004965031:
4202306160756000004968502:
4202306160756010008954444:
4202306160756030009234467:
4202306160756040008954444:
4202306160756070008962112:
4202306160756090009226821:
4202306160756100008954444:
4202306160756120008959774:
4202306160756140004965343:
4202306160756160013919056:
4202306160756170013848859:
4202306160756190008997444:
4202306160756200004965968:
4202306160756220009226821:
4202306160756230013860248:
4202306160756250013845825:
4202306160756260005249559:
4202306160756280013960076:
4202306160756290013824359:
4202306160756310013921225:
4202306160756320009003670:
4202306160756340008932264:
4202306160756350008499149:
4202306160756360008979599:
4202306160756380009030883:
4202306160756390005272907:
4202306160756410009030883:
4202306160756420005248391:
4202306160756450013925945:
4202306160756460013857957:
4202306160756480005258230:
4202306160756500005259965:
4202306160756510013822898:
4202306160756530004972892:
4202306160756540013870459:
4202306160756560000431385:
4202306160756570013881904:
4202306160756590013826918:
4202306160757000013860354:
4202306160757010013881904:
4202306160757030008949246:
4202306160757050013888903:
4202306160757070005268163:
4202306160757080013850889:
4202306160757100013897951:
4202306160757110008677569:
4202306160757130008499471:
4202306160757150008925084:
4202306160757160008708048:
4202306160757180013850889:
4202306160757190008710875:
4202306160757210013959635:
4202306160757220004602277:
4202306160757240008968526:
4202306160757250013825174:
4202306160757270013973627:
4202306160757280008937083:
4202306160757300013890609:
4202306160757310013868631:
4202306160757330004602277:
4202306160757340013839515:
4202306160757360005266871:
4202306160757370005251361:
4202306160757390004953650:
4202306160757400013846376:
4202306160757410004941773:
4202306160757430013846621:
4202306160757440008916642:
4202306160757460005262048:
4202306160757470009289101:
4202306160757490013832502:
4202306160757510005262050:
4202306160757530008942591:
4202306160757540008494427:
4202306160757560008499867:
4202306160757580004165756:
4202306160758000013859676:
4202306160758020013862551:
4202306160758040013900125:
4202306160758060004162747:
4202306160758070013852453:
4202306160758090005270416:
4202306160758110004164864:
4202306160758130005266872:
4202306160758150009309829:
4202306160758160008512783:
4202306160758210013859510:
4202306160758230006036336:
4202306160758250013835723:
4202306160758280004964545:
4202306160758300008986241:
4202306160758330005252016:
4202306160758360004936413:
4202306160758390013856725:
4202306160758400008942604:
4202306160758420013839779:
4202306160758450008921067:
4202306160758470008933930:
4202306160758480009246202:
4202306160758510008997404:
4202306160758530008494964:
4202306160758550008962143:
4202306160758580005253450:
4202306160758590006028797:
4202306160759010009253842:
4202306160759020005272191:
4202306160759040004944745:
4202306160759070004162744:
4202306160759090004972482:
4202306160759110008921819:
4202306160759250013861543:
4202306160759300013933235:
4202306160759330008959816:
4202306160759340013866549:
4202306160759360004952773:
4202306160800040013823792:
4202306160800100013922633:
4202306160800130008994926:
4202306160800210013868727:
4202306160800260005264375:
4202306160800280013855114:
4202306160800290013847070:
4202306160800310005004848:
4202306160800330013868373:
4202306160803290008997536:
4202306160804180013830546:
4202306160804230009290264:
6202306160002440013910635:
6202306160004110009285513:
6202306160005150009232376:
6202306160702570009285513:
6202306160714000009232376:
6202306160714060004992307:
6202306160714090013840834:
6202306160715350013911577:
6202306160727530013848978:
6202306160727560004946775:
6202306160731400013906505:
6202306160732210013920994:
6202306160733220008946732:
6202306160733350013967098:
6202306160733410008506912:
6202306160733570013865436:
6202306160734540013862488:
6202306160735350004965866:
6202306160736550008953960:
6202306160737120005257617:
6202306160737460005272916:
6202306160737550008494910:
6202306160738000008954096:
6202306160738350007398159:
6202306160738420013844382:
6202306160738460009226429:
6202306160738490013837594:
6202306160738520009273013:
6202306160738550004968173:
6202306160739020005248457:
6202306160739120013819282:
6202306160739160008958578:
6202306160739420005262500:
6202306160739460008962094:
6202306160739510013844806:
6202306160739540013920823:
6202306160739580004158136:
6202306160740020008510716:
6202306160740500008704914:
6202306160742060013861256:
6202306160742190005252149:
6202306160742290013843303:
6202306160742560013925636:
6202306160743020013914827:
6202306160743210004165753:
6202306160743400013820996:
6202306160743440013963053:
6202306160743460004928616:
6202306160743500013820670:
6202306160743520013843303:
6202306160743590008917446:
6202306160744030013838984:
6202306160744210013951624:
6202306160744250008931904:
6202306160744290008960178:
6202306160744300005270419:
6202306160744340013917420:
6202306160744380005252149:
6202306160744450013850302:
6202306160744520000431430:
6202306160744560013841754:
6202306160744590013933411:
6202306160745110005254539:
6202306160745150008954400:
6202306160745190013860674:
6202306160745310013863426:
6202306160745360008914089:
6202306160745410004926646:
6202306160745430005008853:
6202306160745470013962095:
6202306160745500005262554:
6202306160745530008959695:
6202306160745540013929285:
6202306160745560008917764:
6202306160745580013960205:
6202306160746000008986390:
6202306160746020013921034:
6202306160746040008967375:
6202306160746060008936935:
6202306160746080013881688:
6202306160746100013861924:
6202306160746140009002528:
6202306160746170009001274:
6202306160746210013833196:
6202306160746230004604852:
6202306160746270008936999:
6202306160746370005271892:
6202306160746390008958172:
6202306160746420013969817:
6202306160746480013968653:
6202306160746500013832836:
6202306160746540013867487:
6202306160746570013978209:
6202306160747000005270174:
6202306160747020005253081:
6202306160747050005248396:
6202306160747080008932260:
6202306160747130013899573:
6202306160747190013860947:
6202306160747260009001271:
6202306160747310009000149:
6202306160747360013905995:
6202306160747380009000149:
6202306160747420013828375:
6202306160747460013905995:
6202306160747470008916532:
6202306160747520006021994:
6202306160747550008949626:
6202306160747570008997568:
6202306160748000004994314:
6202306160748020005266100:
6202306160748040013854948:
6202306160748070008964730:
6202306160748080013839392:
6202306160748120006016252:
6202306160748150005273379:
6202306160748160001088074:
6202306160748200013963931:
6202306160748230008683421:
6202306160748250008499805:
6202306160748280009278808:
6202306160748300013833648:
6202306160748320013833628:
6202306160748350006018005:
6202306160748380013851304:
6202306160748410013835091:
6202306160748430004927029:
6202306160748460008960121:
6202306160748490004990979:
6202306160748510004162750:
6202306160748540013924611:
6202306160748560013820751:
6202306160748580013848246:
6202306160748590013884958:
6202306160749030013863794:
6202306160749050013899359:
6202306160749080005258469:
6202306160749110004179472:
6202306160749130013834239:
6202306160749150005258472:
6202306160749190013848231:
6202306160749230013930563:
6202306160749250013822005:
6202306160749280008921659:
6202306160749300013821463:
6202306160749330013820770:
6202306160749350013832308:
6202306160749370013843136:
6202306160749390004946192:
6202306160749410013895958:
6202306160749430008933271:
6202306160749450013885383:
6202306160749470013860042:
6202306160749500008923976:
6202306160749530006039510:
6202306160749550008932440:
6202306160749580009296878:
6202306160750000013864466:
6202306160750030013825885:
6202306160750060013859739:
6202306160750080013899763:
6202306160750110013825704:
6202306160750140013929656:
6202306160750170008959322:
6202306160750200008934540:
6202306160750240008958098:
6202306160750260013875144:
6202306160750290013828407:
6202306160750320013893677:
6202306160750340008966832:
6202306160750360008991197:
6202306160750400005272911:
6202306160750420004933902:
6202306160750450005268451:
6202306160750470006040284:
6202306160750490008976870:
6202306160750510013907138:
6202306160750530004931257:
6202306160750550004951177:
6202306160750570013823983:
6202306160751000005249653:
6202306160751020005257315:
6202306160751050013858645:
6202306160751070008986998:
6202306160751090013823923:
6202306160751120007402498:
6202306160751140004605849:
6202306160751160013819983:
6202306160751180013844818:
6202306160751220013819740:
6202306160751240013971616:
6202306160751260005267056:
6202306160751280009304100:
6202306160751300013836770:
6202306160751330004947445:
6202306160751350008959817:
6202306160751380013832267:
6202306160751400013919307:
6202306160751430013865794:
6202306160751450005270772:
6202306160751480004966750:
6202306160751500008979710:
6202306160751520006022160:
6202306160751550005264312:
6202306160751570004988026:
6202306160752000013906962:
6202306160752020013823369:
6202306160752050013891828:
6202306160752070013877818:
6202306160752090008917544:
6202306160752110005270418:
6202306160752140008997793:
6202306160752160013845528:
6202306160752180013857958:
6202306160752210005253082:
6202306160752230004929016:
6202306160752260008915469:
6202306160752280013831047:
6202306160752300013939557:
6202306160752330013928320:
6202306160752350009002727:
6202306160752370004976589:
6202306160752390006025807:
6202306160752410008959338:
6202306160752440008953914:
6202306160752460008923718:
6202306160752480008974075:
6202306160752520013960380:
6202306160752540009002575:
6202306160752570004975690:
6202306160753000013839978:
6202306160753030013901925:
6202306160753040004949598:
6202306160753070008493092:
6202306160753100005012405:
6202306160753120013843689:
6202306160753160005257308:
6202306160753180008923933:
6202306160753200008978936:
6202306160753220008982515:
6202306160753241513409863:
6202306160753250005264726:
6202306160753280013852871:
6202306160753300013831745:
6202306160753330013841156:
6202306160753350008967059:
6202306160753380006029988:
6202306160753400013862768:
6202306160753420005258227:
6202306160753440008986193:
6202306160753470008977075:
6202306160753490004159579:
6202306160753510013823469:
6202306160753530008969360:
6202306160753550004969965:
6202306160753570004165524:
6202306160753590013915145:
6202306160754020005272103:
6202306160754040013826705:
6202306160754060013859775:
6202306160754080009240533:
6202306160754100013934791:
6202306160754130008984882:
6202306160754150013880207:
6202306160754170008935038:
6202306160754190009347607:
6202306160754210005263444:
6202306160754230004936685:
6202306160754250013833829:
6202306160754270004961333:
6202306160754300013824799:
6202306160754320007412611:
6202306160754330013824122:
6202306160754360008976381:
6202306160754380013888206:
6202306160754410013923365:
6202306160754430013862182:
6202306160754480013862818:
6202306160754510008981626:
6202306160754530013914360:
6202306160754560013819901:
6202306160754580013825583:
6202306160755010013889814:
6202306160755040013918619:
6202306160755060013864537:
6202306160755090004964878:
6202306160755110013833904:
6202306160755130009226447:
6202306160755150005265082:
6202306160755190013903270:
6202306160755210009253739:
6202306160755240004921563:
6202306160755260013921909:
6202306160755280013819513:
6202306160755310007395627:
6202306160755350013857585:
6202306160755360006018009:
6202306160755380013857585:
6202306160755400013832000:
6202306160755420013899616:
6202306160755450008920127:
6202306160755470009275624:
6202306160755490009348762:
6202306160755510005270006:
6202306160755530008431645:
6202306160755560004962579:
6202306160755580008492776:
6202306160756000008942559:
6202306160756010013821250:
6202306160756030009286616:
6202306160756050006039507:
6202306160756070013845097:
6202306160756090013972063:
6202306160756100008986224:
6202306160756130013847879:
6202306160756150013954068:
6202306160756180008913988:
6202306160756210004994575:
6202306160756230013826027:
6202306160756250013857598:
6202306160756280013859292:
6202306160756300013951732:
6202306160756320008967647:
6202306160756350013972605:
6202306160756370005272290:
6202306160756390013821341:
6202306160756410008696238:
6202306160756430013928862:
6202306160756460007419049:
6202306160756480008976993:
6202306160756500009000059:
6202306160756530009305918:
6202306160756550005248599:
6202306160756590013921997:
6202306160757020004968178:
6202306160757040009254908:
6202306160757060008506074:
6202306160757080008501795:
6202306160757100009002685:
6202306160757120013820898:
6202306160757130004165529:
6202306160757150013828262:
6202306160757180013931875:
6202306160757200013972023:
6202306160757220013899254:
6202306160757240013932124:
6202306160757280013873606:
6202306160757300008920296:
6202306160757320013833597:
6202306160757350013918390:
6202306160757380013979491:
6202306160757400009001270:
6202306160757430013890052:
6202306160757450004952169:
6202306160757480008683123:
6202306160757500005272292:
6202306160757520009323999:
6202306160757530013906852:
6202306160757560004968761:
6202306160757580013933155:
6202306160758010013853101:
6202306160758030013919076:
6202306160758060013850303:
6202306160758080013881102:
6202306160758090005255628:
6202306160758110004949833:
6202306160758130009282114:
6202306160758150013823311:
6202306160758170013973105:
6202306160758190013942492:
6202306160758210005266259:
6202306160758230008992120:
6202306160758240005264381:
6202306160758260013854502:
6202306160758280013856962:
6202306160758300005268162:
6202306160758330009233704:
6202306160758350009066727:
6202306160758370004926757:
6202306160758390013830648:
6202306160758410013835419:
6202306160758440013910215:
6202306160758450006010458:
6202306160758480013829925:
6202306160758500009339837:
6202306160758520008492480:
6202306160758540013980604:
6202306160758570013929827:
6202306160759000004967379:
6202306160759020008491998:
6202306160759030004167712:
6202306160759050013976027:
6202306160759080013930392:
6202306160759110013913226:
6202306160759120004968886:
6202306160759150013950032:
6202306160759170013926579:
6202306160759190013915352:
6202306160759210008923700:
6202306160759230008510316:
6202306160759260013852195:
6202306160759280008966840:
6202306160759300013834195:
6202306160759310008686117:
6202306160759330013873240:
6202306160759360009349986:
6202306160759390008999994:
6202306160759440008697594:
6202306160759470013895236:
6202306160759500006033720:
6202306160759520013829117:
6202306160759540004958069:
6202306160759580004972420:
6202306160800040008504180:
6202306160800240013842456:
6202306160800510013914400:
6202306160801240006021991:
6202306160802080008959312:
6202306160802180013919934:
6202306160802250013841734:
6202306160805270004155436:
6202306160805370006042277:
8202306160731220008504234:
8202306160736240013863511:
8202306160738340004963091:
8202306160738410013834385:
8202306160738460007398203:
8202306160741070008988241:
8202306160741200009000168:
8202306160742480013823710:
8202306160743210004973514:
8202306160743240004154147:
8202306160743260013845360:
8202306160743270007396382:
8202306160744130004159570:
8202306160744200006015165:
8202306160744470005004742:
8202306160744490006031524:
8202306160745090008984842:
8202306160745120008988448:
8202306160745330013956461:
8202306160746140008949319:
8202306160746580005254424:
8202306160747220013830139:
8202306160747330013948837:
8202306160747380013919957:
8202306160747460013856943:
8202306160747580013864178:
8202306160748060008991038:
8202306160748150004929419:
8202306160748320004990686:
8202306160748420008677903:
8202306160748470008680442:
8202306160748490004965170:
8202306160748520008494267:
8202306160749170008917728:
8202306160749310013964821:
8202306160749330005270720:
8202306160749410013962667:
8202306160749500008916557:
8202306160749510013862184:
8202306160749560004991542:
8202306160750020013822592:
8202306160750180008960159:
8202306160750320013848963:
8202306160750370005270720:
8202306160750410009286387:
8202306160750510008973963:
8202306160750540004968592:
8202306160750560005264374:
8202306160750580004988205:
8202306160751040013871746:
8202306160751060013862196:
8202306160751070004162160:
8202306160751100008500626:
8202306160751140013843067:
8202306160751180008506766:
8202306160751240005250568:
8202306160751290013849429:
8202306160751350004935891:
8202306160751390013849429:
8202306160751420013864832:
8202306160751480013824833:
8202306160752040013821018:
8202306160752060005257309:
8202306160752080004605843:
8202306160752090009296645:
8202306160752110004974233:
8202306160752130008937078:
8202306160752160009226817:
8202306160752230009234484:
8202306160752260008501835:
8202306160752280008951935:
8202306160752360009324118:
8202306160752430008917514:
8202306160752450009301802:
8202306160752470006015165:
8202306160752500013922995:
8202306160752540005251017:
8202306160752580008966810:
8202306160752590008953473:
8202306160753010004936854:
8202306160753130013832985:
8202306160753230008916697:
8202306160753260004963073:
8202306160753270004953437:
8202306160753310004927575:
8202306160753330013861669:
8202306160753350005270000:
8202306160753370008511222:
8202306160753390008975399:
8202306160753410008932027:
8202306160753440009351823:
8202306160753450006032924:
8202306160753470005006315:
8202306160753490004957428:
8202306160753510013859747:
8202306160753520008991964:
8202306160753540008997523:
8202306160753570009342997:
8202306160754000008942542:
8202306160754050013954643:
8202306160754080008967379:
8202306160754140004967606:
8202306160754280004163900:
8202306160754300013868438:
8202306160754340009326600:
8202306160754420009341742:
8202306160754470009288870:
8202306160754490005261060:
8202306160754510008960412:
8202306160754530009252994:
8202306160754550008998203:
8202306160754560004987744:
8202306160754590009339817:
8202306160755000009250787:
8202306160755020013918053:
8202306160755060013847395:
8202306160755080009299920:
8202306160755100013899843:
8202306160755120009234249:
8202306160755130005272104:
8202306160755150005264549:
8202306160755170013951727:
8202306160755210001087543:
8202306160755260008494201:
8202306160755300009351768:
8202306160755320008944551:
8202306160755340013837437:
8202306160755350006036994:
8202306160755380007401131:
8202306160755390004169060:
8202306160755410004931925:
8202306160755450004936688:
8202306160755470007407459:
8202306160755480008998170:
8202306160755500013826883:
8202306160755510004981013:
8202306160755560008964309:
8202306160755580005273381:
8202306160756040009282101:
8202306160756060013873081:
8202306160756090009002572:
8202306160756120009295454:
8202306160756130005264170:
8202306160756150013819907:
8202306160756170013864767:
8202306160756190009324605:
8202306160756200013840765:
8202306160756260004990375:
8202306160756280013843391:
8202306160756300000424167:
8202306160756320013860912:
8202306160756330013828533:
8202306160756350008937070:
8202306160756370004965343:
8202306160756380013848859:
8202306160756410013919056:
8202306160756420008997444:
8202306160756440008975084:
8202306160756450013924085:
8202306160756470004968208:
8202306160756540013912886:
8202306160756560008918566:
8202306160756590009326658:
8202306160757010013970126:
8202306160757020008979599:
8202306160757040013920594:
8202306160757060008686301:
8202306160757080009030883:
8202306160757090007401654:
8202306160757110004996470:
8202306160757120013866845:
8202306160757140008997409:
8202306160757160003126360:
8202306160757180005259965:
8202306160757210008918431:
8202306160757220004972892:
8202306160757260013846313:
8202306160757270013888903:
8202306160757290013822237:
8202306160757310005259619:
8202306160757340013897951:
8202306160757360008677569:
8202306160757380008921827:
8202306160757400008499471:
8202306160757420008708048:
8202306160757460000431385:
8202306160757480008710875:
8202306160757500008953371:
8202306160757520013839950:
8202306160757540008986773:
8202306160757560008959833:
8202306160757580005266871:
8202306160758060004953650:
8202306160758080013846621:
8202306160758100005262048:
8202306160758120008494427:
8202306160758140004165756:
8202306160758160008942591:
8202306160758210013843391:
8202306160758240013859676:
8202306160758240013862551:
8202306160758270008499867:
8202306160758300013927265:
8202306160758380008512783:
8202306160758520006036336:
8202306160758580013856725:
8202306160759020004158333:
8202306160759120009246202:
8202306160759150009253842:
8202306160759180008933930:
8202306160759200008962143:
8202306160759220004967900:
8202306160759250008921819:
8202306160800260013823792:
8202306160804390013830546: