2202210140714510008497657:
2202210140714570008974271:
2202210140716550009351758:
2202210140722110005248503:
2202210140723540009282101:
2202210140725420008932952:
2202210140725520008916585:
2202210140726310008934422:
2202210140726570009291663:
2202210140729110004599831:
2202210140729250008677773:
2202210140731560009307295:
2202210140731590004988378:
2202210140732020009246193:
2202210140733590004947963:
2202210140734220008492636:
2202210140735110008936997:
2202210140736070009331044:
2202210140736100004599832:
2202210140737200008939109:
2202210140738520005248504:
2202210140739060009254926:
2202210140739110005249724:
2202210140739320008698044:
2202210140739510004992875:
2202210140741300005254424:
2202210140741420009340817:
2202210140742140008504041:
2202210140742430008998778:
2202210140742470009341030:
2202210140743040007398914:
2202210140743070005252149:
2202210140743110004933649:
2202210140743210008977159:
2202210140743250009300590:
2202210140743280004162433:
2202210140743330009293895:
2202210140743350007421735:
2202210140743540005007161:
2202210140743570008975427:
2202210140743590008986747:
2202210140744130008973876:
2202210140744430008936940:
2202210140744490009002088:
2202210140744530009001227:
2202210140744570008681883:
2202210140744590004963035:
2202210140745040004162135:
2202210140745140009024226:
2202210140745200008676811:
2202210140745250004992723:
2202210140745420004605848:
2202210140745570008978157:
2202210140746000004966050:
2202210140746030004162748:
2202210140746060008517783:
2202210140746150008940309:
2202210140746220004988793:
2202210140746260004966802:
2202210140746290009002699:
2202210140746330004986846:
2202210140746380008424093:
2202210140746470009274874:
2202210140746490009341030:
2202210140747010008702320:
2202210140747050008712785:
2202210140747080008950839:
2202210140747100008967751:
2202210140747160005264548:
2202210140747200009346290:
2202210140747260005270982:
2202210140747450008986390:
2202210140747500009003647:
2202210140747550009002701:
2202210140748020008496367:
2202210140748050004605842:
2202210140748090008991003:
2202210140748110008934998:
2202210140748280009253739:
2202210140748340008996273:
2202210140748370004980976:
2202210140748441513646659:
2202210140748500008713215:
2202210140748560001079879:
2202210140748590005249645:
2202210140749010008961750:
2202210140749100008949249:
2202210140749150004961532:
2202210140749160008934512:
2202210140749190004968004:
2202210140749220005268167:
2202210140749240006030145:
2202210140749260004936685:
2202210140749280008960179:
2202210140749390008997564:
2202210140749440008978936:
2202210140749460004997665:
2202210140749470004948548:
2202210140749500006014941:
2202210140749530005249648:
2202210140749550008429638:
2202210140749570008916472:
2202210140749590009252984:
2202210140750020004604850:
2202210140750030005253082:
2202210140750060008706494:
2202210140750080009322682:
2202210140750110009003852:
2202210140750130008940154:
2202210140750150008917723:
2202210140750170008976441:
2202210140750190009230781:
2202210140750200006041715:
2202210140750230008697836:
2202210140750250008685403:
2202210140750280008920118:
2202210140750330008964309:
2202210140750340009286387:
2202210140750370008500401:
2202210140750380005258472:
2202210140750400004947107:
2202210140750420008932264:
2202210140750430004930389:
2202210140750450008997336:
2202210140750470008933268:
2202210140750490008997336:
2202210140750510004164230:
2202210140750540008930815:
2202210140750550003117204:
2202210140750570009001249:
2202210140750590008985017:
2202210140751010005264164:
2202210140751030009230754:
2202210140751090005268162:
2202210140751130008923982:
2202210140751180004927029:
2202210140751200009233710:
2202210140751220009304100:
2202210140751250005272908:
2202210140751340008979659:
2202210140751360008958163:
2202210140751380006014349:
2202210140751410004155439:
2202210140751430007402523:
2202210140751450004154154:
2202210140751480008497463:
2202210140751510006014944:
2202210140751530008508219:
2202210140751550008923905:
2202210140751580008932999:
2202210140752050006039969:
2202210140752070004599825:
2202210140752090008991038:
2202210140752110005270839:
2202210140752130004965794:
2202210140752150008936992:
2202210140752160004165890:
2202210140752180005012405:
2202210140752220004965482:
2202210140752230005267479:
2202210140752250008950354:
2202210140752270008949852:
2202210140752310004929016:
2202210140752330004980727:
2202210140752350008965669:
2202210140752360009346708:
2202210140752380008975144:
2202210140752400008932958:
2202210140752420008958106:
2202210140752460005004848:
2202210140752480004981013:
2202210140752490004941508:
2202210140752520008496310:
2202210140752530004948851:
2202210140752550005272110:
2202210140752560005248391:
2202210140752580008967375:
2202210140753000004967967:
2202210140753010005248878:
2202210140753030008913993:
2202210140753050008985026:
2202210140753060005270174:
2202210140753080004924676:
2202210140753110009226412:
2202210140753140008917776:
2202210140753170004993672:
2202210140753200008958211:
2202210140753240009000048:
2202210140753270009290264:
2202210140753290008918414:
2202210140753330008921990:
2202210140753360009232653:
2202210140753370008984842:
2202210140753390000431412:
2202210140753420009226393:
2202210140753440006021994:
2202210140753460004953650:
2202210140753470005258488:
2202210140753490008958218:
2202210140753510004160641:
2202210140753530004164864:
2202210140753540005268448:
2202210140753560008988448:
2202210140753580004967002:
2202210140754000006021991:
2202210140754020005272229:
2202210140754030004155438:
2202210140754050006010458:
2202210140754070008708048:
2202210140754080008701527:
2202210140754100009346035:
2202210140754110006028298:
2202210140754130008686663:
2202210140754140009226447:
2202210140754160009297569:
2202210140754190004934727:
2202210140754210008955137:
2202210140754230004982239:
2202210140754250006018009:
2202210140754270005263012:
2202210140754290008967368:
2202210140754300008954444:
2202210140754320004967416:
2202210140754330005273382:
2202210140754350004923771:
2202210140754370004930576:
2202210140754390009276908:
2202210140754410009326618:
2202210140754420008714113:
2202210140754440006022855:
2202210140754460008505663:
2202210140754470004989816:
2202210140754490008966186:
2202210140754510009226826:
2202210140754530005249559:
2202210140754540009339828:
2202210140754560008978529:
2202210140754580008977550:
2202210140755000004596345:
2202210140755010008916700:
2202210140755030006014943:
2202210140755040008503915:
2202210140755060008709369:
2202210140755070005009382:
2202210140755090004993146:
2202210140755110004167848:
2202210140755120004930974:
2202210140755140005006768:
2202210140755150005270175:
2202210140755170004975875:
2202210140755190008950650:
2202210140755210009000149:
2202210140755230004974233:
2202210140755240005252997:
2202210140755260008960187:
2202210140755280004990107:
2202210140755290008426248:
2202210140755310004996470:
2202210140755320009002575:
2202210140755340008984882:
2202210140755360004967606:
2202210140755370004987910:
2202210140755390004602276:
2202210140755410005272914:
2202210140755430006036876:
2202210140755450008917701:
2202210140755460008921067:
2202210140755480009289101:
2202210140755490006027540:
2202210140755510004949598:
2202210140755520009001050:
2202210140755540009005610:
2202210140755550004965814:
2202210140755570005270981:
2202210140755580004969384:
2202210140756000009349986:
2202210140756020008958696:
2202210140756040008959312:
2202210140756050008492480:
2202210140756070008506766:
2202210140756080005252030:
2202210140756100008966840:
2202210140756110007419049:
2202210140756130004970618:
2202210140756140005252072:
2202210140756160006042873:
2202210140756170006039507:
2202210140756190005259638:
2202210140756210005263716:
2202210140756230004966178:
2202210140756240006039493:
2202210140756260009309829:
2202210140756270006036993:
2202210140756290009002685:
2202210140756300004968555:
2202210140756320004936413:
2202210140756330008499149:
2202210140756350008976838:
2202210140756360008703345:
2202210140756380008984829:
2202210140756400008937014:
2202210140756410007410282:
2202210140756430008976540:
2202210140756440008709061:
2202210140756460005272317:
2202210140756470004968886:
2202210140756490008492776:
2202210140756510009348543:
2202210140756540009309504:
2202210140756570008970531:
2202210140756590008966783:
2202210140757010003132773:
2202210140757030008918021:
2202210140757040008507829:
2202210140757060005252028:
2202210140757070004965968:
2202210140757080008500493:
2202210140757100009278808:
2202210140757120008992092:
2202210140757130005252022:
2202210140757150008995260:
2202210140757160005262049:
2202210140757180005251556:
2202210140757200008952632:
2202210140757210004935107:
2202210140757230004162428:
2202210140757240008942604:
2202210140757260004966490:
2202210140757280008942210:
2202210140757290005009021:
2202210140757310004921669:
2202210140757320006039993:
2202210140757340004936419:
2202210140757350009004443:
2202210140757370005258227:
2202210140757380008917855:
2202210140757410009226963:
2202210140757420008942559:
2202210140757440005272191:
2202210140757450008923688:
2202210140757470008916841:
2202210140757480005264545:
2202210140757500004155434:
2202210140757510005273785:
2202210140757530007411536:
2202210140757540008936972:
2202210140757560005270002:
2202210140757580009354582:
2202210140758000005251022:
2202210140758010008936972:
2202210140758030008992120:
2202210140758050008918437:
2202210140758090008966815:
2202210140758100008918437:
2202210140758120009324604:
2202210140758130005268310:
2202210140758150005266099:
2202210140758160005272911:
2202210140758180004952773:
2202210140758190008989534:
2202210140758210008962112:
2202210140758220008921650:
2202210140758240005251559:
2202210140758260005266872:
2202210140758270006039974:
2202210140758290008696238:
2202210140758310009330833:
2202210140758330006033000:
2202210140758340005248877:
2202210140758360005266100:
2202210140758380008974060:
2202210140758390008711249:
2202210140758410004994314:
2202210140758420004954665:
2202210140758440005250644:
2202210140758450008974060:
2202210140758470004949734:
2202210140758490001083110:
2202210140758510008956976:
2202210140758530005251021:
2202210140758550008683123:
2202210140758570005268444:
2202210140758580008970486:
2202210140759000008923736:
2202210140759020009342981:
2202210140759050009273026:
2202210140759140008978067:
2202210140759240008492065:
2202210140759270004963659:
2202210140759280004961333:
2202210140759350005261061:
2202210140759370004996445:
2202210140759460009281928:
2202210140759490008916502:
2202210140759510008494964:
2202210140759550008975428:
2202210140759570006030130:
2202210140800080008951525:
2202210140800140004989551:
2202210140800180005248393:
2202210140800220007407502:
2202210140800240008921819:
2202210140800270008931954:
2202210140800290005258557:
2202210140800310006016277:
2202210140800370008989526:
2202210140800520005262496:
2202210140800540004964719:
2202210140801270009310727:
2202210140801340008502364:
2202210140802310009313676:
2202210140803500004953953:
2202210140804150005270001:
2202210140804370009323999:
2202210140805040005252017:
2202210140806320006041103:
2202210140810260008493028:
2202210140811300009298073:
2202210140835090009290471:
2202210141700220004972793:
2202210141700410000431412:
2202210141700490009226393:
2202210141701010008934998:
2202210141701070004967967:
2202210141701090008429638:
2202210141701140008681883:
2202210141701180008950839:
2202210141701210008986747:
2202210141701310008950650:
2202210141701330008997564:
2202210141701360008950650:
2202210141701420004604850:
2202210141701550005268310:
2202210141701590004604850:
2202210141702070004997665:
2202210141702120005252997:
2202210141702170005272914:
2202210141702210009002701:
2202210141702320008932999:
2202210141702340005270839:
2202210141702360008976441:
2202210141702490008701527:
2202210141702540004605848:
2202210141702580008932260:
2202210141703280008685403:
2202210141703350009293895:
2202210141703360004936419:
2202210141703380004930389:
2202210141703410008932958:
2202210141703450005272317:
2202210141703470004599831:
2202210141703490009002088:
2202210141703520009024226:
2202210141703540003117204:
2202210141703570008936997:
2202210141704010001079879:
2202210141704030009297569:
2202210141704060004602276:
2202210141704150008934422:
2202210141704170008985026:
2202210141704250008975144:
2202210141704270008985026:
2202210141704290004954665:
2202210141704360005249559:
2202210141704380008496367:
2202210141704390008934530:
2202210141704420008976993:
2202210141704470009276908:
2202210141704570006028953:
2202210141705130008975427:
2202210141705150004155438:
2202210141705170008975427:
2202210141705180008996273:
2202210141705250009253719:
2202210141705530009307295:
2202210141706060008916700:
2202210141706290005267479:
2202210141706330005273382:
2202210141707070004968555:
2202210141707200004965482:
2202210141707320007421735:
2202210141708440005005063:
2202210141708480009326618:
2202210141708510008930815:
2202210141700070005248393:
2202210141700120004162744:
2202210141700230008951525:
2202210141703180005258557:
2202210141704340007421735:
2202210141700420008426248:
2202210141702470008970486:
2202210141708200004963659:
2202210141702360008502364:
2202210141751280008424093:
2202210141756120009309504:
2202210141757550005250644:
2202210141757570009346290:
2202210141757590004921669:
2202210141758141513646659:
2202210141758300009226392:
2202210141759500004958690:
2202210141802380009285700:
2202210141820250004947963:
2202210141831490009232651:
2202210141831530008698044:
2202210141832090009236810:
2202210141834470004966802:
2202210141856490004948851:
2202210141859270005264720:
2202210141859290008969268:
2202210141900260008709061:
2202210141900330008497657:
2202210141900350008931954:
2202210141900410008921827:
2202210141900460008997404:
2202210141900480008686301:
2202210141901070005264545:
2202210141901370008702698:
2202210141901390004941508:
2202210141901390008702698:
2202210141901420008959312:
2202210141901440008702698:
2202210141901460005268163:
2202210141901490008918685:
2202210141901510006022855:
2202210141901540005266100:
2202210141901560004965794:
2202210141902080004981013:
2202210141902100004993672:
2202210141902160009348543:
2202210141902500007398914:
2202210141903000009309829:
2202210141903380005270981:
2202210141903400005252149:
2202210141903500005252070:
2202210141907430008917809:
2202210141907540008986878:
2202210141908030008940154:
2202210141908040008499208:
2202210141908100004998138:
2202210141908170004975531:
2202210141908230004605842:
2202210141908450009324604:
2202210141909140005270001:
2202210141909180004934927:
2202210141909450008913993:
2202210141909560008921990:
2202210141900260008939109:
2202210141900310008986717:
2202210141902550004997809:
2202210141903290009341030:
2202210141903400008965669:
2202210141903480004163904:
2202210141905450009305457:
2202210141909260008508219:
2202210141903240009300590:
2202210141948400006014944:
2202210142001100004968004:
2202210142002150004964719:
2202210142002540009233710:
2202210142002570001083110:
2202210142004190004934727:
2202210142005260008988469:
2202210142005390008934556:
2202210142005580004970618:
2202210142000410009226412:
2202210142100160004992875:
2202210142103510009001227:
2202210142305250008970469:
3202210140733000004974136:
3202210140734350004968173:
3202210140734400008943753:
3202210140736340001099428:
3202210140737050004926955:
3202210140738110008943401:
3202210140739270008931901:
3202210140740230008954132:
3202210140740490008503303:
3202210140742470006016275:
3202210140743060009001082:
3202210140743180004929198:
3202210140743380009300618:
3202210140743580009323446:
3202210140744130006015164:
3202210140744510004922875:
3202210140744530009234458:
3202210140745070008952977:
3202210140745260004995665:
3202210140745320004990397:
3202210140745500005004742:
3202210140745520009343151:
3202210140746140004998074:
3202210140746200008925084:
3202210140746310008976584:
3202210140746390008954083:
3202210140746420009335560:
3202210140746460005251352:
3202210140746590005271888:
3202210140747410009226391:
3202210140747430008974024:
3202210140747450009002736:
3202210140747490005251358:
3202210140748110008692290:
3202210140748150009354699:
3202210140748220005011155:
3202210140748250004933136:
3202210140748290008999338:
3202210140748310008932190:
3202210140748330004165753:
3202210140748360008997444:
3202210140748460008966902:
3202210140748480008978861:
3202210140748540004962972:
3202210140748580008931959:
3202210140749010008491901:
3202210140749110005264549:
3202210140749130008702698:
3202210140749170008997568:
3202210140749400008498188:
3202210140749440008920018:
3202210140750120004962972:
3202210140750150004980976:
3202210140750170004164224:
3202210140750330005258215:
3202210140750390008976963:
3202210140750430004923548:
3202210140750450004929645:
3202210140750470004927539:
3202210140750510008943425:
3202210140750570008949593:
3202210140751180000424146:
3202210140751200008937078:
3202210140751230009339930:
3202210140751260005258213:
3202210140751430009346364:
3202210140751480005250572:
3202210140751540008677569:
3202210140752080008976575:
3202210140752110009346367:
3202210140752150008692117:
3202210140752430009342997:
3202210140752450004949949:
3202210140752500004942841:
3202210140752520008997523:
3202210140752580009354581:
3202210140753000004932608:
3202210140753030008967355:
3202210140753050009079143:
3202210140753080008934685:
3202210140753100004995927:
3202210140753130008961951:
3202210140753160004921536:
3202210140753180009321481:
3202210140753200004162160:
3202210140753220005249713:
3202210140753250004935367:
3202210140753280005263919:
3202210140753370005248597:
3202210140753500008680442:
3202210140753530008951287:
3202210140753550005257309:
3202210140753570008492410:
3202210140753590008951280:
3202210140754010009326626:
3202210140754030006036336:
3202210140754060004972171:
3202210140754080006021877:
3202210140754130008499165:
3202210140754160008996251:
3202210140754180009339817:
3202210140754200007418333:
3202210140754220009280051:
3202210140754250004988026:
3202210140754280008969395:
3202210140754320008687514:
3202210140754340008942308:
3202210140754370008695597:
3202210140754390008493340:
3202210140754420004935446:
3202210140754430009000878:
3202210140754460005271893:
3202210140754470005254543:
3202210140754490004953135:
3202210140754510004165525:
3202210140754540008698315:
3202210140754570009001182:
3202210140754590008958088:
3202210140755020009290264:
3202210140755030006028451:
3202210140755050004999443:
3202210140755070009336959:
3202210140755100009324879:
3202210140755130008979599:
3202210140755150008954490:
3202210140755170005263920:
3202210140755190008986878:
3202210140755270005257314:
3202210140755320004969304:
3202210140755340009275624:
3202210140755360005267476:
3202210140755360008992139:
3202210140755400008708992:
3202210140755420009327615:
3202210140755440008691341:
3202210140755460000424167:
3202210140755490008711197:
3202210140755520009241038:
3202210140755550009324637:
3202210140755570004163935:
3202210140755590008967757:
3202210140756010004977423:
3202210140756030004973922:
3202210140756050008714113:
3202210140756080008949220:
3202210140756100008699992:
3202210140756130005248460:
3202210140756150004989816:
3202210140756170004921352:
3202210140756190005249722:
3202210140756220009325535:
3202210140756250009348776:
3202210140756270009339802:
3202210140756290005254932:
3202210140756320008691341:
3202210140756350008703693:
3202210140756360009327615:
3202210140756380005248502:
3202210140756400009088583:
3202210140756440008943359:
3202210140756450008953925:
3202210140756470009354576:
3202210140756490008991601:
3202210140756520004937930:
3202210140756550006041721:
3202210140756570008984988:
3202210140757010008499556:
3202210140757110009326658:
3202210140757160005270981:
3202210140757180003126147:
3202210140757210008920119:
3202210140757300008921437:
3202210140757360008959757:
3202210140757400004960782:
3202210140757420006018008:
3202210140757440004966903:
3202210140757450008696388:
3202210140757470009288870:
3202210140757530008986394:
3202210140758010008696388:
3202210140758070008920103:
3202210140758090009309829:
3202210140758110005254706:
3202210140758130004993672:
3202210140758160008506597:
3202210140758190008958145:
3202210140758210008507829:
3202210140758240004141622:
3202210140758370008500493:
3202210140758400004158139:
3202210140758430008962151:
3202210140758460008918021:
3202210140758500004162432:
3202210140758520008952632:
3202210140758550004928581:
3202210140759000009308083:
3202210140759170008918564:
3202210140759310008686117:
3202210140759410005251559:
3202210140759460004936854:
3202210140802020004968472:
3202210141702220005261060:
3202210141705220004995927:
3202210141801470004964407:
3202210141809300004935107:
3202210141900010008708992:
3202210141900030009351768:
3202210141900060004163935:
3202210141900080009324637:
3202210141900100004923548:
3202210141900120004927539:
3202210141900150008958145:
3202210141900160004972171:
3202210141900180004164224:
3202210141900200004936854:
3202210141900230008954083:
3202210141900250005267476:
3202210141900270009286387:
3202210141900290009346367:
3202210141900300004162432:
3202210141900320003132773:
3202210141900340008958088:
3202210141900360009254212:
3202210141900370009288870:
3202210141900390008687514:
3202210141900410008931901:
3202210141900430005258215:
3202210141900450004969304:
3202210141900460008492410:
3202210141900500008976963:
3202210141900520009354576:
3202210141900530004980976:
3202210141900550004965794:
3202210141900570008921437:
3202210141900590005254543:
3202210141901010008498188:
3202210141901040009300618:
3202210141901060004935446:
3202210141901080009321481:
3202210141901100005250572:
3202210141901120004999443:
3202210141901140005254715:
3202210141901150007418333:
3202210141901170004165525:
3202210141901200008714113:
3202210141901220004929198:
3202210141901240006041721:
3202210141901260004988793:
3202210141901280008976575:
3202210141901290008996251:
3202210141901310009336959:
3202210141901330008984988:
3202210141901360008920119:
3202210141901380009325535:
3202210141901400004921536:
3202210141901420008499556:
3202210141901440004599514:
3202210141901450004951868:
3202210141901470008953925:
3202210141901490006039974:
3202210141901520009079143:
3202210141901540008962151:
3202210141901560008997226:
3202210141901580005249713:
3202210141902000004158139:
3202210141902020009275624:
3202210141902040008997523:
3202210141902060008943401:
3202210141902080008920018:
3202210141902100005248502:
3202210141902120008686117:
3202210141902150005254932:
3202210141902170003126147:
3202210141902190008969395:
3202210141902210005270981:
3202210141902240004995665:
3202210141902260009326626:
3202210141902270004935367:
3202210141902300008952977:
3202210141902320004949949:
3202210141902340007407459:
3202210141902360009000878:
3202210141902370004933136:
3202210141902400008949593:
3202210141902420008960159:
3202210141902440004162162:
3202210141902460008695597:
3202210141902480005271893:
3202210141902490008503303:
3202210141902510008976838:
3202210141902530008979659:
3202210141902550004922875:
3202210141902560008916457:
3202210141902580009342962:
3202210141902590008493340:
3202210141903010005252022:
3202210141903030008966902:
3202210141903050008932190:
3202210141903070008698795:
3202210141903090009331842:
3202210141903110008943425:
3202210141903130006021877:
3202210141903140005258488:
3202210141903160009226391:
3202210141903180008978861:
3202210141903190004965814:
3202210141903210005268449:
3202210141903230004942841:
3202210141903250008498021:
3202210141903270008691341:
3202210141903290008918564:
3202210141903310009001082:
3202210141903330009234458:
3202210141903350008991601:
3202210141903370008975399:
3202210141903390005254707:
3202210141903420008692290:
3202210141903440005258213:
3202210141903470008942308:
3202210141903480004973922:
3202210141903510009324879:
3202210141903530004937930:
3202210141903560004962972:
3202210141903580009088583:
3202210141904010008986394:
3202210141904020008999338:
3202210141904050005263920:
3202210141904070005011155:
3202210141904100005251358:
3202210141904130005249722:
3202210141904150004921352:
3202210141904170005249722:
3202210141904200008711197:
3202210141904220009348762:
3202210141904240008961541:
3202210141904260008507829:
3202210141904280009335560:
3202210141904300009241038:
3202210141904310008692742:
3202210141904340004167849:
3202210141904360009354699:
3202210141904390008677569:
3202210141904420009348776:
3202210141904430008680442:
3202210141904450005248597:
3202210141904470008931959:
3202210141904490005253081:
3202210141904510009339930:
3202210141904530005004742:
3202210141904550005252996:
3202210141904560008937801:
3202210141904590009346035:
3202210141905000008967757:
3202210141905020004990397:
3202210141905040008916557:
3202210141905050008499165:
3202210141905070008518736:
3202210141905090005248877:
3202210141905110009327615:
3202210141905130004165524:
3202210141905160009001182:
3202210141905170008500493:
3202210141905190008693892:
3202210141905210008976584:
3202210141905230008997568:
3202210141905250008679943:
3202210141905270009343384:
3202210141905290001099428:
3202210141905310004158333:
3202210141905320008974060:
3202210141905500006039493:
3202210141905540005259619:
3202210141905580008934685:
3202210141906040006016275:
3202210141907180004926955:
3202210141907190009308083:
3202210141907360005268314:
3202210141908320008979599:
3202210141901510005004848:
3202210141907130008677773:
3202210141901150004988378:
3202210141902360009351758:
3202210141936570004968472:
3202210141955380004966449:
3202210141957540008966783:
3202210142000420005272291:
3202210142001000009354581:
3202210142001080005253450:
3202210142001180009346364:
3202210142001220004974136:
3202210142001250008943359:
3202210142001270009341742:
3202210142001420009344566:
3202210142001440008917826:
3202210142001460008708048:
3202210142001490008961951:
3202210142001510005251559:
3202210142001540004162428:
3202210142001570009002606:
3202210142001580008954132:
3202210142002020004960782:
3202210142002040008984829:
3202210142002070004989816:
3202210142002180005271888:
3202210142002210009323446:
3202210142002240008967355:
3202210142002270009339802:
3202210142002340008698315:
3202210142002350009326658:
3202210142002380008937078:
3202210142002400005254706:
3202210142002480008916502:
3202210142002530009280051:
3202210142002550008951287:
3202210142003330005001068:
3202210142003420008711249:
3202210142003510008925084:
3202210142004470004165753:
3202210142004530004929645:
3202210142004570004968250:
3202210142005040005248460:
3202210142005060004952229:
3202210142005090008677903:
3202210142005120004966178:
3202210142005150005264549:
3202210142005180005257314:
3202210142005540008932994:
3202210142006160008918021:
3202210142009500009278862:
3202210142000280009343151:
3202210142000310006028451:
3202210142001150008973876:
4202210140716220009285513:
4202210140716430009232376:
4202210140735050008966866:
4202210140737500009000168:
4202210140741270008692742:
4202210140742000004968716:
4202210140742300009002528:
4202210140742480006015165:
4202210140742490006039016:
4202210140743050007398203:
4202210140743450004154147:
4202210140743480003137964:
4202210140743520004154153:
4202210140744240009001274:
4202210140744400008952567:
4202210140744590009287006:
4202210140745270005252070:
4202210140745350009299920:
4202210140745380005252070:
4202210140745470008704914:
4202210140746060008988241:
4202210140746120005248457:
4202210140746130004965170:
4202210140746190007396382:
4202210140746210004165522:
4202210140746240005271892:
4202210140746280006027344:
4202210140747030008917826:
4202210140747050004963091:
4202210140747090004167714:
4202210140747110008917446:
4202210140747290004929419:
4202210140747310005272226:
4202210140747320008917728:
4202210140747370008997409:
4202210140747540008932440:
4202210140748040008932027:
4202210140748130007409900:
4202210140748150005264374:
4202210140748500008936935:
4202210140749120009324629:
4202210140749140008959786:
4202210140749160004165524:
4202210140749190005270982:
4202210140749330005254737:
4202210140749350008991648:
4202210140749530008999397:
4202210140750090009002572:
4202210140750300008978363:
4202210140750350004968250:
4202210140750380008991964:
4202210140750390008923700:
4202210140750450009351317:
4202210140750470008923700:
4202210140750490005250568:
4202210140750510008496149:
4202210140750530008998170:
4202210140750560008512783:
4202210140751030008964432:
4202210140751050009077623:
4202210140751140004976000:
4202210140751160005268163:
4202210140751200008942699:
4202210140751240008972647:
4202210140751260008942699:
4202210140751270004990686:
4202210140751290005270419:
4202210140751310008917800:
4202210140751340008494427:
4202210140751370009278862:
4202210140751420005251017:
4202210140751460008916472:
4202210140751490008964309:
4202210140751510008918566:
4202210140751520004927575:
4202210140751540009324118:
4202210140751580005006315:
4202210140752030008997341:
4202210140752140009004051:
4202210140752160008989437:
4202210140752200004991542:
4202210140752260009234484:
4202210140752300008966810:
4202210140752330004952531:
4202210140752400009236810:
4202210140752430009344566:
4202210140752470004949833:
4202210140752490008949585:
4202210140752500006020220:
4202210140752520008965377:
4202210140752540008697594:
4202210140752550009296645:
4202210140752570009253842:
4202210140752590008677903:
4202210140753000008944551:
4202210140753160004968502:
4202210140753200004958669:
4202210140753220008953371:
4202210140753240008986773:
4202210140753270008942542:
4202210140753310006036994:
4202210140753350009250787:
4202210140753360008494267:
4202210140753380008949319:
4202210140753430008916557:
4202210140753470008967698:
4202210140753490008953473:
4202210140753520004965794:
4202210140753540009345998:
4202210140753560008509806:
4202210140754030005261506:
4202210140754110008950897:
4202210140754130009234249:
4202210140754150004169060:
4202210140754170003126360:
4202210140754180004981013:
4202210140754200005012741:
4202210140754230009285700:
4202210140754270005259965:
4202210140754290009252994:
4202210140754310004936556:
4202210140754330007407459:
4202210140754410004990375:
4202210140754430008501835:
4202210140754460004972892:
4202210140754480004987744:
4202210140754500004991584:
4202210140754580009234457:
4202210140755020008498021:
4202210140755060008699709:
4202210140755080006028799:
4202210140755090008962143:
4202210140755110008710875:
4202210140755160004953437:
4202210140755200009292038:
4202210140755220008975399:
4202210140755240008916697:
4202210140755260004936688:
4202210140755290008961637:
4202210140755320004164864:
4202210140755330009226821:
4202210140755350008975084:
4202210140755360008686301:
4202210140755400008708048:
4202210140755420004965343:
4202210140755440005259619:
4202210140755470001087543:
4202210140755490004605843:
4202210140755510008990956:
4202210140755530005254711:
4202210140755550008967379:
4202210140755570005272316:
4202210140755590004972482:
4202210140756010004963073:
4202210140756030008967698:
4202210140756050009341742:
4202210140756070007401131:
4202210140756170008946846:
4202210140756200005264375:
4202210140756220008933249:
4202210140756300005255712:
4202210140756350004937122:
4202210140756380008960159:
4202210140756400009066727:
4202210140756470004967900:
4202210140756490004936058:
4202210140756500009326600:
4202210140756520004163900:
4202210140756540008494201:
4202210140756560009339821:
4202210140756580008959814:
4202210140757040004951868:
4202210140757150008499867:
4202210140757170008969522:
4202210140757180008966832:
4202210140757200008969522:
4202210140757220006022159:
4202210140757280004965031:
4202210140757300009001050:
4202210140757320005251020:
4202210140757340005252030:
4202210140757370008959312:
4202210140757390008506766:
4202210140757440008519041:
4202210140757540004927306:
4202210140757560005270181:
4202210140758090005248599:
4202210140758120008960412:
4202210140758140009327620:
4202210140758170008960412:
4202210140758190008997404:
4202210140758260008511222:
4202210140758280009351768:
4202210140758290008915574:
4202210140758350008499471:
4202210140758380004162747:
4202210140758400008923933:
4202210140758410005251361:
4202210140758430005012521:
4202210140758470008506912:
4202210140758490009226433:
4202210140758540005251556:
4202210140759210004162744:
4202210140759250006024859:
4202210140807170004155436:
4202210141700220005252030:
4202210141701020006027344:
4202210141701370005270720:
4202210141701400005250568:
4202210141701450004154153:
4202210141701490004952531:
4202210141702120008704914:
4202210141702140008992120:
4202210141702150005255716:
4202210141702170009339794:
4202210141702180008969522:
4202210141702200008967698:
4202210141702220009226433:
4202210141702240008923933:
4202210141702260008991648:
4202210141702270008966815:
4202210141702290008923688:
4202210141702300006018009:
4202210141702320005251361:
4202210141702350008968526:
4202210141702380008964432:
4202210141702400004162747:
4202210141702410008959774:
4202210141702430008968526:
4202210141702440004155434:
4202210141702460009005610:
4202210141702470005251022:
4202210141702490008934530:
4202210141702500005272226:
4202210141702520008916501:
4202210141702530008917446:
4202210141702550008976993:
4202210141702560005249559:
4202210141702590009002528:
4202210141703000006022159:
4202210141703020008937083:
4202210141703040009077623:
4202210141703060008942699:
4202210141703080008923982:
4202210141703090009354582:
4202210141703110008942699:
4202210141703130005261506:
4202210141703140005009382:
4202210141703160004162750:
4202210141703180004965031:
4202210141703190004162750:
4202210141703210008942699:
4202210141703220006028953:
4202210141703240009287006:
4202210141703250009066727:
4202210141703270005270419:
4202210141703280008997341:
4202210141703300009004051:
4202210141703310009253719:
4202210141703330008965377:
4202210141703340008932440:
4202210141703360004165522:
4202210141703370005268164:
4202210141703390008918393:
4202210141703550003137964:
4202210141703570005249720:
4202210141704000005251021:
4202210141704020005251014:
4202210141704050008932048:
4202210141704110008917487:
4202210141704130005251015:
4202210141704140006023666:
4202210141704160008917487:
4202210141704190008954444:
4202210141704220008966832:
4202210141704230009001274:
4202210141704250004163899:
4202210141704300009273013:
4202210141704390008962112:
4202210141704420009273013:
4202210141704570004949734:
4202210141704590005248391:
4202210141705010004952773:
4202210141705020004949734:
4202210141705050008932258:
4202210141705190005268167:
4202210141705210008967375:
4202210141705340004167714:
4202210141706050005270174:
4202210141706130008936935:
4202210141706180005272915:
4202210141706370009291266:
4202210141706430009324118:
4202210141707220004160641:
4202210141707260005254711:
4202210141707500008933249:
4202210141709230005272191:
4202210141700480005251556:
4202210141702320004605843:
4202210141704020008917855:
4202210141704280008942559:
4202210141743130008519041:
4202210141759300008917723:
4202210141759330004967002:
4202210141759520006028298:
4202210141807120005012741:
4202210141807190008960187:
4202210141808000008991197:
4202210141808070008958106:
4202210141803020006021991:
4202210141803050005264548:
4202210141836410004155436:
4202210141858340005264374:
4202210141900000004929419:
4202210141900020004967606:
4202210141900040004929419:
4202210141900060005268163:
4202210141900070008952567:
4202210141900090008959312:
4202210141900110004949101:
4202210141900120008978363:
4202210141900150005252016:
4202210141900160008692117:
4202210141900180006036994:
4202210141900200009290264:
4202210141900220008932027:
4202210141900240004963073:
4202210141900260008942210:
4202210141900270004958669:
4202210141900290004953650:
4202210141900310008999397:
4202210141900320008964309:
4202210141900340007409900:
4202210141900350007401131:
4202210141900370008995260:
4202210141900380004936413:
4202210141900400008995260:
4202210141900420004996470:
4202210141900430005254737:
4202210141900450009234457:
4202210141900510009324629:
4202210141900550009002736:
4202210141900560008974024:
4202210141900580000424167:
4202210141901010009326600:
4202210141901030004987910:
4202210141901070006028799:
4202210141901090008950400:
4202210141901120008699992:
4202210141901140004991584:
4202210141901160004953437:
4202210141901180008950400:
4202210141901190008959833:
4202210141901210004164864:
4202210141901230009234484:
4202210141901240004987744:
4202210141901260004936556:
4202210141901280004927306:
4202210141901300004974233:
4202210141901310004991542:
4202210141901330008949319:
4202210141901370009342997:
4202210141901400005266872:
4202210141901410009339817:
4202210141901430008953473:
4202210141901450009296645:
4202210141901470004927575:
4202210141901490009250787:
4202210141901500009252994:
4202210141901520008949585:
4202210141901530009001050:
4202210141901550006020220:
4202210141901560008989437:
4202210141901580004968716:
4202210141902040009000168:
4202210141902060005259965:
4202210141902070004963091:
4202210141902090007411536:
4202210141902110004973514:
4202210141902120004163900:
4202210141902140008923700:
4202210141902150008967379:
4202210141902180004988026:
4202210141902200008923700:
4202210141902210004976000:
4202210141902230004990107:
4202210141902250008923700:
4202210141902260008988241:
4202210141902280005251020:
4202210141902290005248599:
4202210141902310008923700:
4202210141902330005248599:
4202210141902340008990956:
4202210141902360008916472:
4202210141902370008512783:
4202210141902390004965170:
4202210141902400009234249:
4202210141902420004990686:
4202210141902440005270181:
4202210141902450008959757:
4202210141902470008918566:
4202210141902480008915574:
4202210141902500004162160:
4202210141902510009327620:
4202210141902530005255712:
4202210141902560008959814:
4202210141902580009339821:
4202210141902590005272316:
4202210141903010008710875:
4202210141903020005273785:
4202210141903040008494201:
4202210141903100005262049:
4202210141903110008920103:
4202210141903130005257309:
4202210141903220008699709:
4202210141903240008997409:
4202210141903250004965343:
4202210141903270007396382:
4202210141903290008960412:
4202210141903300007396382:
4202210141903320008998170:
4202210141903330008962143:
4202210141903350008989526:
4202210141903370004932608:
4202210141903390008932264:
4202210141903430008989429:
4202210141903450005262049:
4202210141903470004962579:
4202210141903480006033720:
4202210141903500000424146:
4202210141903540008961637:
4202210141903550009002572:
4202210141903570005270982:
4202210141903590008500184:
4202210141904000008916697:
4202210141904020005248389:
4202210141904030005263919:
4202210141904050008499471:
4202210141904060005271892:
4202210141904090006039016:
4202210141904110008991038:
4202210141904120008972647:
4202210141904140004141622:
4202210141904160009351317:
4202210141904220008494267:
4202210141904290004169060:
4202210141904300008511222:
4202210141904320005270075:
4202210141904340008975084:
4202210141904350008978067:
4202210141904400008986773:
4202210141904420008953371:
4202210141904440006015165:
4202210141904460004998074:
4202210141904510004972892:
4202210141904530008991964:
4202210141905010008944551:
4202210141905120005006315:
4202210141905150009247696:
4202210141905170008917728:
4202210141905190006036336:
4202210141905270008494964:
4202210141906080009004443:
4202210141907520005248395:
4202210141909040008997536:
4202210141909220005253450:
4202210142000240004972482:
4202210142001280008966810:
4202210142001310008496149:
4202210142001390008494427:
4202210142001440005251017:
4202210142005110009253842:
4202210142006200007398203:
4202210142008260004968173:
5202210140724590004162742:
5202210140725030005255711:
5202210140728590008698279:
5202210140730080008960134:
5202210140732550008917703:
5202210140733150004972793:
5202210140733340007402194:
5202210140734130004928366:
5202210140737080004959001:
5202210140738010008939109:
5202210140738030008952567:
5202210140738350008494402:
5202210140739080008989429:
5202210140739380004951327:
5202210140739530009306129:
5202210140740070008987527:
5202210140740180009253719:
5202210140741200009305197:
5202210140741220009276680:
5202210140741260009001110:
5202210140741300009000408:
5202210140741330009002528:
5202210140742020009273013:
5202210140742280009002415:
5202210140742320008997298:
5202210140742340005258230:
5202210140742400008997305:
5202210140742580009346707:
5202210140743060008517932:
5202210140743130009001274:
5202210140743180004962761:
5202210140743520008921475:
5202210140743540009287006:
5202210140743550008916501:
5202210140743570009341030:
5202210140744410004934927:
5202210140744540005270003:
5202210140744580009305457:
5202210140745010004957738:
5202210140745030005252150:
5202210140745070008917364:
5202210140745210004165522:
5202210140745250008949626:
5202210140745270005006958:
5202210140745410004989073:
5202210140745450009001306:
5202210140745490008986717:
5202210140745510004989528:
5202210140745540009296798:
5202210140746010004992723:
5202210140746140004154825:
5202210140746160008927874:
5202210140746200004164227:
5202210140746310009291266:
5202210140746560005254539:
5202210140746590008694659:
5202210140747100004966802:
5202210140747180008932260:
5202210140747370008960341:
5202210140747460004997809:
5202210140747480009352009:
5202210140747580004951445:
5202210140748040004165524:
5202210140748070008998167:
5202210140748110004994074:
5202210140748260008997241:
5202210140748280008991648:
5202210140748290008991197:
5202210140748340005270178:
5202210140748520008991003:
5202210140748540004605842:
5202210140748570008934556:
5202210140748590005256125:
5202210140749170008996273:
5202210140749210004963630:
5202210140749290008960121:
5202210140749420004975531:
5202210140749490004998138:
5202210140749510009346362:
5202210140749520008935038:
5202210140750170004163901:
5202210140750200005268163:
5202210140750220008709011:
5202210140750230005270419:
5202210140750250008960178:
5202210140750270006014941:
5202210140750290008949614:
5202210140750360008972647:
5202210140750380005253082:
5202210140750400008982515:
5202210140750420004163904:
5202210140750440004924019:
5202210140750460004932362:
5202210140750480005001068:
5202210140750500008964280:
5202210140750510008959815:
5202210140750540008940154:
5202210140751010008977647:
5202210140751030008920118:
5202210140751120008677569:
5202210140751130008989437:
5202210140751160004976589:
5202210140751180008991967:
5202210140751210009346170:
5202210140751231513645885:
5202210140751250008921781:
5202210140751270008997336:
5202210140751310008718216:
5202210140751330009001249:
5202210140751360009051325:
5202210140751370008985017:
5202210140751390009339794:
5202210140751410004962579:
5202210140751420004949833:
5202210140751520008944551:
5202210140751540006018005:
5202210140751560009354401:
5202210140751580008951863:
5202210140752000009233710:
5202210140752010009295891:
5202210140752040003920040:
5202210140752060009226429:
5202210140752100005272907:
5202210140752140004968298:
5202210140752180009234480:
5202210140752190008503171:
5202210140752210008959774:
5202210140752230008513950:
5202210140752260008954065:
5202210140752340008502984:
5202210140752390005248395:
5202210140752410008998020:
5202210140752430008954144:
5202210140752450008978946:
5202210140752530005270418:
5202210140752540004969965:
5202210140752580005261506:
5202210140753070008692450:
5202210140753130004980727:
5202210140753141513409863:
5202210140753160008500113:
5202210140753180008995322:
5202210140753200006037924:
5202210140753220008970469:
5202210140753230003137990:
5202210140753250004950845:
5202210140753260005265555:
5202210140753280008951990:
5202210140753290008996251:
5202210140753300008496310:
5202210140753320009285700:
5202210140753340008976381:
5202210140753370008913993:
5202210140753400004946192:
5202210140753430000442293:
5202210140753510006028797:
5202210140753550007412611:
5202210140753580004155440:
5202210140754010009297056:
5202210140754050009000048:
5202210140754070008498021:
5202210140754100005258489:
5202210140754120008921990:
5202210140754140006016252:
5202210140754160008934530:
5202210140754180009001159:
5202210140754190001108277:
5202210140754210005248598:
5202210140754250008949625:
5202210140754280009282809:
5202210140754300005005056:
5202210140754310009283323:
5202210140754330008995241:
5202210140754350009351308:
5202210140754360008979599:
5202210140754380008686301:
5202210140754390008512216:
5202210140754410007402500:
5202210140754440008699606:
5202210140754450008501795:
5202210140754470008506074:
5202210140754480005249650:
5202210140754500000424167:
5202210140754520004158137:
5202210140754550008917809:
5202210140754560005270000:
5202210140754580005262555:
5202210140755000004934727:
5202210140755010008958172:
5202210140755030005272316:
5202210140755040008918393:
5202210140755060008510090:
5202210140755070005267056:
5202210140755090006028953:
5202210140755120004967416:
5202210140755140006022158:
5202210140755160006025807:
5202210140755170009324076:
5202210140755190009326612:
5202210140755210005272229:
5202210140755220006033090:
5202210140755250004924182:
5202210140755270008960798:
5202210140755290008946846:
5202210140755310008937801:
5202210140755320008916457:
5202210140755340009342962:
5202210140755360008937001:
5202210140755370008967352:
5202210140755390008977550:
5202210140755400009339219:
5202210140755420004927365:
5202210140755430008499208:
5202210140755450004967900:
5202210140755460009226433:
5202210140755480008935006:
5202210140755500004968761:
5202210140755510005261060:
5202210140755530005005063:
5202210140755550004964878:
5202210140755560009286616:
5202210140755580004930608:
5202210140756000008959814:
5202210140756010009254908:
5202210140756030006030118:
5202210140756040008942549:
5202210140756060004968178:
5202210140756080004953788:
5202210140756090004990107:
5202210140756100004974233:
5202210140756120009226392:
5202210140756130004987910:
5202210140756150009232651:
5202210140756160005266674:
5202210140756190008966832:
5202210140756210008984882:
5202210140756230006022159:
5202210140756250008921067:
5202210140756260004949101:
5202210140756280009001389:
5202210140756300008493750:
5202210140756320005248389:
5202210140756330008927906:
5202210140756340009005610:
5202210140756370008918685:
5202210140756390006019315:
5202210140756410008998203:
5202210140756430004949598:
5202210140756450005264720:
5202210140756470008959833:
5202210140756490009226448:
5202210140756500008959816:
5202210140756520004929491:
5202210140756540008976993:
5202210140756550005251015:
5202210140756570009226392:
5202210140756590004927306:
5202210140757000009288870:
5202210140757030006018008:
5202210140757050004967379:
5202210140757060008921827:
5202210140757080000431385:
5202210140757100009002685:
5202210140757110009225481:
5202210140757130005248599:
5202210140757140009327620:
5202210140757160008976838:
5202210140757180004994575:
5202210140757190005252016:
5202210140757210009247696:
5202210140757230008997404:
5202210140757250009246202:
5202210140757260008511222:
5202210140757280004158333:
5202210140757300009343592:
5202210140757310009240533:
5202210140757330008692560:
5202210140757340005251361:
5202210140757360008961541:
5202210140757370008966787:
5202210140757390004958690:
5202210140757420008499471:
5202210140757440008506912:
5202210140757460008968526:
5202210140757470005250567:
5202210140757490004596347:
5202210140757510008985249:
5202210140757530005012521:
5202210140757550004596347:
5202210140757570009280491:
5202210140757590005262049:
5202210140758010008500184:
5202210140758020005251556:
5202210140758040008952632:
5202210140758060004960160:
5202210140758070008942604:
5202210140758090004937089:
5202210140758110009282114:
5202210140758120004163902:
5202210140758140005254715:
5202210140758160009004443:
5202210140758170009308083:
5202210140758180005255626:
5202210140758200008709393:
5202210140758210008942559:
5202210140758230006024859:
5202210140758240004927727:
5202210140758270009339837:
5202210140758280008923688:
5202210140758310008997536:
5202210140758390008936999:
5202210140758410005251014:
5202210140758450008966815:
5202210140758480005266099:
5202210140758530008921650:
5202210140758560004966449:
5202210140758580004952773:
5202210140759000008918437:
5202210140759030006039974:
5202210140759050004991241:
5202210140759070005266100:
5202210140759080008988469:
5202210140759100008696238:
5202210140759120005257310:
5202210140759300001083110:
5202210140759360005267345:
5202210140759390005270002:
5202210140800130009335539:
5202210140800340008969268:
5202210140800370007414082:
5202210140801290008923926:
5202210140801310008506632:
5202210140801320008698795:
5202210140801340005253450:
5202210140801500008510378:
5202210140802040004969598:
5202210140802570004157829:
5202210140803320005272291:
5202210140804110004964545:
5202210140804410004964407:
5202210141701210005248598:
5202210141701280008981626:
5202210141701360004965968:
5202210141701450008686663:
5202210141701480005012405:
5202210141702000004929491:
5202210141702070008976441:
5202210141702230008986390:
5202210141702250008932260:
5202210141702270005266674:
5202210141703040008984882:
5202210141703080008949249:
5202210141703100004923016:
5202210141703130009001159:
5202210141703150004960160:
5202210141703180008923933:
5202210141703210008969522:
5202210141703220009339794:
5202210141703250008991648:
5202210141703270009226433:
5202210141703320005251361:
5202210141703350008992097:
5202210141703390005272907:
5202210141703420008934717:
5202210141703430005248390:
5202210141703450009226448:
5202210141703470009282114:
5202210141703490005262555:
5202210141703500004159579:
5202210141703530009005610:
5202210141703540008968526:
5202210141703560004954665:
5202210141703580005272226:
5202210141703590008923688:
5202210141704030008959774:
5202210141704040008492776:
5202210141704060005009382:
5202210141704070006025807:
5202210141704090008937083:
5202210141704110004162748:
5202210141704120008992114:
5202210141704140008496367:
5202210141704150005253082:
5202210141704170009002528:
5202210141704200005261506:
5202210141704230008918411:
5202210141704250004162750:
5202210141704280009287006:
5202210141704310004949833:
5202210141704330008975427:
5202210141704350005270419:
5202210141704380008996273:
5202210141704390008978529:
5202210141704420004993146:
5202210141704440004155438:
5202210141704450009004051:
5202210141704470008932440:
5202210141704480009066727:
5202210141704500009253719:
5202210141704510004165522:
5202210141704540005270418:
5202210141704550008958172:
5202210141704560008967059:
5202210141704580008918393:
5202210141705000008709369:
5202210141705020005249650:
5202210141705070003137964:
5202210141705120009339828:
5202210141705130004961787:
5202210141705150004996445:
5202210141705200008936992:
5202210141705220005251014:
5202210141705250004158136:
5202210141705260004946192:
5202210141705280008954444:
5202210141705300008966832:
5202210141705320005261578:
5202210141705330005265555:
5202210141705350009001274:
5202210141705370009273013:
5202210141705390005249720:
5202210141705400005255628:
5202210141705420009002685:
5202210141705430004969965:
5202210141705450009226429:
5202210141705470004986846:
5202210141705480004937122:
5202210141705500008946732:
5202210141705520003126381:
5202210141705550009252946:
5202210141705570001087528:
5202210141706070008921067:
5202210141706100004958069:
5202210141706150008949626:
5202210141706230008932258:
5202210141706260008950354:
5202210141706270005248391:
5202210141706340004965482:
5202210141707080009000149:
5202210141707300004165890:
5202210141707310008936935:
5202210141708230005254711:
5202210141708520009340817:
5202210141708560008949249:
5202210141709560007412611:
5202210141701290004162742:
5202210141701480005251556:
5202210141702400005272191:
5202210141705190008942559:
5202210141709110009273026:
5202210141707170004991241:
5202210141700230008987527:
5202210141701530009002415:
5202210141739130005007161:
5202210141739200004967002:
5202210141739240005248504:
5202210141750330004947963:
5202210141752520008923926:
5202210141800170006018008:
5202210141805030005266099:
5202210141808060009305197:
5202210141809500006019315:
5202210141807010009331044:
5202210141840400005257310:
5202210141840420005255626:
5202210141850370008506632:
5202210141855190005263012:
5202210141859580006033000:
5202210141900040008997404:
5202210141900060008942604:
5202210141900090008921827:
5202210141900110008686301:
5202210141900130004968592:
5202210141900140006030145:
5202210141900160008954490:
5202210141900180008921819:
5202210141900230008943753:
5202210141900280006014941:
5202210141901030008989534:
5202210141901050009003647:
5202210141901070008703693:
5202210141901080004988205:
5202210141901100008959312:
5202210141901120008918685:
5202210141901140005268163:
5202210141901150004930974:
5202210141901170009286616:
5202210141901190005266100:
5202210141901200008932027:
5202210141901220006036994:
5202210141901240006021994:
5202210141901260004926646:
5202210141901270006021994:
5202210141901290006036994:
5202210141901300009290264:
5202210141901320009304100:
5202210141901340008951990:
5202210141901350008978363:
5202210141901370008952567:
5202210141901380004981013:
5202210141901400004993672:
5202210141901410009292038:
5202210141901430008984842:
5202210141901440006040284:
5202210141901460008492065:
5202210141901480008960121:
5202210141901500008921650:
5202210141901520008920118:
5202210141901540008958211:
5202210141901550008493092:
5202210141901570004968178:
5202210141901580008921772:
5202210141902000008959338:
5202210141902010005272908:
5202210141902030008714113:
5202210141902040008951280:
5202210141902060009254908:
5202210141902090004961532:
5202210141902100005272292:
5202210141902120004965866:
5202210141902130004966490:
5202210141902160008917343:
5202210141902170006030130:
5202210141902190004154154:
5202210141902220005262500:
5202210141902240008954096:
5202210141902250004952169:
5202210141902270008954400:
5202210141902290005006958:
5202210141902310009002575:
5202210141902330008991239:
5202210141902340006028799:
5202210141902360008960401:
5202210141902370004927306:
5202210141902390008949220:
5202210141902400008506766:
5202210141902430001097762:
5202210141902460005270000:
5202210141902470009296878:
5202210141902490004927727:
5202210141902510006018005:
5202210141902530004179472:
5202210141902540004968716:
5202210141902560004949598:
5202210141902580005252149:
5202210141902590008997793:
5202210141903010005249706:
5202210141903020004604852:
5202210141903040004599832:
5202210141903060004605849:
5202210141903080006028797:
5202210141903090005252070:
5202210141903120009343567:
5202210141903140009276680:
5202210141903160009001110:
5202210141903180008953914:
5202210141903200004162162:
5202210141903210008949593:
5202210141903250008959322:
5202210141903280004990107:
5202210141903290008923700:
5202210141903310005271893:
5202210141903330009240533:
5202210141903340008692560:
5202210141903360005248599:
5202210141903380008916472:
5202210141903390008916457:
5202210141903420009226447:
5202210141903430005252072:
5202210141903510004990686:
5202210141903580008959814:
5202210141904120004164230:
5202210141904130004936685:
5202210141904150005264312:
5202210141904160005258230:
5202210141904180008991601:
5202210141904430008986394:
5202210141904450008999338:
5202210141904490004962579:
5202210141905070008972647:
5202210141905550009327615:
5202210141906090004998074:
5202210141906310005259619:
5202210141906360006016275:
5202210141907050007410282:
5202210141907090004924182:
5202210141907110008927906:
5202210141907160008917809:
5202210141907190008699606:
5202210141907220004982239:
5202210141907240004155439:
5202210141907250004966050:
5202210141907270005256125:
5202210141907280008977159:
5202210141907300007402523:
5202210141907320008493750:
5202210141907340008940154:
5202210141907360008499208:
5202210141907370004998138:
5202210141907390009226826:
5202210141907410008958163:
5202210141907430009346708:
5202210141907440008967368:
5202210141907460004975531:
5202210141907480004605842:
5202210141908020004934927:
5202210141908140008510090:
5202210141908180009343592:
5202210141908200004969384:
5202210141908280004162433:
5202210141908300006036993:
5202210141908330004963035:
5202210141908350005270003:
5202210141908390005272110:
5202210141908410008960134:
5202210141908440005270001:
5202210141908460009295891:
5202210141908480008985017:
5202210141908560008949625:
5202210141909050008997336:
5202210141909070008920296:
5202210141909080008949852:
5202210141909100008998167:
5202210141909120004932362:
5202210141909140008958218:
5202210141909160008913993:
5202210141909180008958696:
5202210141909200005258489:
5202210141909220008921990:
5202210141909250009346362:
5202210141909370004989528:
5202210141909400006041715:
5202210141909410008917776:
5202210141909440000442293:
5202210141909460008917703:
5202210141909490008921475:
5202210141909510008960341:
5202210141909530008986717:
5202210141909560008939109:
5202210141900020009339803:
5202210141900040005249645:
5202210141900140009341030:
5202210141900180009306129:
5202210141900320008955137:
5202210141900480004989551:
5202210141901360004951445:
5202210141901390004927365:
5202210141901510004997809:
5202210141901530004157829:
5202210141901560009346170:
5202210141902020009341030:
5202210141902070005272229:
5202210141902220009000048:
5202210141902300009230754:
5202210141902340008964280:
5202210141902480006033090:
5202210141902510008978946:
5202210141902570009354401:
5202210141902590004155440:
5202210141903000008965669:
5202210141903030008961750:
5202210141903080004163904:
5202210141903230008921781:
5202210141903260008977647:
5202210141903410006039969:
5202210141904290008940309:
5202210141905040008960798:
5202210141905060009305457:
5202210141905080004962761:
5202210141906070009346707:
5202210141906230006037924:
5202210141906290003920040:
5202210141902260005248503:
5202210141902460008946846:
5202210141904070008960179:
5202210141904120008937014:
5202210141904170004951327:
5202210141906440008970531:
5202210141902110008932952:
5202210141952500009001249:
5202210142000150005249648:
5202210142000380008985017:
5202210142000400008956976:
5202210142000460004968004:
5202210142001250004596347:
5202210142001410008991003:
5202210142001440004924019:
5202210142001470004964719:
5202210142001480004167848:
5202210142001530008942549:
5202210142002070004599825:
5202210142002170009233710:
5202210142002190008967352:
5202210142002210001083110:
5202210142002240008954144:
5202210142002330007402194:
5202210142002350004928366:
5202210142002370008513950:
5202210142002390003137990:
5202210142002470005252150:
5202210142003100008916841:
5202210142003271513645885:
5202210142003280008949614:
5202210142003300004980727:
5202210142003310009051325:
5202210142003330004994074:
5202210142003360004968298:
5202210142003390008985017:
5202210142003430008956976:
5202210142003510004934727:
5202210142004080008935006:
5202210142004290005005056:
5202210142004320009282809:
5202210142004350004992723:
5202210142004400008917364:
5202210142004420009225481:
5202210142004440008995322:
5202210142004460004989073:
5202210142004480008988469:
5202210142004570004963630:
5202210142005040008934556:
5202210142005190005270178:
5202210142005220009230781:
5202210142005240004970618:
5202210142005370008997298:
5202210142005400008997305:
5202210142005420008959815:
5202210142005430004163901:
5202210142005550009000408:
5202210142006060008492636:
5202210142007390008954065:
5202210142000040009226412:
5202210142002050008718216:
5202210142002080004950845:
5202210142002120009351308:
5202210142003180008923905:
5202210142005370009001306:
5202210142006590008998778:
5202210142007040009252984:
5202210142007260005255711:
5202210142007520008936940:
5202210142002000005259638:
5202210142002030006039993:
5202210142036230008502984:
5202210142104330008494402:
5202210142106520008936972:
5202210142107460008500113:
5202210142109230008706494:
5202210142249450008500113:
5202210142303390008970469:
5202210142306500005268448:
6202210140725150005272915:
6202210140729140004946775:
6202210140729170004992307:
6202210140731030005258214:
6202210140731460005254930:
6202210140732380008981281:
6202210140733580006031526:
6202210140734020004968173:
6202210140734090008946732:
6202210140735080005270415:
6202210140736080009002770:
6202210140736140005268164:
6202210140737070005257617:
6202210140737380008943401:
6202210140737420004179472:
6202210140737440004961644:
6202210140737590008494910:
6202210140738030008493092:
6202210140738300008953914:
6202210140738330008696894:
6202210140739310008989429:
6202210140740070004605849:
6202210140740390009253719:
6202210140740540004968716:
6202210140741270005258757:
6202210140741440005272916:
6202210140742070009276680:
6202210140742120009001110:
6202210140742130008960401:
6202210140742170006016275:
6202210140742220008953960:
6202210140742240006040284:
6202210140742300009273013:
6202210140742490004990979:
6202210140742530005258230:
6202210140742560004158136:
6202210140742580004965866:
6202210140743000005262500:
6202210140743030008958098:
6202210140743080005257315:
6202210140743500004604852:
6202210140744020008508441:
6202210140744080007402498:
6202210140744120008954159:
6202210140744140000431430:
6202210140744190005252149:
6202210140744240008914089:
6202210140744300004952229:
6202210140744440008992097:
6202210140744470008959322:
6202210140744570008704914:
6202210140745180005009715:
6202210140745320005271892:
6202210140745350004988205:
6202210140745380008679943:
6202210140745430008949626:
6202210140745470005006958:
6202210140745520008925084:
6202210140745540008937083:
6202210140745580004998074:
6202210140746020004951177:
6202210140746040008499805:
6202210140746120004928616:
6202210140746150003126381:
6202210140746280008494910:
6202210140746520004162748:
6202210140747220004938474:
6202210140747250005254539:
6202210140747370008932260:
6202210140747410006022160:
6202210140747420004966750:
6202210140747440008979710:
6202210140747470001088074:
6202210140747500009283499:
6202210140747570004165753:
6202210140748000008954400:
6202210140748020008986193:
6202210140748070008954400:
6202210140748180008996540:
6202210140748200004163899:
6202210140748240004961787:
6202210140748270005255716:
6202210140748300005263444:
6202210140748360008921659:
6202210140748390004926646:
6202210140748440008997568:
6202210140748470008991197:
6202210140748550004967296:
6202210140749130005258469:
6202210140749210005254931:
6202210140749230008931904:
6202210140749480008960121:
6202210140750040008949249:
6202210140750070005268451:
6202210140750090004961532:
6202210140750110009252946:
6202210140750130005273379:
6202210140750160005253081:
6202210140750180006023666:
6202210140750210008917487:
6202210140750230009002727:
6202210140750250004936685:
6202210140750270008917544:
6202210140750300004162750:
6202210140750340008932994:
6202210140750360008978936:
6202210140750380004948548:
6202210140750410008960178:
6202210140750440005008853:
6202210140750500000424146:
6202210140750520005253082:
6202210140750550008982515:
6202210140751040005001068:
6202210140751210008967647:
6202210140751250004926757:
6202210140751290008932264:
6202210140751350005264312:
6202210140751380004976589:
6202210140751400009001271:
6202210140751420009296878:
6202210140751450004159579:
6202210140751470009232629:
6202210140751490004164230:
6202210140751530008954096:
6202210140751560008994824:
6202210140751590004165529:
6202210140752020004962579:
6202210140752050009339794:
6202210140752130005254707:
6202210140752140005248396:
6202210140752160008917764:
6202210140752180008913988:
6202210140752210009304100:
6202210140752240009226429:
6202210140752260009079143:
6202210140752280005255628:
6202210140752300005272907:
6202210140752320008979659:
6202210140752340008683421:
6202210140752360005264381:
6202210140752390008991239:
6202210140752420008934717:
6202210140752440008986998:
6202210140752450008921868:
6202210140752490004162160:
6202210140752520005249720:
6202210140752550005249706:
6202210140752570009343567:
6202210140752580005262554:
6202210140753000008932537:
6202210140753020004947445:
6202210140753070008936992:
6202210140753080004165891:
6202210140753110005270418:
6202210140753130004165890:
6202210140753150004969965:
6202210140753200005257309:
6202210140753230008997366:
6202210140753260008997793:
6202210140753280008961538:
6202210140753300009330829:
6202210140753320004160011:
6202210140753350008977075:
6202210140753370005257308:
6202210140753410004952169:
6202210140753440005265555:
6202210140753450008967059:
6202210140753470008958106:
6202210140753490005264726:
6202210140753510008951990:
6202210140753530008953960:
6202210140753560005248395:
6202210140753580008969395:
6202210140753590008932048:
6202210140754010004946192:
6202210140754020008976381:
6202210140754050005248878:
6202210140754110005262050:
6202210140754140008916532:
6202210140754160008698315:
6202210140754180007412611:
6202210140754200004975690:
6202210140754240006037288:
6202210140754280008917343:
6202210140754310006016252:
6202210140754330005266587:
6202210140754350006021994:
6202210140754370004162162:
6202210140754380005268314:
6202210140754400008431645:
6202210140754420009324879:
6202210140754440005263920:
6202210140754510009343384:
6202210140754530009343567:
6202210140754560007398908:
6202210140754580005261504:
6202210140755030008920127:
6202210140755070008969360:
6202210140755120004941773:
6202210140755150004977423:
6202210140755170008954444:
6202210140755190005254712:
6202210140755210008981626:
6202210140755220008958172:
6202210140755240008964730:
6202210140755250004965031:
6202210140755270008918393:
6202210140755280008959338:
6202210140755300005267056:
6202210140755310005272371:
6202210140755330004599827:
6202210140755340005272190:
6202210140755360008518736:
6202210140755390008699992:
6202210140755410006025807:
6202210140755420008709488:
6202210140755440008693920:
6202210140755450001114611:
6202210140755470005249722:
6202210140755480005270772:
6202210140755500009325535:
6202210140755510004923016:
6202210140755530001087528:
6202210140755550005253569:
6202210140755570005261578:
6202210140755590005272290:
6202210140756000004958069:
6202210140756020009233704:
6202210140756040008921772:
6202210140756050009232653:
6202210140756070008951706:
6202210140756080008986224:
6202210140756100004602277:
6202210140756120005270416:
6202210140756140008920296:
6202210140756160006039510:
6202210140756170009000149:
6202210140756190008923976:
6202210140756210004160313:
6202210140756220008918411:
6202210140756240005005063:
6202210140756260005261060:
6202210140756280004964878:
6202210140756290008992127:
6202210140756310009254908:
6202210140756340004167842:
6202210140756380008693892:
6202210140756400004599514:
6202210140756420008997226:
6202210140756440005252996:
6202210140756460008923718:
6202210140756480009001389:
6202210140756510008984882:
6202210140756530001097762:
6202210140756580008918685:
6202210140757010008949237:
6202210140757060008932258:
6202210140757110007419049:
6202210140757140008959816:
6202210140757160008915469:
6202210140757180008986394:
6202210140757200009331842:
6202210140757220005273377:
6202210140757250005248390:
6202210140757260004967379:
6202210140757340009002685:
6202210140757370008984829:
6202210140757390005254706:
6202210140757410008923933:
6202210140757440008492776:
6202210140757460008992114:
6202210140757510005270006:
6202210140757540009240533:
6202210140757560008692560:
6202210140757590008961541:
6202210140758020003132773:
6202210140758040008968526:
6202210140758070006018006:
6202210140758090004167849:
6202210140758110009348748:
6202210140758130009254212:
6202210140758140005252022:
6202210140758170004162428:
6202210140758210004966490:
6202210140758250006033720:
6202210140758340005272292:
6202210140758350009322590:
6202210140758370005254715:
6202210140758420004927727:
6202210140758480004155434:
6202210140758500008686117:
6202210140758550008992120:
6202210140758570005251014:
6202210140759020005272911:
6202210140759060004936854:
6202210140759160005268449:
6202210140759230005248877:
6202210140800280006042277:
6202210140800530009339211:
6202210140801400009348762:
6202210140902570009279594:
6202210141701080008981626:
6202210141701340006039507:
6202210141701580008995241:
6202210141702020004938474:
6202210141702040009001389:
6202210141702070008932260:
6202210141702090008499149:
6202210141702110005270006:
6202210141702140005257315:
6202210141702220005270772:
6202210141702260005258227:
6202210141702290005272916:
6202210141702320005248396:
6202210141702340008501795:
6202210141702360008984882:
6202210141702380008917544:
6202210141702410004951177:
6202210141702430009349986:
6202210141702440008986998:
6202210141702460004923016:
6202210141702500009232653:
6202210141702510005272190:
6202210141702540005248878:
6202210141702560008914089:
6202210141702580008960178:
6202210141703000008951706:
6202210141703020007398908:
6202210141703030008967647:
6202210141703050005272907:
6202210141703090008992097:
6202210141703110008704914:
6202210141703130008934717:
6202210141703150009278808:
6202210141703170009283499:
6202210141703190001114611:
6202210141703220008918411:
6202210141703230004159579:
6202210141703250008997366:
6202210141703270009282114:
6202210141703290008492776:
6202210141703310005262050:
6202210141703330005272290:
6202210141703350006025807:
6202210141703370008933268:
6202210141703380008921659:
6202210141703410008920127:
6202210141703440008976381:
6202210141703460006037288:
6202210141703490005257308:
6202210141703510008992114:
6202210141703530008979710:
6202210141703550004941773:
6202210141703570005253082:
6202210141703590004158136:
6202210141704010008982515:
6202210141704040008937001:
6202210141704050008709393:
6202210141704080005009715:
6202210141704090004994314:
6202210141704120009233704:
6202210141704140008949237:
6202210141704170008494910:
6202210141704200004947445:
6202210141704210004946775:
6202210141704230005270418:
6202210141704240004961644:
6202210141704260005257617:
6202210141704280008967059:
6202210141704290005254712:
6202210141704320008958172:
6202210141704340005268162:
6202210141704360008918393:
6202210141704370005270415:
6202210141704400004964878:
6202210141704410004967379:
6202210141704430004964878:
6202210141704440004948548:
6202210141704460009339837:
6202210141704480004946192:
6202210141704500004961787:
6202210141704510005266587:
6202210141704530008506074:
6202210141704540009289101:
6202210141704560004996445:
6202210141704570005008853:
6202210141704590004975690:
6202210141705020006016252:
6202210141705040008923718:
6202210141705060005258469:
6202210141705080005265555:
6202210141705100005261578:
6202210141705120005255628:
6202210141705140009002685:
6202210141705160004969965:
6202210141705180004986846:
6202210141705200008499805:
6202210141705220009226429:
6202210141705250004928616:
6202210141705270008946732:
6202210141705300009252946:
6202210141705330005272911:
6202210141705360003126381:
6202210141705380001087528:
6202210141705410008921067:
6202210141705430008949626:
6202210141705450008931904:
6202210141705480004958069:
6202210141705490009335539:
6202210141705510004968886:
6202210141705540005273377:
6202210141705560008492480:
6202210141706040005254931:
6202210141706270008913988:
6202210141706310005273379:
6202210141706330009000149:
6202210141706360004160011:
6202210141707010005268451:
6202210141707070004160313:
6202210141707090004165890:
6202210141707120000431430:
6202210141707140008923976:
6202210141707170006014943:
6202210141707220005005063:
6202210141707240009330829:
6202210141707260005272915:
6202210141707520008683123:
6202210141708380008994824:
6202210141708470008966840:
6202210141709130006039510:
6202210141709150008921868:
6202210141709190009323999:
6202210141709220007412611:
6202210141709350005270002:
6202210141709580008916532:
6202210141700000005267056:
6202210141703030005258214:
6202210141703200008981281:
6202210141706370008986224:
6202210141709390009298073:
6202210141700100009310727:
6202210141752180006041103:
6202210141754380007407502:
6202210141800020006018008:
6202210141801270004961333:
6202210141801280004929016:
6202210141801340008517783:
6202210141804280004930576:
6202210141804450005266099:
6202210141806170008918414:
6202210141807120008713215:
6202210141807140008500401:
6202210141809040008991197:
6202210141809070008958106:
6202210141801280004923771:
6202210141801000006014349:
6202210141801020009274874:
6202210141806360004992307:
6202210141804570004923771:
6202210141840470008974271:
6202210141849580009002770:
6202210141854350005261061:
6202210141900030004966903:
6202210141900060006014941:
6202210141900080008506597:
6202210141900100008966866:
6202210141900310009324637:
6202210141900510009286616:
6202210141900530004926646:
6202210141900550005266100:
6202210141900570008961538:
6202210141900580008960168:
6202210141901000006021994:
6202210141901010008696238:
6202210141901030009304100:
6202210141901050008951990:
6202210141901070004976589:
6202210141901080004602277:
6202210141901100005272371:
6202210141901120008977075:
6202210141901140008978936:
6202210141901150008976963:
6202210141901170004990979:
6202210141901180008921650:
6202210141901200008969360:
6202210141901220005270416:
6202210141901230004968178:
6202210141901250008953960:
6202210141901260009348543:
6202210141901280008954400:
6202210141901300008917343:
6202210141901320008493092:
6202210141901340008964730:
6202210141901350008932537:
6202210141901370005272292:
6202210141901380009254908:
6202210141901400004961532:
6202210141901410008986193:
6202210141901430004966490:
6202210141901450008964730:
6202210141901460008959816:
6202210141901480005258472:
6202210141901500006018006:
6202210141901520005262500:
6202210141901540008991239:
6202210141901560008954096:
6202210141901580005262500:
6202210141902000004952169:
6202210141902010004167842:
6202210141902030009002575:
6202210141902040005262554:
6202210141902060004165891:
6202210141902090008997793:
6202210141902110005264726:
6202210141902130001097762:
6202210141902160009296878:
6202210141902180001088074:
6202210141902200001097762:
6202210141902220005009021:
6202210141902230004927727:
6202210141902250004179472:
6202210141902260008996540:
6202210141902280008923736:
6202210141902290004949598:
6202210141902320004599827:
6202210141902330008923736:
6202210141902350004599827:
6202210141902360005258757:
6202210141902380005249706:
6202210141902390009232629:
6202210141902410005264381:
6202210141902420004604852:
6202210141902440009276680:
6202210141902450009343567:
6202210141902470009002727:
6202210141902480004605849:
6202210141902500009001110:
6202210141902510008683421:
6202210141902530008953914:
6202210141902550004967296:
6202210141902570007407459:
6202210141902590008915469:
6202210141903000008992127:
6202210141903020007419049:
6202210141903040008959322:
6202210141903060009240533:
6202210141903080006022160:
6202210141903090008692560:
6202210141903110008491901:
6202210141903120005252072:
6202210141903140008979659:
6202210141903160004966750:
6202210141903170005250567:
6202210141903190009226447:
6202210141903200005252072:
6202210141903220005263444:
6202210141903250005254539:
6202210141903270004927029:
6202210141903290004162135:
6202210141903310008431645:
6202210141903330004968761:
6202210141903350004165529:
6202210141903370004936685:
6202210141903390008958098:
6202210141903410005258230:
6202210141903440008936999:
6202210141903460004164230:
6202210141903500005264312:
6202210141903530009001271:
6202210141903550004926757:
6202210141903570004937089:
6202210141903590008696894:
6202210141904011513409863:
6202210141904050008954159:
6202210141904130004962972:
6202210141904160008942308:
6202210141904180009324879:
6202210141904200004937930:
6202210141904220009281928:
6202210141904260005263920:
6202210141904300008967751:
6202210141904330008697594:
6202210141904350008917764:
6202210141904380005012521:
6202210141904420008989429:
6202210141904440008711197:
6202210141904460006033720:
6202210141904470008961541:
6202210141904520009348762:
6202210141904530008507829:
6202210141904550008692742:
6202210141904580006030118:
6202210141905020009339211:
6202210141905040005267345:
6202210141905120009226963:
6202210141905150004994575:
6202210141905170005253081:
6202210141905180006036876:
6202210141905220005270175:
6202210141905240008916557:
6202210141905270008510378:
6202210141905410004998074:
6202210141905450008500493:
6202210141905470008997568:
6202210141905520008974060:
6202210141906060008508441:
6202210141906140005259619:
6202210141906220006016275:
6202210141907040008986878:
6202210141908390005248395:
6202210141908550004163902:
6202210141908570008979599:
6202210141909370005254930:
6202210141900520008703345:
6202210141901410009322682:
6202210141935230006010458:
6202210141953560009282101:
6202210142001180008916585:
6202210142002030008917826:
6202210142002550004596345:
6202210142002580008698315:
6202210142003020005254706:
6202210142004060008925084:
6202210142005210004165753:
6202210142005370005264549:
6202210142006030004966438:
6202210142006240007402498:
6202210142006260008918021:
6202210142006570004967900:
6202210142007350007398203:
6202210142008140005264375:
6202210142001460004964545:
6202210142201040008509806:
8202210140736330006031524:
8202210140738120009000168:
8202210140741520008692742:
8202210140742050004159570:
8202210140742580005267444:
8202210140743040004179142:
8202210140743090006028957:
8202210140743100006015165:
8202210140743120006039016:
8202210140744040008939115:
8202210140744060005270720:
8202210140744080004154147:
8202210140744110005270720:
8202210140744240004154153:
8202210140744280009002606:
8202210140744540008952567:
8202210140745590009299920:
8202210140746250008988241:
8202210140746350004965170:
8202210140746370005248457:
8202210140746390008500626:
8202210140746420007396382:
8202210140747240008950400:
8202210140747290008917826:
8202210140747330008511681:
8202210140747350004963091:
8202210140747590004929419:
8202210140748010008997409:
8202210140748260008932027:
8202210140748310007409900:
8202210140748340004968592:
8202210140749190008958210:
8202210140749380009324629:
8202210140749410009301802:
8202210140749560005254737:
8202210140749580004973514:
8202210140750210004935891:
8202210140750290009273291:
8202210140750370009002572:
8202210140750510008978363:
8202210140750560004968250:
8202210140751010008991964:
8202210140751060009273291:
8202210140751140005250568:
8202210140751170008998170:
8202210140751200008496149:
8202210140751260008512783:
8202210140751400004976000:
8202210140751460004990686:
8202210140751500008494427:
8202210140751590009278862:
8202210140752030005251017:
8202210140752090008964309:
8202210140752140008918566:
8202210140752160009324118:
8202210140752180004927575:
8202210140752210005006315:
8202210140752240008504234:
8202210140752440004991542:
8202210140752500008966810:
8202210140752530009234484:
8202210140752580004952531:
8202210140753130009296645:
8202210140753160009253842:
8202210140753240008677903:
8202210140753380004958669:
8202210140753450008953371:
8202210140753480008986773:
8202210140753500008942542:
8202210140753530006036994:
8202210140753550008949319:
8202210140753570009250787:
8202210140753590008494267:
8202210140754030008953473:
8202210140754070008916557:
8202210140754080008509806:
8202210140754220008950897:
8202210140754290009234249:
8202210140754370004169060:
8202210140754390003126360:
8202210140754420004941508:
8202210140754500005259965:
8202210140754510007407459:
8202210140754540009252994:
8202210140754560004936556:
8202210140754590004966438:
8202210140755070004972892:
8202210140755210009234457:
8202210140755250008699709:
8202210140755270006028799:
8202210140755280008962143:
8202210140755300008710875:
8202210140755440004953437:
8202210140755460008975399:
8202210140755480008961637:
8202210140755500008916697:
8202210140755540004953650:
8202210140755570008975084:
8202210140756020008708048:
8202210140756040004965343:
8202210140756060005259619:
8202210140756100001087543:
8202210140756120004605843:
8202210140756130008990956:
8202210140756150005270075:
8202210140756190008967379:
8202210140756210004963073:
8202210140756270007401131:
8202210140756280004972482:
8202210140756340009341742:
8202210140756370006022158:
8202210140756400005264375:
8202210140756430008933249:
8202210140756530005255712:
8202210140756560008960159:
8202210140757110009326600:
8202210140757160008494201:
8202210140757180004163900:
8202210140757200004951868:
8202210140757220008959814:
8202210140757240009339821:
8202210140757470005248389:
8202210140757510005251020:
8202210140757540009001050:
8202210140757560009226448:
8202210140757590008959833:
8202210140758050008506766:
8202210140758190005270181:
8202210140758420009247696:
8202210140758440005252028:
8202210141701060008504234:
8202210141701100008966815:
8202210141701140004154153:
8202210141701160004154147:
8202210141701180005270720:
8202210141701200005250568:
8202210141701220004952531:
8202210141701460009226448:
8202210141702030001087543:
8202210141702090005251022:
8202210141702390008975428:
8202210141704010006024859:
8202210141706260009324118:
8202210141707240008933249:
8202210141700260005251556:
8202210141702150004605843:
8202210141704170008942559:
8202210141705430005254424:
8202210141745550008918437:
8202210141858130005264374:
8202210141900000004958669:
8202210141900010004963073:
8202210141900030008950897:
8202210141900040008942210:
8202210141900060004936688:
8202210141900080007409900:
8202210141900140004953650:
8202210141900150008964309:
8202210141900170007401131:
8202210141900180008995260:
8202210141900190004936413:
8202210141900210008995260:
8202210141900250005254737:
8202210141900270009234457:
8202210141900280008958210:
8202210141900300009324629:
8202210141900310009002736:
8202210141900330008974024:
8202210141900350000424167:
8202210141900360009326600:
8202210141900380008988448:
8202210141900390006028799:
8202210141900410004987910:
8202210141900420005267444:
8202210141900450008950400:
8202210141900470008699992:
8202210141900500008959833:
8202210141900510004953437:
8202210141900530004164864:
8202210141900540004987744:
8202210141900560009234484:
8202210141900570004987744:
8202210141901000004974233:
8202210141901020004936556:
8202210141901040008693920:
8202210141901050004936556:
8202210141901070004991542:
8202210141901090008709488:
8202210141901110009342981:
8202210141901120008949319:
8202210141901140009342997:
8202210141901160005266872:
8202210141901180009339817:
8202210141901200008953473:
8202210141901220009296645:
8202210141901230009250787:
8202210141901250009001050:
8202210141901270004927575:
8202210141901280009252994:
8202210141901300008949585:
8202210141901310006020220:
8202210141901330006015164:
8202210141901350005251352:
8202210141901370004963091:
8202210141901390008989437:
8202210141901400009000168:
8202210141901420005259965:
8202210141901440008967379:
8202210141901450004973514:
8202210141901470008512783:
8202210141901490004163900:
8202210141901500004988026:
8202210141901530004990107:
8202210141901540009273291:
8202210141901560005251020:
8202210141901580004965170:
8202210141901590008990956:
8202210141902010004976000:
8202210141902020004935891:
8202210141902040008988241:
8202210141902050005248457:
8202210141902070004990686:
8202210141902080009234249:
8202210141902100005263716:
8202210141902110009348748:
8202210141902130006031524:
8202210141902140009322590:
8202210141902160008959757:
8202210141902170008992139:
8202210141902190005270181:
8202210141902200008501835:
8202210141902220008918566:
8202210141902240008915574:
8202210141902250009327620:
8202210141902270004162160:
8202210141902290005255712:
8202210141902300005273785:
8202210141902320009246202:
8202210141902340009339821:
8202210141902350005272316:
8202210141902370005261504:
8202210141902380008494201:
8202210141902400008959814:
8202210141902420008710875:
8202210141902440008500626:
8202210141902460008920103:
8202210141902480004968502:
8202210141902500005257309:
8202210141902510008499867:
8202210141902540008699709:
8202210141902550004953788:
8202210141902570008997409:
8202210141902580007396382:
8202210141903000004965343:
8202210141903020003126360:
8202210141903040008998203:
8202210141903060008960412:
8202210141903080008998170:
8202210141903100006022158:
8202210141903120008962143:
8202210141903130004932608:
8202210141903150008989526:
8202210141903160008959786:
8202210141903180000431385:
8202210141903190005264164:
8202210141903210004953135:
8202210141903220008696388:
8202210141903240009002572:
8202210141903260000424146:
8202210141903270004159570:
8202210141903290008961637:
8202210141903300005270982:
8202210141903320005248389:
8202210141903340008916697:
8202210141903360004968208:
8202210141903370005263919:
8202210141903390008499471:
8202210141903400009253739:
8202210141903420009299920:
8202210141903440009345998:
8202210141903450009301802:
8202210141903460006039016:
8202210141903480008991038:
8202210141903500008972647:
8202210141903510008942542:
8202210141903530009351317:
8202210141903540004141622:
8202210141903560008494267:
8202210141904010005270075:
8202210141904020008494267:
8202210141904040008511222:
8202210141904060004169060:
8202210141904070008978067:
8202210141904090008975084:
8202210141904100008953371:
8202210141904130008986773:
8202210141904140005252028:
8202210141904160004928581:
8202210141904180008997444:
8202210141904200006015165:
8202210141904220004998074:
8202210141904230008944551:
8202210141904250008991964:
8202210141904260004972892:
8202210141904280008944551:
8202210141904400009247696:
8202210141904420008506912:
8202210141904480005006315:
8202210141904500009283323:
8202210141904520006036336:
8202210141904530008917728:
8202210141904560008511681:
8202210141905000008494964:
8202210141905450009004443:
8202210141908410008997536:
8202210141900460004930608:
8202210141958190008917800:
8202210142000020004936058:
8202210142000050004972482:
8202210142000540008496149:
8202210142001090008966810:
8202210142001190008494427:
8202210142001270005251017:
8202210142001510006028957:
8202210142001530009226821:
8202210142002060004977423:
8202210142002100004599830:
8202210142002350008939115:
8202210142002370004990375:
8202210142002390008935006:
8202210142004390004966438:
8202210142004480009253842:
8202210142005530004967900:
8202210142006060005264375:
8202210142008070004968173:
