2202210160009430004948851:
2202210160940570005248393:
2202210160946270008985017:
2202210160952400006016277:
2202210161203350008946846:
2202210161309460005007161:
2202210161641160009313676:
2202210161739500008985017:
4202210160750110007398203:
5202210160102520008509806:
5202210160355440005007161:
5202210160355550008505663:
5202210160356500009285513:
5202210160357050004951327:
5202210160357100006042277:
5202210160834550008946846:
5202210161202500007398203:
5202210161202510008946846:
5202210161202530004967900:
5202210161202580008956976:
5202210161206130008946846:
5202210161401300008917701:
6202210160356430009232376:
6202210160751230007398203:
6202210160752450007402498:
6202210160807470008966866:
6202210160854170005248395:
6202210160854190005252070:
6202210160854220004967900:
6202210161141430008966866:
6202210161202140007402498:
6202210161202200007398203:
6202210161202230005248395:
6202210161202250004967900:
6202210161202270005248395:
6202210161202290005252070:
6202210161900560008966866:
