2202210240719580008934422:
2202210240721030008706494:
2202210240722250008497657:
2202210240730100004966050:
2202210240731330009001227:
2202210240731400008916585:
2202210240731441513646659:
2202210240732580009331044:
2202210240733000004972793:
2202210240733040009331044:
2202210240733150008936997:
2202210240733270005249724:
2202210240733420009282101:
2202210240734540009024226:
2202210240735090004966802:
2202210240735230007421735:
2202210240735290009002415:
2202210240736230008702320:
2202210240736560009307295:
2202210240737130009254926:
2202210240737310004947963:
2202210240737380009246193:
2202210240737540009322682:
2202210240739070008508441:
2202210240739100004933649:
2202210240739350009002088:
2202210240739420006036505:
2202210240739450005267345:
2202210240740000009305197:
2202210240740100009291663:
2202210240740540005258472:
2202210240741210009339211:
2202210240741340004605848:
2202210240741410005252149:
2202210240741460004970618:
2202210240742060009300590:
2202210240742370004968004:
2202210240742450005248504:
2202210240742480005264548:
2202210240743140005268448:
2202210240743290008932999:
2202210240743440004167848:
2202210240743470005266674:
2202210240743540005007161:
2202210240743590009341030:
2202210240744070006014943:
2202210240744120008967375:
2202210240744230008977159:
2202210240744260008955137:
2202210240744350004997665:
2202210240744390005006768:
2202210240744430009293895:
2202210240744450004162433:
2202210240744480004967002:
2202210240744500004930974:
2202210240744530008986747:
2202210240744550008975427:
2202210240745140008984842:
2202210240745460004963035:
2202210240745550006010458:
2202210240746140008988448:
2202210240746190009233710:
2202210240746210008681883:
2202210240746260008958106:
2202210240746310008949249:
2202210240746460008997564:
2202210240746490009339824:
2202210240746530008950839:
2202210240746550009252984:
2202210240747000008960179:
2202210240747100008998778:
2202210240747150008917723:
2202210240747320008676811:
2202210240747390008930815:
2202210240747430006018005:
2202210240748020009230781:
2202210240748090000431412:
2202210240748150004936685:
2202210240748180004154154:
2202210240748210008978936:
2202210240748230008982515:
2202210240748290009226429:
2202210240748400009346290:
2202210240748500008508219:
2202210240748530008697836:
2202210240748550008942604:
2202210240748570006031526:
2202210240748580008978157:
2202210240749050008934998:
2202210240749190006036876:
2202210240749210005272908:
2202210240749240008424093:
2202210240749250005249648:
2202210240749310004164230:
2202210240749340008915275:
2202210240749400008503915:
2202210240749420008996273:
2202210240749440008913993:
2202210240749450009232653:
2202210240749470008991038:
2202210240749500009000878:
2202210240749520005254543:
2202210240749560008429638:
2202210240749570008997793:
2202210240750000009002699:
2202210240750020006751664:
2202210240750040008967368:
2202210240750060006036993:
2202210240750090004604850:
2202210240750100008709369:
2202210240750130009002701:
2202210240750300008429638:
2202210240750410009254002:
2202210240750430004961532:
2202210240750450004947107:
2202210240750470008997336:
2202210240750500009230754:
2202210240750540008977012:
2202210240750560008685403:
2202210240750580009226393:
2202210240751010004992875:
2202210240751040008940154:
2202210240751060006037288:
2202210240751070008960187:
2202210240751110006041103:
2202210240751130005272914:
2202210240751150004930576:
2202210240751180005254424:
2202210240751210001079879:
2202210240751240008496367:
2202210240751260004596345:
2202210240751280009226393:
2202210240751310005268167:
2202210240751320004162428:
2202210240751340008698044:
2202210240751360004967967:
2202210240751380005262555:
2202210240751410008975144:
2202210240751420004986846:
2202210240751450005270174:
2202210240751470004930389:
2202210240751490004948851:
2202210240751500008960401:
2202210240751520007398914:
2202210240751540009226826:
2202210240752030006016252:
2202210240752070009287006:
2202210240752090008917701:
2202210240752120006028797:
2202210240752130008935038:
2202210240752150004930090:
2202210240752170008964309:
2202210240752190009288870:
2202210240752210004930090:
2202210240752230004927029:
2202210240752240004968886:
2202210240752260004155438:
2202210240752280008959312:
2202210240752290006030145:
2202210240752310004155439:
2202210240752330008992120:
2202210240752340005263012:
2202210240752360006022855:
2202210240752380008958163:
2202210240752400009003647:
2202210240752420006039993:
2202210240752430005009382:
2202210240752460008950354:
2202210240752480007402523:
2202210240752500004965482:
2202210240752530006039507:
2202210240752540004968208:
2202210240752570005270981:
2202210240753000005272110:
2202210240753020004948548:
2202210240753040008920119:
2202210240753050003117204:
2202210240753070005255712:
2202210240753110009000048:
2202210240753150008925084:
2202210240753160008497463:
2202210240753210006041715:
2202210240753230009326618:
2202210240753250005273382:
2202210240753270008677569:
2202210240753290008976441:
2202210240753320004993146:
2202210240753330008916700:
2202210240753350005248389:
2202210240753370004949598:
2202210240753380009304100:
2202210240753400008978529:
2202210240753420009339828:
2202210240753440008921990:
2202210240753460008500401:
2202210240753490006021991:
2202210240753500009330833:
2202210240753520008950650:
2202210240753540008962112:
2202210240753550008934512:
2202210240753570006018009:
2202210240754000009005610:
2202210240754030008921781:
2202210240754050008985017:
2202210240754080009276908:
2202210240754100004989816:
2202210240754120008977550:
2202210240754140008916472:
2202210240754160008975428:
2202210240754180004921669:
2202210240754210004967900:
2202210240754230008506766:
2202210240754250008496310:
2202210240754280005272229:
2202210240754300007419049:
2202210240754330008943359:
2202210240754370008708048:
2202210240754390004602276:
2202210240754400008492065:
2202210240754420008984882:
2202210240754450008937014:
2202210240754470004165890:
2202210240754490008918021:
2202210240754500004599831:
2202210240754520005273785:
2202210240754530004987910:
2202210240754550009286387:
2202210240754560008492480:
2202210240754580008920127:
2202210240755000005248391:
2202210240755020005258478:
2202210240755040005270175:
2202210240755060008709061:
2202210240755080008920296:
2202210240755110006039974:
2202210240755130005268162:
2202210240755150004967606:
2202210240755160006014941:
2202210240755180008965669:
2202210240755190004969384:
2202210240755210009226963:
2202210240755250007407502:
2202210240755280008931954:
2202210240755300008711197:
2202210240755320008499149:
2202210240755340009274874:
2202210240755360009354582:
2202210240755400009349986:
2202210240755420005250567:
2202210240755450008986878:
2202210240755470004162748:
2202210240755480008492776:
2202210240755500009297569:
2202210240755530009000149:
2202210240755550009254170:
2202210240755570009289101:
2202210240755580008701527:
2202210240756030005252030:
2202210240756050004929491:
2202210240756070008923688:
2202210240756080005252022:
2202210240756100004929491:
2202210240756120005252030:
2202210240756131513643510:
2202210240756150008966840:
2202210240756160005249559:
2202210240756180009030883:
2202210240756210008970531:
2202210240756231513643510:
2202210240756240008923982:
2202210240756260006030118:
2202210240756270008714113:
2202210240756290004988378:
2202210240756310008985026:
2202210240756330008712785:
2202210240756340005251022:
2202210240756360006042277:
2202210240756380008942559:
2202210240756390005251353:
2202210240756410008967751:
2202210240756420008935006:
2202210240756440009253739:
2202210240756450008932958:
2202210240756470008992092:
2202210240756490007410282:
2202210240756510004155434:
2202210240756520008966186:
2202210240756540004599825:
2202210240756550004929016:
2202210240756570004155434:
2202210240756580004599825:
2202210240757000004929016:
2202210240757010009346035:
2202210240757030008701527:
2202210240757050004949734:
2202210240757070005251559:
2202210240757090008936972:
2202210240757100004936419:
2202210240757120004160641:
2202210240757130006033000:
2202210240757150004968555:
2202210240757170005252997:
2202210240757180005268444:
2202210240757200004974233:
2202210240757210008936992:
2202210240757240004923771:
2202210240757260008979599:
2202210240757280004936413:
2202210240757290005259638:
2202210240757320008506597:
2202210240757340009226447:
2202210240757350008954637:
2202210240757370008942210:
2202210240757380003126147:
2202210240757400005258488:
2202210240757410005257310:
2202210240757430004164864:
2202210240757440005250644:
2202210240757460009346708:
2202210240757480008997404:
2202210240757500008921852:
2202210240757510009236810:
2202210240757530005268310:
2202210240757550005248599:
2202210240757560005258227:
2202210240757580004930608:
2202210240757590005248599:
2202210240758010007411536:
2202210240758020004996470:
2202210240758040004953650:
2202210240758060005270839:
2202210240758090009281928:
2202210240758110008921067:
2202210240758130004968761:
2202210240758150006037924:
2202210240758160008932264:
2202210240758180005012521:
2202210240758190009342981:
2202210240758210000424167:
2202210240758220006027540:
2202210240758240009226448:
2202210240758260008680442:
2202210240758270005263716:
2202210240758290009254212:
2202210240758310008505663:
2202210240758340005262050:
2202210240758370005272291:
2202210240758390009308083:
2202210240758400005272911:
2202210240758420004972420:
2202210240758430004972482:
2202210240758470008958218:
2202210240758480008976838:
2202210240758500008989534:
2202210240758510008976540:
2202210240758530008918437:
2202210240758550005266099:
2202210240758560008916841:
2202210240758580008500184:
2202210240759000004965814:
2202210240759010009339837:
2202210240759030004965968:
2202210240759040008921814:
2202210240759080008506912:
2202210240759100008917855:
2202210240759130008696238:
2202210240759150006030130:
2202210240759160004988026:
2202210240759180005268314:
2202210240759200008921814:
2202210240759210004954665:
2202210240759230009348543:
2202210240759240006042873:
2202210240759260004160011:
2202210240759280008698795:
2202210240759300005251556:
2202210240759310009348543:
2202210240759330008698795:
2202210240759340008978067:
2202210240759360008494964:
2202210240759370008997536:
2202210240759400009339803:
2202210240759420009313676:
2202210240759460009001050:
2202210240759490006024859:
2202210240759510008974060:
2202210240759550004960160:
2202210240759570008974060:
2202210240759580004952773:
2202210240800020004968472:
2202210240800040006039493:
2202210240800060005261061:
2202210240800080004996445:
2202210240800100004968178:
2202210240800120008927906:
2202210240800160008961999:
2202210240800180004968502:
2202210240800200005258560:
2202210240800220005004848:
2202210240800240004958690:
2202210240800260009339794:
2202210240800290008518736:
2202210240800310008989526:
2202210240800340008709393:
2202210240800410008500889:
2202210240800430008510378:
2202210240800520008966815:
2202210240800570005272191:
2202210240801010008923736:
2202210240801040004994074:
2202210240801060003137991:
2202210240801090009290264:
2202210240801120009088583:
2202210240801360005264720:
2202210240801380008949852:
2202210240801400005252016:
2202210240801440005272111:
2202210240801480008506632:
2202210240801500005272317:
2202210240801590008918685:
2202210240802090004158139:
2202210240802110008956976:
2202210240802130009001249:
2202210240802220009232651:
2202210240802270008999994:
2202210240802300004989551:
2202210240802350005254534:
2202210240802380005261503:
2202210240802410009226412:
2202210240802430004934727:
2202210240802460004966449:
2202210240803010005267479:
2202210240803050005252017:
2202210240803150008966783:
2202210240803180008923905:
2202210240803250005248877:
2202210240803330004963659:
2202210240803380009280051:
2202210240803440005267480:
2202210240805200008502364:
2202210240806380009309504:
2202210240807230008951525:
2202210240807260008426248:
2202210240807490005248393:
2202210240807570005262496:
2202210240809350004953953:
2202210240810430008921819:
2202210240810460008713215:
2202210240811210008970486:
2202210240821130009310727:
2202210240824570008493028:
2202210240834220009298073:
2202210240848450006014944:
2202210240907550009290471:
2202210241700330008918685:
2202210241700410008492065:
2202210241700430008984842:
2202210241701020008951535:
2202210241701080008991038:
2202210241702380008921819:
2202210241702410008958211:
2202210241702430004936413:
2202210241702450008958211:
2202210241702480008964309:
2202210241702570008681883:
2202210241703030008932958:
2202210241703190004997665:
2202210241703210004604850:
2202210241703230004997665:
2202210241703250004604850:
2202210241703280008934998:
2202210241703310005249648:
2202210241703340008997564:
2202210241703420008701527:
2202210241703440005270839:
2202210241703460000431412:
2202210241703480004158333:
2202210241703510005272914:
2202210241703530008918437:
2202210241703540008702698:
2202210241703560008918437:
2202210241703570004160641:
2202210241703590008702698:
2202210241704000004160641:
2202210241704030004605848:
2202210241704040004967967:
2202210241704060008932999:
2202210241704080008429638:
2202210241704120009002701:
2202210241704210005268310:
2202210241704240008996273:
2202210241704290005268162:
2202210241704380004162748:
2202210241704510008976441:
2202210241704530008975427:
2202210241704540008936992:
2202210241704560004162748:
2202210241704570008975427:
2202210241704590008934422:
2202210241705010004981013:
2202210241705030008949220:
2202210241705050004981013:
2202210241705060008506766:
2202210241705080008950650:
2202210241705100009024226:
2202210241705120008975427:
2202210241705140008950650:
2202210241705170004930974:
2202210241705220008986747:
2202210241705250009327615:
2202210241705270009273026:
2202210241706060008994926:
2202210241706260009307295:
2202210241706340009226393:
2202210241707000009326618:
2202210241707030004599831:
2202210241707060008978529:
2202210241707110004993146:
2202210241707160005272317:
2202210241707210004155438:
2202210241707240009339828:
2202210241707260004155438:
2202210241707280008916700:
2202210241707310008685403:
2202210241707360009293895:
2202210241707380008685403:
2202210241707510007421735:
2202210241708150004960160:
2202210241708170003117204:
2202210241708320004604852:
2202210241708360004975875:
2202210241708560008991967:
2202210241709220004970618:
2202210241709550008712785:
2202210241700350008985017:
2202210241700400008946732:
2202210241700490008916532:
2202210241701060006042277:
2202210241701310008934556:
2202210241701520008950354:
2202210241702300009348543:
2202210241702320008959312:
2202210241706240004954665:
2202210241707320009310727:
2202210241735390009309504:
2202210241740250008970486:
2202210241751330004964407:
2202210241755110009313676:
2202210241755190004947963:
2202210241755220008424093:
2202210241756081513646659:
2202210241758270008496149:
2202210241758340008953371:
2202210241758480005251556:
2202210241759140004953953:
2202210241800010005254737:
2202210241800030008918566:
2202210241800060009295454:
2202210241800080008918566:
2202210241801200008930815:
2202210241801220008936997:
2202210241801510004972793:
2202210241801540009346290:
2202210241802070004921669:
2202210241802180004972793:
2202210241802210009346290:
2202210241803130008914086:
2202210241803270004930389:
2202210241803330001079879:
2202210241803350004921669:
2202210241803390009236810:
2202210241803430004958690:
2202210241803520005267479:
2202210241803560009276908:
2202210241804470004602276:
2202210241804520008995260:
2202210241806060004965482:
2202210241806150005250644:
2202210241806270005273382:
2202210241806390005252997:
2202210241807180009232651:
2202210241807260009002685:
2202210241807310008709061:
2202210241807480008497657:
2202210241808080008698044:
2202210241808270009297569:
2202210241800040005252997:
2202210241800070004936419:
2202210241800310009002088:
2202210241800410004963659:
2202210241802120008976540:
2202210241804320005263012:
2202210241844480008502364:
2202210241905260008949625:
2202210241905280008965669:
2202210241905360005270001:
2202210241905390009230781:
2202210241906200008499208:
2202210241906290008939109:
2202210241906310008499208:
2202210241906350008493750:
2202210241907010008940154:
2202210241907030008958163:
2202210241907050009002699:
2202210241907270004605842:
2202210241907300004966050:
2202210241907320008966186:
2202210241907340005272111:
2202210241907360007402523:
2202210241907380005268444:
2202210241907400008992092:
2202210241907430006751664:
2202210241907480008917809:
2202210241907510009305457:
2202210241907520004982239:
2202210241907540007398914:
2202210241907560009305457:
2202210241907580005268444:
2202210241908000007402523:
2202210241908070008958696:
2202210241908170004950845:
2202210241908400008921990:
2202210241908550008986717:
2202210241909310008950839:
2202210241909420006039993:
2202210241909440004998138:
2202210241909500004975531:
2202210241902340004966802:
2202210241903500009002415:
2202210241904210009226392:
2202210241904440009002770:
2202210241903150009001249:
2202210241959360009001227:
2202210242007480004948851:
3202210240717570008501288:
3202210240725220004968173:
3202210240729500009351758:
3202210240733300005271888:
3202210240733560004926955:
3202210240734500005251352:
3202210240734590009234458:
3202210240735130008932994:
3202210240735190001099428:
3202210240736050008931901:
3202210240736110004988205:
3202210240737160006031524:
3202210240737310009343151:
3202210240737440008503303:
3202210240737570004974136:
3202210240739260006028451:
3202210240739360006039016:
3202210240739410009323446:
3202210240740120008954132:
3202210240740460008677773:
3202210240741170004165753:
3202210240741560008974024:
3202210240742010008690203:
3202210240742140008429633:
3202210240742200004952229:
3202210240742230009002736:
3202210240742290008943401:
3202210240742420004922875:
3202210240742510004921352:
3202210240742540005254932:
3202210240743140008692290:
3202210240743430004990397:
3202210240744050005248460:
3202210240744170008504041:
3202210240744290004998074:
3202210240744440008999338:
3202210240744460008952977:
3202210240745000004933136:
3202210240745090005266674:
3202210240745120008922237:
3202210240745170009290271:
3202210240745280008692117:
3202210240745400009335560:
3202210240745590008975399:
3202210240746090005011155:
3202210240746120004972171:
3202210240746150008996251:
3202210240746180009300618:
3202210240746220008916495:
3202210240746240004923548:
3202210240747010007418333:
3202210240747090004935367:
3202210240747120008937078:
3202210240747180004968679:
3202210240747280008677773:
3202210240747330008498188:
3202210240747430008949593:
3202210240747460009346367:
3202210240747500004995665:
3202210240748060009324629:
3202210240748090008997568:
3202210240748190006015164:
3202210240748220008978121:
3202210240748250009354581:
3202210240748280004927539:
3202210240748310009354699:
3202210240748350005250572:
3202210240748410005264374:
3202210240748440008918431:
3202210240748470003126145:
3202210240749250008687514:
3202210240749270009339930:
3202210240749300008943425:
3202210240749340004163935:
3202210240749370008954083:
3202210240749390008978861:
3202210240749420008997444:
3202210240749470005258213:
3202210240749520004949949:
3202210240749560009001082:
3202210240750010009343384:
3202210240750140008967355:
3202210240750170004969304:
3202210240750190009226391:
3202210240750280008979659:
3202210240750310005258215:
3202210240750420008707911:
3202210240750460006018008:
3202210240750590005004742:
3202210240751050004932608:
3202210240751080004973922:
3202210240751130009000878:
3202210240751180005257309:
3202210240751220005254543:
3202210240751420004162162:
3202210240751460004999443:
3202210240751540008920018:
3202210240752040008976584:
3202210240752100009346364:
3202210240752220008932190:
3202210240752260006021877:
3202210240752300008958211:
3202210240752330008916697:
3202210240752370009342997:
3202210240752390005263919:
3202210240752420008992139:
3202210240752460004955246:
3202210240752500009321481:
3202210240752520004162160:
3202210240752550009342997:
3202210240752570005268449:
3202210240753010008492410:
3202210240753080005254715:
3202210240753110004995927:
3202210240753140008499556:
3202210240753200008961951:
3202210240753230005251358:
3202210240753250004962972:
3202210240753440004937930:
3202210240753460008931959:
3202210240753500004930090:
3202210240753510008951287:
3202210240753550009324637:
3202210240753570008960476:
3202210240753580009288870:
3202210240754000008966902:
3202210240754040009339802:
3202210240754070008967757:
3202210240754090008969395:
3202210240754110004164010:
3202210240754130009000866:
3202210240754160009336959:
3202210240754180008961541:
3202210240754220008997523:
3202210240754250005266872:
3202210240754270008976963:
3202210240754310005249722:
3202210240754350005254707:
3202210240754390005270981:
3202210240754420005263920:
3202210240754440004935446:
3202210240754480008491901:
3202210240754500008677569:
3202210240754530008951280:
3202210240754590008958088:
3202210240755020009001182:
3202210240755040008984988:
3202210240755070004929645:
3202210240755080009079143:
3202210240755100005264170:
3202210240755130009275624:
3202210240755150008708992:
3202210240755230008934685:
3202210240755290008997226:
3202210240755320004989816:
3202210240755340008695597:
3202210240755360005264549:
3202210240755380008493340:
3202210240755490008984829:
3202210240755520005249713:
3202210240755540009327615:
3202210240755560004928581:
3202210240755580004942841:
3202210240756020008499165:
3202210240756030005248597:
3202210240756070009348776:
3202210240756080004167849:
3202210240756100008690224:
3202210240756140004165525:
3202210240756180004960782:
3202210240756200009354576:
3202210240756230008953925:
3202210240756260004936854:
3202210240756320004164224:
3202210240756370000431385:
3202210240756420006039974:
3202210240756450008942308:
3202210240756480004953135:
3202210240756510008958145:
3202210240756540004993672:
3202210240756560008986878:
3202210240756570008976575:
3202210240757000008921437:
3202210240757020008711197:
3202210240757060008698315:
3202210240757080009324879:
3202210240757110008952632:
3202210240757130008918021:
3202210240757170004921536:
3202210240757190005261060:
3202210240757220006015460:
3202210240757270008962151:
3202210240757300008960412:
3202210240757330005271893:
3202210240757350006036336:
3202210240757380008699992:
3202210240757500008714113:
3202210240757560004941508:
3202210240758050009331842:
3202210240758070008949220:
3202210240758340008507829:
3202210240758380004988378:
3202210240758410008920103:
3202210240758430008696388:
3202210240758440004977423:
3202210240758460008686117:
3202210240758490005267476:
3202210240758510008918564:
3202210240758530009339817:
3202210240759010009326658:
3202210240759060005254706:
3202210240759140003132773:
3202210240759340004980976:
3202210240759530004155886:
3202210240759540005248502:
3202210240800090004993934:
3202210240800360009241038:
3202210240822060004947077:
3202210240828170005254537:
3202210241042360008677569:
3202210241700030009351768:
3202210241700050004980976:
3202210241700090004921536:
3202210241700120009324637:
3202210241700140004935446:
3202210241700160008949593:
3202210241700200009286387:
3202210241700220009290271:
3202210241700240008979659:
3202210241700260009001082:
3202210241700270004999443:
3202210241700290006018008:
3202210241700310005252022:
3202210241700330008997523:
3202210241700350004162432:
3202210241700380004921352:
3202210241700400009342997:
3202210241700430008920119:
3202210241700440004968679:
3202210241700460005250572:
3202210241700480008918431:
3202210241700500005254707:
3202210241700510009336959:
3202210241700540008943401:
3202210241700560004953135:
3202210241700580008976963:
3202210241700590005254715:
3202210241701010004995665:
3202210241701030009331842:
3202210241701050008961541:
3202210241701060009342981:
3202210241701080008499556:
3202210241701100004993934:
3202210241701120005254932:
3202210241701150009339817:
3202210241701170008992139:
3202210241701180004930090:
3202210241701200009324629:
3202210241701220004965814:
3202210241701240008692117:
3202210241701260003126147:
3202210241701280004927539:
3202210241701300009300618:
3202210241701320008695597:
3202210241701340008978861:
3202210241701360004164224:
3202210241701380005261060:
3202210241701410008503303:
3202210241701430008954083:
3202210241701440004923548:
3202210241701460008996251:
3202210241701480004972171:
3202210241701520008969395:
3202210241701540008953925:
3202210241701560009343384:
3202210241701570008707911:
3202210241701590008931901:
3202210241702010004169060:
3202210241702030009321481:
3202210241702050009283323:
3202210241702070005249713:
3202210241702090008997226:
3202210241702110008952632:
3202210241702130005261504:
3202210241702150005248502:
3202210241702160005258215:
3202210241702190004158139:
3202210241702210009323446:
3202210241702220008976584:
3202210241702240009325535:
3202210241702260009234458:
3202210241702270008491901:
3202210241702300005270981:
3202210241702320004933136:
3202210241702350008952977:
3202210241702370007407459:
3202210241702390008951287:
3202210241702400008507829:
3202210241702420005258213:
3202210241702440004973922:
3202210241702470005268449:
3202210241702480005249722:
3202210241702500008501288:
3202210241702520004165525:
3202210241702560009327615:
3202210241702570008962151:
3202210241703000008699709:
3202210241703020004953788:
3202210241703030009001182:
3202210241703050008984988:
3202210241703070005263920:
3202210241703090004922875:
3202210241703110008687514:
3202210241703130009079143:
3202210241703150008686117:
3202210241703180004937930:
3202210241703200008991601:
3202210241703220003137991:
3202210241703240004163935:
3202210241703260005264170:
3202210241703270009326658:
3202210241703290009346364:
3202210241703310000424146:
3202210241703330009335560:
3202210241703360009339930:
3202210241703380008942308:
3202210241703410009226391:
3202210241703420009002736:
3202210241703440008518736:
3202210241703460005004742:
3202210241703480005001068:
3202210241703500008978121:
3202210241703520004990397:
3202210241703550008692290:
3202210241703570004988793:
3202210241703590001099428:
3202210241704010004162162:
3202210241704030005258488:
3202210241704050008500889:
3202210241704070009326600:
3202210241704080009348776:
3202210241704110006015460:
3202210241704130005258560:
3202210241704140004962972:
3202210241704200009324879:
3202210241704220004995927:
3202210241704240005251358:
3202210241704260005252996:
3202210241704290004935367:
3202210241704310007418333:
3202210241704330005268314:
3202210241704350004164010:
3202210241704370008499165:
3202210241704390006036336:
3202210241704410005257309:
3202210241704420005248597:
3202210241704450008999338:
3202210241704470009281928:
3202210241704490005251559:
3202210241704500009241038:
3202210241704530008693892:
3202210241704560008690224:
3202210241704580004993672:
3202210241705000004956498:
3202210241705030008935006:
3202210241705050004942841:
3202210241705070008920018:
3202210241705170008934685:
3202210241705340008692742:
3202210241705360004998074:
3202210241705380004929645:
3202210241705410004926955:
3202210241705430008679943:
3202210241705470000424167:
3202210241705490008986878:
3202210241705510005267480:
3202210241705570008696388:
3202210241705590005271893:
3202210241706010008974060:
3202210241706030008498188:
3202210241706050009308083:
3202210241707060009003647:
3202210241707080005259619:
3202210241707130008698315:
3202210241707150004162428:
3202210241707200009088583:
3202210241707390008918021:
3202210241708160005264164:
3202210241708240009000866:
3202210241708260009030883:
3202210241708530008966902:
3202210241702290008698795:
3202210241703210008997568:
3202210241704330005011155:
3202210241705160009346035:
3202210241706480008989534:
3202210241707250009339802:
3202210241747560005252017:
3202210241757030004935107:
3202210241800130005261503:
3202210241801070006030145:
3202210241802050008492410:
3202210241802080004599514:
3202210241802100004949949:
3202210241802120006033000:
3202210241802140005251352:
3202210241802150008989534:
3202210241802170008976838:
3202210241803080009000878:
3202210241803130005254543:
3202210241803400008951280:
3202210241804100009344566:
3202210241805170008961951:
3202210241805200008916495:
3202210241806480006030130:
3202210241806520009351758:
3202210241808200008708048:
3202210241808220008944551:
3202210241808250008708048:
3202210241808270008944551:
3202210241809220009226817:
3202210241809240008932952:
3202210241809270009322682:
3202210241809470004960782:
3202210241809490008974024:
3202210241809510004960782:
3202210241809520004972482:
3202210241809550004960782:
3202210241809580004972482:
3202210241800000008974024:
3202210241800250005248460:
3202210241801210004989816:
3202210241801250008917826:
3202210241801380005264374:
3202210241801410008711197:
3202210241804510008508441:
3202210241801310005264720:
3202210241808300009282101:
3202210241842490009254002:
3202210241851580008966783:
3202210241852010004966449:
3202210241853560004968472:
3202210241859340004596345:
3202210241900010008958145:
3202210241900030009346367:
3202210241900040003132773:
3202210241900060004936854:
3202210241900080009354576:
3202210241900100005267476:
3202210241900120005266674:
3202210241900140008708992:
3202210241900150009354581:
3202210241900180004155886:
3202210241900200008708992:
3202210241900220008967757:
3202210241900240008937078:
3202210241900250008677903:
3202210241900280008943425:
3202210241900300006015164:
3202210241900320008918564:
3202210241900360009288870:
3202210241900380008932994:
3202210241900400004966178:
3202210241900410009288870:
3202210241900440009354699:
3202210241900460008958088:
3202210241900480009254212:
3202210241900490005265078:
3202210241900510006021877:
3202210241900530004965170:
3202210241900550008959833:
3202210241900580006022158:
3202210241900590005254706:
3202210241901010008920103:
3202210241901040008931959:
3202210241901050004969304:
3202210241901080004966903:
3202210241901100008959757:
3202210241901120009327620:
3202210241901140004932608:
3202210241901160008984829:
3202210241901180008932190:
3202210241901210008921814:
3202210241901220009354391:
3202210241901250008967379:
3202210241901270004974136:
3202210241901280000431385:
3202210241901310006039493:
3202210241901320006016275:
3202210241901350008997444:
3202210241901370006039016:
3202210241902010008960412:
3202210241902260008967355:
3202210241902340008979599:
3202210241902370004988205:
3202210241902480008998203:
3202210241903260008916697:
3202210241903320004968173:
3202210241905330004964545:
3202210241905480009343151:
3202210241905500008429633:
3202210241905540006028451:
3202210241902090009278862:
3202210241902110008973876:
4202210240711150009285513:
4202210240711200009232376:
4202210240719470004936058:
4202210240722180005248457:
4202210240734550007396382:
4202210240735160008950400:
4202210240735470009344566:
4202210240735580009002606:
4202210240737410008952567:
4202210240740000005272226:
4202210240740330005270169:
4202210240740460009273013:
4202210240742150007398203:
4202210240742270008517783:
4202210240743080009253842:
4202210240743130008960159:
4202210240743160008997341:
4202210240743410004154153:
4202210240743510009002528:
4202210240744080009001274:
4202210240744160009000168:
4202210240744230008704914:
4202210240744320005264548:
4202210240744530008959786:
4202210240744580004162135:
4202210240745170008917728:
4202210240745330004965170:
4202210240746140004599830:
4202210240746160009351317:
4202210240746230009292038:
4202210240746570008509806:
4202210240747120004167714:
4202210240747320008944551:
4202210240747360004958669:
4202210240747420006028298:
4202210240747450005251017:
4202210240747530005271892:
4202210240747560008692742:
4202210240748080009345998:
4202210240748220008917826:
4202210240748270004929419:
4202210240748290008951535:
4202210240748310008998203:
4202210240748350008494201:
4202210240748560006015165:
4202210240749180008966810:
4202210240749190008932440:
4202210240749300008949319:
4202210240749330005254737:
4202210240749480008978363:
4202210240749590004991542:
4202210240750060008496149:
4202210240750080004154147:
4202210240750110008999397:
4202210240750130009299920:
4202210240750220008942542:
4202210240750270004952531:
4202210240750290009352010:
4202210240750310005252070:
4202210240750390008686301:
4202210240751190008966279:
4202210240751280009226817:
4202210240751300008988241:
4202210240751310005264521:
4202210240751350008997409:
4202210240751450004949536:
4202210240751470009234484:
4202210240751500006028953:
4202210240751520009002572:
4202210240751590005253450:
4202210240752270004990686:
4202210240752300005270418:
4202210240752370005270000:
4202210240752400005251020:
4202210240752430009234249:
4202210240752470005264375:
4202210240752490008677903:
4202210240752510004976000:
4202210240752540008991964:
4202210240753080005270174:
4202210240753140004963073:
4202210240753220004165522:
4202210240753270008702698:
4202210240753310004965343:
4202210240753370009296645:
4202210240753390009326626:
4202210240753410004605843:
4202210240753430008933249:
4202210240753450005270982:
4202210240753470006027344:
4202210240753490008962143:
4202210240753520004169060:
4202210240753540008501835:
4202210240753560004936688:
4202210240753580007409900:
4202210240754000008950897:
4202210240754020009004051:
4202210240754060008494427:
4202210240754080008511222:
4202210240754100008953371:
4202210240754140008986773:
4202210240754170008917446:
4202210240754200008710875:
4202210240754220008699709:
4202210240754240005250568:
4202210240754260009278862:
4202210240754280008964309:
4202210240754310008959312:
4202210240754340005270720:
4202210240754370004936293:
4202210240754450005265078:
4202210240754570008953473:
4202210240755020008951935:
4202210240755050003126360:
4202210240755110004990107:
4202210240755150004927575:
4202210240755170005012741:
4202210240755190008965377:
4202210240755210004990375:
4202210240755230006020220:
4202210240755250009250787:
4202210240755270008967698:
4202210240755290004927306:
4202210240755310005261506:
4202210240755340004991584:
4202210240755360005006315:
4202210240755380004987744:
4202210240755400008990956:
4202210240755420009351823:
4202210240755510004965031:
4202210240755530009285700:
4202210240755560009327620:
4202210240755580008494267:
4202210240756030004972892:
4202210240756050008932027:
4202210240756070008975428:
4202210240756090009351768:
4202210240756120009295454:
4202210240756130009326600:
4202210240756150008708048:
4202210240756170009226821:
4202210240756180006016275:
4202210240756230009339821:
4202210240756290008915574:
4202210240756330008502693:
4202210240756360008500493:
4202210240756380004965794:
4202210240756400005270075:
4202210240756420007407459:
4202210240756440008959757:
4202210240756450009309829:
4202210240756470004966903:
4202210240756490005248391:
4202210240756520008967379:
4202210240756530007401131:
4202210240756550008995260:
4202210240756570008998170:
4202210240757000006036994:
4202210240757030009234457:
4202210240757050005259619:
4202210240757080004949101:
4202210240757110006022159:
4202210240757140008994926:
4202210240757200009000333:
4202210240757280004163900:
4202210240757500008921827:
4202210240757530009252994:
4202210240757550006028799:
4202210240757560008939169:
4202210240757590009341742:
4202210240758010008512783:
4202210240758030009004443:
4202210240758050004981013:
4202210240758070008975084:
4202210240758100005270181:
4202210240758180004964545:
4202210240758200009324605:
4202210240758240008954490:
4202210240758260004936556:
4202210240758340005270416:
4202210240758440008933930:
4202210240758550008499867:
4202210240758570005254711:
4202210240759000008954637:
4202210240759220001087543:
4202210240759240008997404:
4202210240759270004162744:
4202210240759290008519041:
4202210240759450008677829:
4202210240759470008969522:
4202210240759500005259965:
4202210240759540005012521:
4202210240800090008954444:
4202210240801060004162747:
4202210240801510009339794:
4202210240802310009247696:
4202210240806380004964407:
4202210241700010008959814:
4202210241700020003137754:
4202210241700060005261506:
4202210241700090006027344:
4202210241700110008923688:
4202210241700160003137754:
4202210241700200009299920:
4202210241700220005252030:
4202210241700240009345998:
4202210241700270008999397:
4202210241700280009345998:
4202210241700300009234457:
4202210241700310008686301:
4202210241700330004953437:
4202210241700340004949536:
4202210241700360009273013:
4202210241700380008998170:
4202210241700410008932027:
4202210241700430005270720:
4202210241700460005255712:
4202210241700480009226429:
4202210241700500004941508:
4202210241700560009250787:
4202210241700580009296645:
4202210241701080004936556:
4202210241701090009252994:
4202210241701170009234249:
4202210241701240004990107:
4202210241701260006036994:
4202210241701280008680442:
4202210241701320005266872:
4202210241701370008990956:
4202210241701400004162750:
4202210241701420004965968:
4202210241701440004965794:
4202210241701470008959774:
4202210241701480009004051:
4202210241701540006023666:
4202210241701560004167714:
4202210241701580008923982:
4202210241702030005255716:
4202210241702040004165529:
4202210241702070005270418:
4202210241702090002851478:
4202210241702110008959786:
4202210241702120008989437:
4202210241702140009005610:
4202210241702160008923700:
4202210241702170008500493:
4202210241702190008923700:
4202210241702210008923933:
4202210241702220005272915:
4202210241702240008991648:
4202210241702260005272915:
4202210241702270009291266:
4202210241702290008991648:
4202210241702300008954637:
4202210241702320004923016:
4202210241702330005270169:
4202210241702350008969522:
4202210241702360009001274:
4202210241702380008968526:
4202210241702390005270982:
4202210241702410008964432:
4202210241702420009290264:
4202210241702440008968526:
4202210241702450008916501:
4202210241702470008965377:
4202210241702490008954444:
4202210241702510004162747:
4202210241702520009066727:
4202210241702550004965031:
4202210241702570006022159:
4202210241703000008962112:
4202210241703010008975144:
4202210241703030008952567:
4202210241703040006018009:
4202210241703060008917446:
4202210241703080008978363:
4202210241703090005006239:
4202210241703110008991964:
4202210241703120004165524:
4202210241703140008966832:
4202210241703150008498021:
4202210241703180008937083:
4202210241703200005248391:
4202210241703220003126381:
4202210241703240005259965:
4202210241703260008932258:
4202210241703280005009382:
4202210241703300005270174:
4202210241703320009004443:
4202210241703330008936935:
4202210241703350008494910:
4202210241703370005251022:
4202210241703380008975399:
4202210241703400004163899:
4202210241703420004962579:
4202210241703430009000149:
4202210241703450008976381:
4202210241703460008932440:
4202210241703480008976381:
4202210241703510005254711:
4202210241703530009339794:
4202210241703550008950897:
4202210241703560008932048:
4202210241703580008704914:
4202210241704010008916472:
4202210241704030004937122:
4202210241704060004972420:
4202210241704070006028953:
4202210241704090006039507:
4202210241704130008942699:
4202210241704210008499867:
4202210241704230008942699:
4202210241704260008916557:
4202210241704290008942699:
4202210241704310004602277:
4202210241704330005272226:
4202210241704360009077623:
4202210241704380005268164:
4202210241704390005272226:
4202210241704420005266100:
4202210241704440004155434:
4202210241704460004967606:
4202210241704470005266100:
4202210241704490007401131:
4202210241704510008997341:
4202210241704520005006958:
4202210241704540004968502:
4202210241704570007409900:
4202210241704590004927306:
4202210241705020005262049:
4202210241705090004949734:
4202210241705110003137964:
4202210241705130008932537:
4202210241705150005262050:
4202210241705330009002528:
4202210241705350005270416:
4202210241705390008997793:
4202210241705410005248389:
4202210241705440008921772:
4202210241705460005249559:
4202210241705490005261578:
4202210241705500008997793:
4202210241705520008934530:
4202210241706110008981281:
4202210241706220008921067:
4202210241706360004165753:
4202210241706500008960121:
4202210241706590009292038:
4202210241707020004949101:
4202210241707091513409863:
4202210241707240005268167:
4202210241707251513409863:
4202210241707280008939169:
4202210241707480008932264:
4202210241708070008936999:
4202210241708560008967375:
4202210241701130008951935:
4202210241703570008493340:
4202210241703590008997404:
4202210241704290008943359:
4202210241745220004179142:
4202210241800100009002606:
4202210241800310008519041:
4202210241803210009331044:
4202210241803250004968555:
4202210241807040005270175:
4202210241900130008975084:
4202210241900230008494964:
4202210241900280008699992:
4202210241900300004965343:
4202210241900310008494267:
4202210241900330008961637:
4202210241900360005251017:
4202210241900400008949319:
4202210241900430008690203:
4202210241900460009352010:
4202210241900490008917728:
4202210241900580008953473:
4202210241901100004974233:
4202210241901140004987744:
4202210241901170005270181:
4202210241901210005267444:
4202210241901400004988026:
4202210241901430004976000:
4202210241901470005251020:
4202210241902000008511222:
4202210241902030009000333:
4202210241902230009002572:
4202210241906420006014941:
4202210241906440008686663:
4202210241908070005248599:
4202210241909050008517783:
4202210241900550008917723:
4202210241902120005254930:
4202210241908030007398203:
4202210241901410005252070:
5202210240725060008497657:
5202210240727080006040284:
5202210240727280005006958:
5202210240727590005249645:
5202210240730410004962761:
5202210240732150008940309:
5202210240732290009253719:
5202210240733230008494402:
5202210240733350005248503:
5202210240734560007402194:
5202210240734590009000408:
5202210240735080004928366:
5202210240735180006039969:
5202210240735550004966802:
5202210240736080008962128:
5202210240737340004988793:
5202210240737460008936940:
5202210240738570008949626:
5202210240739020009273013:
5202210240739270008917703:
5202210240740160008986717:
5202210240740570008517932:
5202210240741000009346707:
5202210240741060003137964:
5202210240741160009291266:
5202210240741370008492636:
5202210240741480009002528:
5202210240741530009001274:
5202210240742050008698279:
5202210240742060004950845:
5202210240742450005272108:
5202210240742530004975875:
5202210240743030004164227:
5202210240743070005270003:
5202210240743110004968004:
5202210240743130009340817:
5202210240743150004989073:
5202210240743170009306129:
5202210240743560008960798:
5202210240744000008997241:
5202210240744150008917809:
5202210240744300008927874:
5202210240744590004924019:
5202210240745010008986390:
5202210240745070009282809:
5202210240745130009351317:
5202210240745180008939109:
5202210240745220004997809:
5202210240745280009305457:
5202210240745330004989528:
5202210240745350008499805:
5202210240745380008960361:
5202210240745400009341030:
5202210240745570009296798:
5202210240746000008961750:
5202210240746120005270178:
5202210240746160009343567:
5202210240746200008960341:
5202210240746290009351308:
5202210240746340008494564:
5202210240746390009339219:
5202210240747060008709011:
5202210240747090009233710:
5202210240747140008949249:
5202210240747160008998167:
5202210240747180008932260:
5202210240747270005256125:
5202210240747300008998203:
5202210240747310008937001:
5202210240747330005252150:
5202210240747350008916557:
5202210240747390004163901:
5202210240747410008510316:
5202210240747590009003852:
5202210240748200008959814:
5202210240748350004927365:
5202210240748400008978946:
5202210240748420004154825:
5202210240748430008934556:
5202210240748540008991197:
5202210240749000008916501:
5202210240749040004158137:
5202210240749110003920040:
5202210240749140008964280:
5202210240749280001108277:
5202210240749440004992723:
5202210240749490005001068:
5202210240749510008997298:
5202210240749540008989429:
5202210240749560009346362:
5202210240749580008513950:
5202210240750020006018008:
5202210240750060004934927:
5202210240750090008998020:
5202210240750110009280491:
5202210240750150008915275:
5202210240750240004959001:
5202210240750280008913993:
5202210240750320009232653:
5202210240750350004961715:
5202210240750370009352009:
5202210240750400008699606:
5202210240750430006028953:
5202210240750460008694659:
5202210240750480009354401:
5202210240750500009234480:
5202210240750510004966418:
5202210240750580008709369:
5202210240751030008991003:
5202210240751080008921475:
5202210240751090004163904:
5202210240751160009346170:
5202210240751180004605842:
5202210240751200009325535:
5202210240751220005270418:
5202210240751240008917776:
5202210240751260008997336:
5202210240751280004969965:
5202210240751450008940154:
5202210240751530009335539:
5202210240751580006022158:
5202210240752000008966787:
5202210240752030007412611:
5202210240752070004951445:
5202210240752100008959815:
5202210240752110009051325:
5202210240752130004968592:
5202210240752150005270417:
5202210240752180008917364:
5202210240752200008960178:
5202210240752220004165522:
5202210240752230005270419:
5202210240752250008718216:
5202210240752270008692450:
5202210240752290009001159:
5202210240752450004930576:
5202210240752480008918393:
5202210240752520004975531:
5202210240752540001087528:
5202210240752550008977647:
5202210240752570004998138:
5202210240753020004599832:
5202210240753040008511222:
5202210240753120004976589:
5202210240753150008991967:
5202210240753170005253082:
5202210240753180005267056:
5202210240753200004596347:
5202210240753220004968298:
5202210240753230007402500:
5202210240753250004962579:
5202210240753270009323999:
5202210240753290008949625:
5202210240753310008949614:
5202210240753330008954144:
5202210240753360006033090:
5202210240753390008964432:
5202210240753410008959312:
5202210240753510008925084:
5202210240753550009000048:
5202210240753560008503171:
5202210240753590001083110:
5202210240754010004967416:
5202210240754070008951280:
5202210240754090009297056:
5202210240754140008965377:
5202210240754170009001110:
5202210240754180009276680:
5202210240754200004961333:
5202210240754220009295891:
5202210240754230004980727:
5202210240754250008991648:
5202210240754270005249650:
5202210240754300005258489:
5202210240754320008966832:
5202210240754340004941773:
5202210240754400008500113:
5202210240754420009298223:
5202210240754440008500113:
5202210240754460008921990:
5202210240754470008976993:
5202210240754490003137990:
5202210240754530009005610:
5202210240754540008921990:
5202210240754560005264549:
5202210240754581513409863:
5202210240755000008510090:
5202210240755030008921781:
5202210240755050009285700:
5202210240755070008985017:
5202210240755090009246202:
5202210240755131513645885:
5202210240755160009246202:
5202210240755180005248395:
5202210240755200008946846:
5202210240755210008500493:
5202210240755240004961787:
5202210240755260008988469:
5202210240755280005251361:
5202210240755290008984882:
5202210240755310004965794:
5202210240755320004931925:
5202210240755350008493750:
5202210240755370006018006:
5202210240755380004987910:
5202210240755400009254908:
5202210240755410000431385:
5202210240755430008977075:
5202210240755450005258478:
5202210240755470008958696:
5202210240755490004155440:
5202210240755510004964878:
5202210240755520009326612:
5202210240755550005272316:
5202210240755590009324076:
5202210240756010008965669:
5202210240756020005248598:
5202210240756040008994926:
5202210240756060005272229:
5202210240756070008984987:
5202210240756090005248878:
5202210240756110006014941:
5202210240756130004932362:
5202210240756150009226392:
5202210240756170008712381:
5202210240756190005005063:
5202210240756240008683123:
5202210240756260008492776:
5202210240756280005261060:
5202210240756290004937089:
5202210240756320008985249:
5202210240756380009289101:
5202210240756400004982239:
5202210240756420008498021:
5202210240756450006036336:
5202210240756480008961637:
5202210240756500004994575:
5202210240756520004162742:
5202210240756550008692560:
5202210240756570008970469:
5202210240756580008995322:
5202210240757020008920026:
5202210240757030004160313:
5202210240757050004927727:
5202210240757070008986224:
5202210240757080009283323:
5202210240757100008969472:
5202210240757120009004443:
5202210240757140004158333:
5202210240757160004941508:
5202210240757170008499208:
5202210240757190004162748:
5202210240757200005266100:
5202210240757220008914086:
5202210240757240006016276:
5202210240757250005012405:
5202210240757270004953788:
5202210240757280008935006:
5202210240757300004957738:
5202210240757310008960134:
5202210240757330008499471:
5202210240757340008968526:
5202210240757360009066727:
5202210240757370008959833:
5202210240757390009282114:
5202210240757400009240533:
5202210240757420005255626:
5202210240757430009002685:
5202210240757450008967352:
5202210240757460000442293:
5202210240757480008506074:
5202210240757500008512216:
5202210240757510004977423:
5202210240757530008512216:
5202210240757540005270001:
5202210240757590004963630:
5202210240758010009225481:
5202210240758030005254711:
5202210240758060008959816:
5202210240758070008942549:
5202210240758090009001270:
5202210240758110008918566:
5202210240758120008997305:
5202210240758140009343592:
5202210240758160008959774:
5202210240758200004157829:
5202210240758220004966178:
5202210240758240009001389:
5202210240758260008942559:
5202210240758290004924182:
5202210240758310009273026:
5202210240758330009236809:
5202210240758390004163902:
5202210240758410008934530:
5202210240758450008969522:
5202210240758520004935107:
5202210240758540008918414:
5202210240758550008921067:
5202210240758570006037924:
5202210240759000008703693:
5202210240759020000424167:
5202210240759150009308083:
5202210240759170004162432:
5202210240759190004972482:
5202210240759300008976838:
5202210240759380008915538:
5202210240759440004964719:
5202210240759570005262049:
5202210240800240008973876:
5202210240800540009339794:
5202210240803150008923926:
5202210240808370005258557:
5202210240808380006016277:
5202210240832240008969268:
5202210241700000008506632:
5202210241700080005248598:
5202210241700570008959814:
5202210241701000008922237:
5202210241701010009340817:
5202210241701030008922237:
5202210241701090004955246:
5202210241701160008923688:
5202210241701220008942604:
5202210241701240004996470:
5202210241701490009226429:
5202210241702020008964309:
5202210241702080009232653:
5202210241702150008505663:
5202210241702360004965794:
5202210241702480004987910:
5202210241703110008952632:
5202210241703180005270418:
5202210241703220009005610:
5202210241703260009285700:
5202210241703300009291266:
5202210241703320008703693:
5202210241703340005264549:
5202210241703370005270000:
5202210241703390008492776:
5202210241703400008932260:
5202210241703420005253082:
5202210241703430009253719:
5202210241703450009309829:
5202210241703460008923933:
5202210241703480009253719:
5202210241703500009001159:
5202210241703590004968004:
5202210241704010009253719:
5202210241704030004968004:
5202210241704050008984987:
5202210241704080009001274:
5202210241704100008960361:
5202210241704110005272191:
5202210241704170004964719:
5202210241704190005272191:
5202210241704200004596347:
5202210241704220005262555:
5202210241704240004964719:
5202210241704250004165524:
5202210241704270004924019:
5202210241704290008966832:
5202210241704301513645885:
5202210241704320004924019:
5202210241704340008997241:
5202210241704360008697836:
5202210241704370008698279:
5202210241704440008991003:
5202210241704460008927874:
5202210241704510008942549:
5202210241704530004967416:
5202210241704550008712381:
5202210241704570009226826:
5202210241704590008712381:
5202210241705010008936935:
5202210241705030004929491:
5202210241705050008918393:
5202210241705070008517932:
5202210241705100008994926:
5202210241705120004599825:
5202210241705170008704914:
5202210241705180004165522:
5202210241705220009339794:
5202210241705240005272229:
5202210241705280001097762:
5202210241705300004972420:
5202210241705370008998020:
5202210241705400004959001:
5202210241705430006016276:
5202210241705450004967606:
5202210241705490008920296:
5202210241705530008709369:
5202210241705550008920296:
5202210241705570004962579:
5202210241706000008985026:
5202210241706020005249650:
5202210241706030004969965:
5202210241706050008496367:
5202210241706100008950354:
5202210241706170008984882:
5202210241706290009287006:
5202210241706390004934727:
5202210241706460004994074:
5202210241706480004934727:
5202210241706510009002528:
5202210241706550004998074:
5202210241707050004975875:
5202210241707130008494910:
5202210241707160008953960:
5202210241707190006040284:
5202210241707220008954144:
5202210241707270004994575:
5202210241707490008921067:
5202210241708080005259619:
5202210241708270005249645:
5202210241708290004928366:
5202210241708330008918021:
5202210241708350007402194:
5202210241708390006039969:
5202210241708560008961750:
5202210241709530006033090:
5202210241709570008921781:
5202210241709590008978946:
5202210241700040008977647:
5202210241700090008934556:
5202210241700140009230754:
5202210241700180008937014:
5202210241700270009000048:
5202210241700310008503171:
5202210241700460008991197:
5202210241701430009354401:
5202210241701490008959312:
5202210241701550009348543:
5202210241702490005250567:
5202210241702550005272371:
5202210241702580008954096:
5202210241703030008999994:
5202210241703060008954159:
5202210241703090008704021:
5202210241703110005254539:
5202210241703130004927727:
5202210241703200008916841:
5202210241703240009280491:
5202210241703380004947107:
5202210241703590009280491:
5202210241704020004947107:
5202210241704150008920118:
5202210241704590008942559:
5202210241705000004154154:
5202210241705370009346707:
5202210241703380009296798:
5202210241752220006022855:
5202210241757400006014944:
5202210241757460005259638:
5202210241758120005251556:
5202210241806330009002685:
5202210241806460004923771:
5202210241804170007410282:
5202210241851330008916585:
5202210241852580005272291:
5202210241900030008921827:
5202210241901040008975084:
5202210241902080008985249:
5202210241902110006016275:
5202210241902170009301802:
5202210241902390001083110:
5202210241902410008985249:
5202210241902490009352009:
5202210241902510008494564:
5202210241902520008692450:
5202210241903150005256125:
5202210241903170008966787:
5202210241903180009254170:
5202210241903210004957738:
5202210241903240009254170:
5202210241903570008512216:
5202210241904040004167848:
5202210241904060009233710:
5202210241904080009346170:
5202210241904110004957738:
5202210241904120004154825:
5202210241904140004966418:
5202210241904150005252150:
5202210241904170008913993:
5202210241904180008967352:
5202210241904200004164227:
5202210241904230008927906:
5202210241904250008913993:
5202210241904260008513950:
5202210241904280004997809:
5202210241904290009330833:
5202210241904310007402500:
5202210241904320008503915:
5202210241904340008997298:
5202210241904380009233710:
5202210241904400004997809:
5202210241904420008967368:
5202210241904430008949625:
5202210241904450008997336:
5202210241904460008967368:
5202210241904480008959815:
5202210241904490008949625:
5202210241904510008970469:
5202210241904520008965669:
5202210241904540008917776:
5202210241904550009346708:
5202210241904570004969384:
5202210241904591513643510:
5202210241905010008917703:
5202210241905030008699606:
5202210241905050009295891:
5202210241905070008960134:
5202210241905090005270417:
5202210241905100003137990:
5202210241905120000442293:
5202210241905150008997305:
5202210241905160008960341:
5202210241905180001108277:
5202210241905200008960134:
5202210241905220009234480:
5202210241905230008915275:
5202210241905260008702320:
5202210241905280008977550:
5202210241905290004163904:
5202210241905330004963630:
5202210241905340009225481:
5202210241905370006041715:
5202210241905390008960179:
5202210241905400009339219:
5202210241905430004924182:
5202210241905450004961715:
5202210241905460009339219:
5202210241905480008958218:
5202210241905490008939109:
5202210241905540008676811:
5202210241905550008510090:
5202210241905560008939109:
5202210241905590005270178:
5202210241906010009324604:
5202210241906030008955137:
5202210241906050008995322:
5202210241906070006037924:
5202210241906090008493750:
5202210241906120009305457:
5202210241906140004992723:
5202210241906160004962761:
5202210241906180004963035:
5202210241906190008940154:
5202210241906210009282809:
5202210241906230006036993:
5202210241906260004951445:
5202210241906270009297056:
5202210241906290004155440:
5202210241906300004932362:
5202210241906320008949852:
5202210241906340004932362:
5202210241906360008977012:
5202210241906380009282809:
5202210241906390004605842:
5202210241906410008694659:
5202210241906430004605842:
5202210241906450007398914:
5202210241906460004163901:
5202210241906480005272110:
5202210241906500005258489:
5202210241906530004157829:
5202210241906550008496310:
5202210241906570004968298:
5202210241907000008921475:
5202210241907030009000408:
5202210241907050008496310:
5202210241907060009236809:
5202210241907080008917809:
5202210241907100005272108:
5202210241907130008958696:
5202210241907140004162433:
5202210241907160004980727:
5202210241907180008921990:
5202210241907190004950845:
5202210241907230005268448:
5202210241907240008998167:
5202210241907270008949614:
5202210241907290005270003:
5202210241907320008718216:
5202210241907350004989551:
5202210241907380004155439:
5202210241907410008986717:
5202210241907450009051325:
5202210241907470008934512:
5202210241907480009051325:
5202210241907500008986717:
5202210241907580006014941:
5202210241908000004989528:
5202210241908040008915538:
5202210241908050009343592:
5202210241908070008940309:
5202210241908150009341030:
5202210241908180008940309:
5202210241908220009351308:
5202210241908240009226412:
5202210241908280008960798:
5202210241908330008988469:
5202210241908350008917364:
5202210241908360009306129:
5202210241908380004927365:
5202210241908400004158137:
5202210241908420008969472:
5202210241908470004998138:
5202210241908510008500113:
5202210241908540004975531:
5202210241908560004934927:
5202210241909010005262500:
5202210241909020005248599:
5202210241909060004934927:
5202210241909090009346362:
5202210241909120008978157:
5202210241909200009003852:
5202210241909240009341030:
5202210241900200007411536:
5202210241900290009339824:
5202210241900540003920040:
5202210241900590009339803:
5202210241902460005264375:
5202210241902570006042873:
5202210241904560008509806:
5202210241905000008959322:
5202210241902180008998778:
5202210241902210008494402:
5202210241902300005252070:
5202210241902460009001249:
5202210241938400004992875:
5202210241940050009252984:
5202210241940080008709011:
5202210241944270008936940:
5202210241952420008497463:
5202210241952440005248503:
5202210241952470008706494:
5202210241952480008508219:
5202210241952540008936972:
5202210241953210008962128:
5202210241956400009324076:
5202210241956410009001306:
5202210241956520008956976:
5202210241956580008946846:
5202210241957000008985017:
5202210241958270004933649:
5202210241959280008923905:
5202210242000450004967900:
6202210240720370004992307:
6202210240724590004968173:
6202210240725410005272915:
6202210240727170008953960:
6202210240727200006040284:
6202210240727260005272915:
6202210240727560005006958:
6202210240728000005258214:
6202210240728340005268164:
6202210240728520005254930:
6202210240732490009253719:
6202210240733200004605849:
6202210240733300004951177:
6202210240733370008996540:
6202210240733490008917487:
6202210240733530006023666:
6202210240734090005262500:
6202210240734240005272916:
6202210240735300008679943:
6202210240735430008946732:
6202210240736260005255716:
6202210240737090004946775:
6202210240737130008494910:
6202210240737170006022160:
6202210240737190004966750:
6202210240737250008979710:
6202210240737370008954400:
6202210240738280004179472:
6202210240738360005257617:
6202210240738440004158136:
6202210240738510005268312:
6202210240739140008696894:
6202210240739170008949626:
6202210240739500009308592:
6202210240740050004165753:
6202210240740410001097762:
6202210240740550004938474:
6202210240741010008493092:
6202210240741030008953914:
6202210240741380005008853:
6202210240741400008921868:
6202210240741430005258757:
6202210240741530008923700:
6202210240741540004952229:
6202210240742070008923700:
6202210240742120000431430:
6202210240742160008949626:
6202210240742240008936999:
6202210240742310008991239:
6202210240742390005252149:
6202210240742460009001271:
6202210240743200008704914:
6202210240743240004965866:
6202210240743550008936935:
6202210240743590004998074:
6202210240744040009252946:
6202210240744140005254539:
6202210240744290004604852:
6202210240744370008686663:
6202210240745090008958172:
6202210240745130008914089:
6202210240745150008959322:
6202210240745220005254931:
6202210240745260008931904:
6202210240745350005006239:
6202210240745380008996251:
6202210240745400008916532:
6202210240745470008954096:
6202210240746080009354349:
6202210240746230005273379:
6202210240746280008958098:
6202210240746350009343567:
6202210240746440008501795:
6202210240746490005271892:
6202210240746530005009715:
6202210240746570005258230:
6202210240747200008917343:
6202210240747260008997568:
6202210240747300008958106:
6202210240747380005266587:
6202210240747430008951250:
6202210240747460008932260:
6202210240747500009283499:
6202210240747520005264164:
6202210240747540005257315:
6202210240747560008933268:
6202210240747580004946192:
6202210240748000004961644:
6202210240748030001088074:
6202210240748290009002575:
6202210240748390004975690:
6202210240748470004928616:
6202210240749090008921659:
6202210240749110004162750:
6202210240749140008991197:
6202210240749160009226429:
6202210240749190004936685:
6202210240749210008978936:
6202210240749230008982515:
6202210240749260005262554:
6202210240749350008992097:
6202210240749380004967296:
6202210240749440008954159:
6202210240749480004990979:
6202210240749500008959338:
6202210240749530008979659:
6202210240749550005272907:
6202210240750030004165891:
6202210240750060008992097:
6202210240750090005001068:
6202210240750110008934717:
6202210240750140008989429:
6202210240750200004164230:
6202210240750350009002727:
6202210240750410005264312:
6202210240750440008986193:
6202210240750460009077623:
6202210240750560008997793:
6202210240751010008974271:
6202210240751060008920118:
6202210240751090008969493:
6202210240751160004952169:
6202210240751240008960121:
6202210240751270003126381:
6202210240751310008995241:
6202210240751370008976584:
6202210240751390004961532:
6202210240751430005261504:
6202210240751450004163899:
6202210240751470009325535:
6202210240751490004969965:
6202210240751510004968716:
6202210240751540008923976:
6202210240751580006039510:
6202210240752020008949237:
6202210240752050009278808:
6202210240752090006037288:
6202210240752140008951706:
6202210240752200008989437:
6202210240752230007412611:
6202210240752280008431645:
6202210240752360008960178:
6202210240752440005270419:
6202210240752490005268167:
6202210240752520005258469:
6202210240752570004165524:
6202210240752590008937801:
6202210240753010009287006:
6202210240753050008916457:
6202210240753070005248396:
6202210240753090008992114:
6202210240753120006016252:
6202210240753140001087528:
6202210240753170008918393:
6202210240753240008969395:
6202210240753270008917544:
6202210240753300005264381:
6202210240753340008992120:
6202210240753350005253082:
6202210240753370004164010:
6202210240753390007395627:
6202210240753410005267056:
6202210240753430005249706:
6202210240753460008967647:
6202210240753470009330829:
6202210240753490008967059:
6202210240753510005272292:
6202210240753530005249722:
6202210240753540004962579:
6202210240753570008994824:
6202210240753590009323999:
6202210240754020009348762:
6202210240754040009002770:
6202210240754070004947445:
6202210240754100005264726:
6202210240754120005263920:
6202210240754130005272371:
6202210240754150004948548:
6202210240754170008913988:
6202210240754190008683421:
6202210240754220009001159:
6202210240754260008969360:
6202210240754290008952140:
6202210240754310004604852:
6202210240754340008958578:
6202210240754380008964730:
6202210240754400009276680:
6202210240754420008951706:
6202210240754430009304100:
6202210240754460009296878:
6202210240754480009001110:
6202210240754500008917764:
6202210240754510008697594:
6202210240754530004965031:
6202210240754550004923016:
6202210240754560006021994:
6202210240754580008942699:
6202210240755000004966490:
6202210240755020008942699:
6202210240755040008981281:
6202210240755050008923718:
6202210240755070008932537:
6202210240755080008937083:
6202210240755110005249720:
6202210240755130009348748:
6202210240755150004926757:
6202210240755180005251015:
6202210240755200008997366:
6202210240755230008961538:
6202210240755250008951990:
6202210240755290008921772:
6202210240755310008693920:
6202210240755330008709488:
6202210240755350008986998:
6202210240755370005261578:
6202210240755390005268451:
6202210240755410008704021:
6202210240755440005257308:
6202210240755460004159579:
6202210240755470005252996:
6202210240755490009286616:
6202210240755520006025807:
6202210240755530004961787:
6202210240755550004599514:
6202210240755560007419049:
6202210240755580008932258:
6202210240756000004165890:
6202210240756030005255628:
6202210240756050007398908:
6202210240756070005265555:
6202210240756080006018006:
6202210240756100005248395:
6202210240756120009254908:
6202210240756130008918411:
6202210240756170008984882:
6202210240756190008976575:
6202210240756210008977075:
6202210240756220004964878:
6202210240756260004165529:
6202210240756270005251021:
6202210240756290008952632:
6202210240756310008698315:
6202210240756350009324879:
6202210240756390004167842:
6202210240756440008693892:
6202210240756460006015460:
6202210240756490005248878:
6202210240756510002851478:
6202210240756530005254712:
6202210240756540008492776:
6202210240756560001114611:
6202210240756560005270772:
6202210240756590005005063:
6202210240757010005252022:
6202210240757030009000149:
6202210240757050008683123:
6202210240757070008981626:
6202210240757100009233704:
6202210240757120008498021:
6202210240757130008976381:
6202210240757150008699992:
6202210240757160008703345:
6202210240757180008692560:
6202210240757200005272290:
6202210240757220008921650:
6202210240757240008986224:
6202210240757260004160313:
6202210240757280009232629:
6202210240757300004927727:
6202210240757310004994314:
6202210240757330009331842:
6202210240757350008920026:
6202210240757370008932048:
6202210240757380008915469:
6202210240757400004602277:
6202210240757420005266100:
6202210240757440005253569:
6202210240757470006033720:
6202210240757490005012405:
6202210240757500008923933:
6202210240757520008969256:
6202210240757540000424146:
6202210240757570008686117:
6202210240758000005253081:
6202210240758010008696388:
6202210240758030008968526:
6202210240758050009282114:
6202210240758070009240533:
6202210240758110005273377:
6202210240758130004155434:
6202210240758150005272190:
6202210240758160009002685:
6202210240758180008949246:
6202210240758210005270006:
6202210240758270009326658:
6202210240758280008959816:
6202210240758300008506597:
6202210240758310004937122:
6202210240758370005254706:
6202210240758390003132773:
6202210240758420009001389:
6202210240758490004980976:
6202210240758530004956498:
6202210240759140005248502:
6202210240759160008932264:
6202210240759170004968761:
6202210240759220004958069:
6202210240759290008991601:
6202210240759350009322590:
6202210240759470005266099:
6202210240800010009339837:
6202210240800030009354391:
6202210240800110005262050:
6202210240823230008966866:
6202210240948530009279594:
6202210241700020008506597:
6202210241700430008979659:
6202210241700470006018008:
6202210241701330004968716:
6202210241701360009232653:
6202210241701390009001389:
6202210241701410004951177:
6202210241701450005251015:
6202210241701460005270772:
6202210241701480005254712:
6202210241701510008986390:
6202210241701580005272290:
6202210241702000008933268:
6202210241702030004605849:
6202210241702040008977075:
6202210241702120005272290:
6202210241702150005270419:
6202210241702200005264726:
6202210241702220008976993:
6202210241702260009001110:
6202210241702300008977075:
6202210241702320005270419:
6202210241702330009001110:
6202210241702350005005063:
6202210241702370005272916:
6202210241702380008920127:
6202210241702400004961787:
6202210241702410008992120:
6202210241702430005270006:
6202210241702440005005063:
6202210241702460009002727:
6202210241702480008981626:
6202210241702490008917544:
6202210241702510008917487:
6202210241702540008492776:
6202210241702560006025807:
6202210241702580008492776:
6202210241703000005268451:
6202210241703010008986224:
6202210241703030005268312:
6202210241703050008967698:
6202210241703060004160313:
6202210241703080005248396:
6202210241703090008932260:
6202210241703110009286616:
6202210241703130005253082:
6202210241703140008921659:
6202210241703160005257315:
6202210241703220009283499:
6202210241703230005258469:
6202210241703250005249720:
6202210241703270008996540:
6202210241703280005273377:
6202210241703300005266099:
6202210241703320005258214:
6202210241703340005266099:
6202210241703350005251021:
6202210241703370005251361:
6202210241703390009282114:
6202210241703400008954637:
6202210241703420004159579:
6202210241703430005262555:
6202210241703450008937001:
6202210241703460004158136:
6202210241703480008951250:
6202210241703500004158136:
6202210241703520005248878:
6202210241703530009349986:
6202210241703550008709393:
6202210241703570008961999:
6202210241703590006016252:
6202210241704010008931904:
6202210241704020008959816:
6202210241704040008949237:
6202210241704060008915469:
6202210241704080005258227:
6202210241704090005254931:
6202210241704120009289101:
6202210241704140008967059:
6202210241704150009304100:
6202210241704170008951706:
6202210241704190004167842:
6202210241704230004966490:
6202210241704240009276680:
6202210241704260008921650:
6202210241704280009354582:
6202210241704300008918393:
6202210241704310005257308:
6202210241704330004179472:
6202210241704350008921650:
6202210241704370008958106:
6202210241704410004165522:
6202210241704430005008853:
6202210241704450009339837:
6202210241704460008506074:
6202210241704490008969360:
6202210241704500009324879:
6202210241704520004996445:
6202210241704530008918411:
6202210241704550008501795:
6202210241704560005272907:
6202210241704580006015460:
6202210241704590004965866:
6202210241705010004949598:
6202210241705030008951990:
6202210241705040009000149:
6202210241705060008951990:
6202210241705070005272907:
6202210241705090005249706:
6202210241705100009252946:
6202210241705120004946192:
6202210241705140008934717:
6202210241705150004966750:
6202210241705170008979710:
6202210241705200005253569:
6202210241705230004969965:
6202210241705270005253081:
6202210241705300005262554:
6202210241705330001088074:
6202210241705350007398908:
6202210241705360008978936:
6202210241705380009226447:
6202210241705400004928616:
6202210241705410008982515:
6202210241705430008914089:
6202210241705450004968178:
6202210241705470005266587:
6202210241705480004952773:
6202210241705500004947445:
6202210241705520005009715:
6202210241705530005264312:
6202210241705550008964730:
6202210241705570008984882:
6202210241705580009278808:
6202210241706010009287006:
6202210241706030004968761:
6202210241706050005255628:
6202210241706070008952140:
6202210241706090008920026:
6202210241706100008692742:
6202210241706120007419049:
6202210241706140009232629:
6202210241706160008923718:
6202210241706180008960178:
6202210241706190008953914:
6202210241706210005258472:
6202210241706240004927029:
6202210241706260004998074:
6202210241706280008958098:
6202210241706300004165891:
6202210241706330005264381:
6202210241706350008992114:
6202210241706360009240533:
6202210241706380005265555:
6202210241706390008692560:
6202210241706410008995241:
6202210241706430008974060:
6202210241706450004941773:
6202210241706470004975690:
6202210241706500009323999:
6202210241706510008500184:
6202210241706530006037288:
6202210241706550008923736:
6202210241706570008969493:
6202210241706590004968886:
6202210241707010004964878:
6202210241707020005012405:
6202210241707040008921868:
6202210241707060008992097:
6202210241707090008499805:
6202210241707110006033720:
6202210241707130008510316:
6202210241707180009343567:
6202210241707220006018005:
6202210241707230001087528:
6202210241707260009002575:
6202210241707270001087528:
6202210241707290006014943:
6202210241707310004604852:
6202210241707330001114611:
6202210241707350008997366:
6202210241707390004952169:
6202210241707410008431645:
6202210241707430008961538:
6202210241707480008966840:
6202210241707590004160011:
6202210241708030008958578:
6202210241708050005273379:
6202210241708070008913988:
6202210241708100004990979:
6202210241708160008967751:
6202210241708200008946732:
6202210241708210008492480:
6202210241708240004961532:
6202210241708270008949626:
6202210241708290007395627:
6202210241708320004961532:
6202210241708330005272190:
6202210241708350008949626:
6202210241708380008954400:
6202210241708390007395627:
6202210241708400008954400:
6202210241708430008917343:
6202210241708460004926757:
6202210241708480009001271:
6202210241708500008967647:
6202210241708510004967296:
6202210241708530008683421:
6202210241708540008986998:
6202210241708570008493092:
6202210241708590005258230:
6202210241709020004938474:
6202210241709040008696894:
6202210241709060004929016:
6202210241709100004961333:
6202210241709140005272908:
6202210241709150008958172:
6202210241709190005272911:
6202210241709210008991197:
6202210241709230004994314:
6202210241709390005264548:
6202210241709480008696238:
6202210241709500006021991:
6202210241709520004958069:
6202210241709550005257617:
6202210241700050008999994:
6202210241700090008954096:
6202210241700120005272371:
6202210241700150005250567:
6202210241700180008954159:
6202210241700240008704021:
6202210241700270005251022:
6202210241700300004927727:
6202210241700310005254539:
6202210241700440006018006:
6202210241700460004937089:
6202210241700570008923926:
6202210241701180008959312:
6202210241701220009348543:
6202210241701240007412611:
6202210241702010008949249:
6202210241702070008994824:
6202210241702220005267056:
6202210241702260006039510:
6202210241702370005267056:
6202210241702440008923976:
6202210241702520008989429:
6202210241703370008920118:
6202210241704240008997568:
6202210241704310008510378:
6202210241705150008683123:
6202210241705540004165890:
6202210241706040004164230:
6202210241706080009305197:
6202210241707380009233704:
6202210241707520009330829:
6202210241707560008949246:
6202210241707580008959338:
6202210241708010009308592:
6202210241708290005012521:
6202210241708540004946775:
6202210241709070004948548:
6202210241709180006021994:
6202210241709210004961644:
6202210241700080009254908:
6202210241701180004986846:
6202210241705270008949249:
6202210241700270005007161:
6202210241735400004930576:
6202210241735580008960401:
6202210241738290004162744:
6202210241738330008500401:
6202210241738370008713215:
6202210241800480004988378:
6202210241800550005271888:
6202210241803380005271888:
6202210241803390005251353:
6202210241806130009002685:
6202210241801250005261061:
6202210241801360008987527:
6202210241805020008969268:
6202210241800480004163902:
6202210241841380006010458:
6202210241841500008703345:
6202210241846280005255626:
6202210241846300005257310:
6202210241846370008974271:
6202210241846410008918414:
6202210241851220006028797:
6202210241851490006036876:
6202210241856300009274874:
6202210241900350005267476:
6202210241900390008677773:
6202210241901000008933930:
6202210241901050008932994:
6202210241901180005265078:
6202210241901210005254706:
6202210241901250004965170:
6202210241901270004969304:
6202210241901330009327620:
6202210241901380004932608:
6202210241901570006016275:
6202210241902320000431385:
6202210241903090008998203:
6202210241903340004976589:
6202210241903520005271892:
6202210241903550008916697:
6202210241903580004968173:
6202210241904440009285513:
6202210241904570009232376:
6202210241905380000431430:
6202210241905500008969256:
6202210241905530009001270:
6202210241906040005253450:
6202210241906290006022160:
6202210241906310005272292:
6202210241906380004986846:
6202210241906420009296878:
6202210241906440005012741:
6202210241906490006028298:
6202210241906540004599832:
6202210241906570008977159:
6202210241907200005262500:
6202210241907240008986193:
6202210241907270008917764:
6202210241907330008492636:
6202210241907380004989073:
6202210241907540008964280:
6202210241908390009335539:
6202210241908420008960187:
6202210241909370007411536:
6202210241909410005252149:
6202210241900090005267345:
6202210241900290004967002:
6202210241900320008917855:
6202210241901220009348762:
6202210241901520008991239:
6202210241901550009002770:
6202210241902200005248395:
6202210241902270005264375:
6202210241903230005258757:
6202210241903280004162742:
6202210241904140008959322:
6202210241905140009354349:
6202210241906200004936685:
6202210241906210004162135:
6202210241906370004936685:
6202210241908100004992307:
6202210241908260007407502:
6202210241908570007398203:
6202210241902530009339211:
6202210241902570006030118:
6202210241902590009226963:
8202210240722500005248457:
8202210240735120007396382:
8202210240735350008950400:
8202210240736190008952567:
8202210240736210009002606:
8202210240736270008952567:
8202210240738540006028957:
8202210240739000004159570:
8202210240740340004966438:
8202210240741150008504234:
8202210240742350007398203:
8202210240742580008500626:
8202210240743300009253842:
8202210240743350008960159:
8202210240744090004154153:
8202210240744370009000168:
8202210240745330008917728:
8202210240745480004963091:
8202210240745500004965170:
8202210240746340004599830:
8202210240747450008944551:
8202210240747500004958669:
8202210240748060005251017:
8202210240748110008692742:
8202210240748170009345998:
8202210240748370004935891:
8202210240748410008917826:
8202210240748460004973514:
8202210240748550004929419:
8202210240748560008951535:
8202210240749010008494201:
8202210240749110006015165:
8202210240749150004953437:
8202210240749370008966810:
8202210240749450008949319:
8202210240749470008959814:
8202210240749490005254737:
8202210240749580004963091:
8202210240750060008978363:
8202210240750150004991542:
8202210240750200008958210:
8202210240750230004154147:
8202210240750240008916557:
8202210240750280008496149:
8202210240750310005267444:
8202210240750340009299920:
8202210240750450004952531:
8202210240750480009352010:
8202210240751330008966279:
8202210240751360008988241:
8202210240751440009226817:
8202210240751510008997409:
8202210240751530008942542:
8202210240751560003137754:
8202210240752040004949536:
8202210240752080009234484:
8202210240752130009002572:
8202210240752180008917800:
8202210240752330009273291:
8202210240752500004990686:
8202210240752520005264375:
8202210240752540005251020:
8202210240753000009234249:
8202210240753080004976000:
8202210240753180006022158:
8202210240753200008991964:
8202210240753280004963073:
8202210240753480004965343:
8202210240753530009296645:
8202210240753580009326626:
8202210240754000004605843:
8202210240754020008933249:
8202210240754030005270982:
8202210240754050004169060:
8202210240754080008962143:
8202210240754120008950897:
8202210240754150007409900:
8202210240754180008494427:
8202210240754280008953371:
8202210240754330008710875:
8202210240754370008986773:
8202210240754380005250568:
8202210240754410008964309:
8202210240754440008699709:
8202210240754480005270720:
8202210240754530004936293:
8202210240754570004968208:
8202210240755030005255712:
8202210240755050005265078:
8202210240755150008953473:
8202210240755170008951935:
8202210240755250003126360:
8202210240755280005248389:
8202210240755310004990107:
8202210240755330004927575:
8202210240755380004990375:
8202210240755550004987744:
8202210240755570008990956:
8202210240755590009351823:
8202210240756060008494267:
8202210240756100009327620:
8202210240756140004953437:
8202210240756240004972892:
8202210240756250008975428:
8202210240756300008708048:
8202210240756340006016275:
8202210240756380009351768:
8202210240756400009250787:
8202210240756550005270075:
8202210240757010008959757:
8202210240757030007407459:
8202210240757060004966903:
8202210240757100004967900:
8202210240757120007401131:
8202210240757140008967379:
8202210240757150008998170:
8202210240757180006036994:
8202210240757200009246202:
8202210240757220005259619:
8202210240757330009000333:
8202210240757470004163900:
8202210240757500009339821:
8202210240757560008961637:
8202210240758110006028799:
8202210240758140008512783:
8202210240758150009252994:
8202210240758250005270181:
8202210240758290009301802:
8202210240758440004936556:
8202210240759450001087543:
8202210240800080005259965:
8202210240800100008677829:
8202210240800570004179142:
8202210240818300004947077:
8202210241659580008686301:
8202210241700000009234457:
8202210241700030009253739:
8202210241700050008958210:
8202210241700090004953437:
8202210241700110004949536:
8202210241700130008958210:
8202210241700150008998170:
8202210241700160006024859:
8202210241700180008932027:
8202210241700200005270720:
8202210241700210005255712:
8202210241700230009351823:
8202210241700240008966815:
8202210241700260006028799:
8202210241700270004941508:
8202210241700290004936058:
8202210241700310009296645:
8202210241700330009250787:
8202210241700360009234484:
8202210241700380001087543:
8202210241700400009234249:
8202210241700420003126145:
8202210241700450004936556:
8202210241700460009252994:
8202210241700480008954132:
8202210241700490009226448:
8202210241700510008986773:
8202210241700520008502693:
8202210241700550004990107:
8202210241700560008954490:
8202210241700580008966810:
8202210241700590006036994:
8202210241701010008680442:
8202210241701030008512783:
8202210241701040004963091:
8202210241701060008512783:
8202210241701080004990686:
8202210241701090005266872:
8202210241701110009341742:
8202210241701130008501835:
8202210241701140007396382:
8202210241701160008990956:
8202210241701170008915574:
8202210241701190004987910:
8202210241701210009324118:
8202210241701220006039974:
8202210241701240009322590:
8202210241701250005250568:
8202210241701270009000168:
8202210241701280004931925:
8202210241701300008960159:
8202210241701310009001050:
8202210241701330009351317:
8202210241701350004927575:
8202210241701360004164864:
8202210241701380004935891:
8202210241701390008500493:
8202210241701410003126360:
8202210241701430009326626:
8202210241701450006031524:
8202210241701460008709488:
8202210241701480009324605:
8202210241701490009275624:
8202210241701510008966279:
8202210241701520008933249:
8202210241701540008925084:
8202210241701560005254534:
8202210241701570004977423:
8202210241701590008693920:
8202210241702000005254534:
8202210241702020005263716:
8202210241702030008978067:
8202210241702050004990375:
8202210241702060009290264:
8202210241702080004154153:
8202210241702100004599830:
8202210241702120005270982:
8202210241702130008677829:
8202210241702140009273291:
8202210241702160009348748:
8202210241702180008714113:
8202210241702190005259965:
8202210241702210008988241:
8202210241702230008950400:
8202210241702250008942210:
8202210241702280008952567:
8202210241702300008978363:
8202210241702320004963073:
8202210241702330005272316:
8202210241702350008991964:
8202210241702360004953650:
8202210241702380006020220:
8202210241702390008498021:
8202210241702410005273785:
8202210241702430004167849:
8202210241702450008921437:
8202210241702460009280051:
8202210241702480008960476:
8202210241702500008494201:
8202210241702520008504234:
8202210241702530008975428:
8202210241702550004972892:
8202210241702570009004443:
8202210241702590004936293:
8202210241703010005258478:
8202210241703030004991542:
8202210241703050008950897:
8202210241703070005258478:
8202210241703080004968592:
8202210241703100008975399:
8202210241703120004936688:
8202210241703180008499867:
8202210241703220009247696:
8202210241703240008710875:
8202210241703370008937801:
8202210241703390008916457:
8202210241703430006015165:
8202210241703450009253842:
8202210241703460008916557:
8202210241703490009226821:
8202210241703510008989526:
8202210241704120004963073:
8202210241704170004929419:
8202210241704200007401131:
8202210241704380007409900:
8202210241704400004952229:
8202210241704440005006315:
8202210241704580004947077:
8202210241705090004968208:
8202210241705110005248389:
8202210241706030005263919:
8202210241706100004165753:
8202210241701160008697594:
8202210241701580004162160:
8202210241702320008494427:
8202210241702570008500626:
8202210241703320008997404:
8202210241703340008962143:
8202210241703360008493340:
8202210241703380005248877:
8202210241707310008976575:
8202210241701130004162744:
8202210241705090004930608:
8202210241707450005254424:
8202210241704370008506912:
8202210241704390004154147:
8202210241706030004605843:
8202210241706280008997409:
8202210241706300004163900:
8202210241706330004973514:
8202210241709290008917800:
8202210241744060005004848:
8202210241809440009002606:
8202210241802350008988448:
8202210241804370008931954:
8202210241842370008916585:
8202210241846580004928581:
8202210241858460004966438:
8202210241900010008494964:
8202210241900030005252016:
8202210241900050008699992:
8202210241900060004965343:
8202210241900080008494267:
8202210241900100008961637:
8202210241900120008690203:
8202210241900140008917728:
8202210241900160005251017:
8202210241900170008949319:
8202210241900210006028957:
8202210241900230009352010:
8202210241900260005270075:
8202210241900270009301802:
8202210241900290004159570:
8202210241900330008953473:
8202210241900350009246202:
8202210241900370005267444:
8202210241900390008499471:
8202210241900410004987744:
8202210241900430008942542:
8202210241900440004974233:
8202210241900460004958669:
8202210241900480005270181:
8202210241900500004991584:
8202210241901030009000333:
8202210241901100009339821:
8202210241901170004988026:
8202210241901190004976000:
8202210241901220009000333:
8202210241901240005251020:
8202210241901300005264521:
8202210241901310008511222:
8202210241901330009000333:
8202210241901410005248457:
8202210241901540009002572:
6202210242000200004967900:
6202210242000270008966866:
