2202105310001000008495037:
2202105310101160009351823:
2202105310101180009236903:
2202105310101200008683123:
2202105310101220009351998:
2202105310101230008704200:
2202105310101260006039671:
2202105310101360008701083:
2202105310101380008494564:
2202105310101440009326435:
2202105310101460008510696:
2202105310101500009337900:
2202105310102010006030142:
2202105310102120008494656:
2202105310102270009324107:
2202105310102330009339795:
2202105310102400008696894:
2202105310102430008697836:
2202105310102450009321334:
2202105310102480008694944:
2202105310102490001083110:
2202105310102510006751664:
2202105310102530009300596:
2202105310102550009342183:
2202105310102560006022852:
2202105310102590009254229:
2202105310103010003920040:
2202105310103040007421212:
2202105310103070008678770:
2202105310103090008512059:
2202105310103110009234236:
2202105310103120006040283:
2202105310103140009321395:
2202105310103160008694659:
2202105310103180008706494:
2202105310103190009254183:
2202105310103210009340824:
2202105310103220008494333:
2202105310103240008696894:
2202105310103250008690941:
2202105310103270008512362:
2202105310103280009225507:
2202105310103300008692450:
2202105310103310009279709:
2202105310103370006041715:
2202105310103400009339524:
2202105310103420009342959:
2202105310103430009354001:
2202105310103450009230785:
2202105310103480007398914:
2202105310103500007402523:
2202105310103520008709011:
2202105310103540009232355:
2202105310103570008512059:
2202105310103590006039969:
2202105310104080008491998:
2202105310104110009342002:
2202105310104140008676811:
2202105310104160003126145:
2202105310104180000439539:
2202105310104210009296798:
2202105310104240008707832:
2202105310104300009225495:
2202105310104400008519522:
2202105310104420008699606:
2202105310104540009341030:
2202105310104570008699606:
2202105310104590009341030:
2202105310105060008496310:
2202105310105080009252984:
2202105310108300007414082:
2202105310730330008500956:
2202105310736080009296138:
2202105310736220009254926:
2202105310738500008497657:
2202105310741120009291663:
2202105310741240006036505:
2202105310741280006022439:
2202105310741440008503198:
2202105310742290009279728:
2202105310743460008677773:
2202105310745030006041088:
2202105310745500009272184:
2202105310746270001079879:
2202105310746310006030135:
2202105310746460008514157:
2202105310748000009283296:
2202105310748430009287011:
2202105310748480006014349:
2202105310749020009248259:
2202105310749170006019430:
2202105310749251513628688:
2202105310749270006022852:
2202105310749320009288638:
2202105310749371513646659:
2202105310749590008680743:
2202105310750140009307295:
2202105310750190006036993:
2202105310750420008698044:
2202105310750580008512059:
2202105310751250006019428:
2202105310752090009300596:
2202105310752130006751664:
2202105310752190004181482:
2202105310752340009276908:
2202105310752460008681883:
2202105310753170009246193:
2202105310753200002851478:
2202105310753220008515447:
2202105310753240009326618:
2202105310753260009288224:
2202105310753270008692587:
2202105310753290009293911:
2202105310753320009339828:
2202105310753380008690941:
2202105310753410001108277:
2202105310753440006024747:
2202105310753460008706494:
2202105310753490009351833:
2202105310753520009346038:
2202105310753550008491998:
2202105310753580008678354:
2202105310754090009342035:
2202105310754120008497276:
2202105310754140008506907:
2202105310754170008501741:
2202105310754390009297664:
2202105310754430008695140:
2202105310755150003915458:
2202105310755340008439606:
2202105310755370009314286:
2202105310755410006040161:
2202105310755460008709369:
2202105310755590009236810:
2202105310756010009323007:
2202105310756070008508326:
2202105310756240009252984:
2202105310756350009351823:
2202105310756370008704200:
2202105310756400007396360:
2202105310756440000431412:
2202105310756470008691017:
2202105310756490000431412:
2202105310756520004165136:
2202105310756550008696894:
2202105310756570006033001:
2202105310756590008694944:
2202105310757100008690794:
2202105310757120008709393:
2202105310757190008508587:
2202105310757230008709061:
2202105310757250008510696:
2202105310757300007402482:
2202105310757320009296651:
2202105310757350008702320:
2202105310757370008509894:
2202105310757410009337900:
2202105310757430006021875:
2202105310757450009342183:
2202105310757460008504258:
2202105310757490006040283:
2202105310757550009343364:
2202105310757580008701527:
2202105310758240008508589:
2202105310758320007422376:
2202105310758350008707832:
2202105310758390009254000:
2202105310758410009293421:
2202105310758430009339824:
2202105310758460008495616:
2202105310758500006029990:
2202105310758520008702965:
2202105310758540006031525:
2202105310758560007421210:
2202105310758590009342959:
2202105310759000009293148:
2202105310759200009230785:
2202105310759220008499206:
2202105310759250002851799:
2202105310759270009346064:
2202105310759290006041715:
2202105310759310009314167:
2202105310759360009230785:
2202105310759380009324138:
2202105310759390006022855:
2202105310759550009234089:
2202105310759580008686663:
2202105310800000009339144:
2202105310800020008497795:
2202105310800040009296798:
2202105310800060009339795:
2202105310800080009254183:
2202105310800100008678770:
2202105310800110008515081:
2202105310800140009290365:
2202105310800160008494564:
2202105310800180009330833:
2202105310800220009322682:
2202105310800250009340499:
2202105310800350009225495:
2202105310800390009281753:
2202105310800450001100446:
2202105310800470009313530:
2202105310800590009275335:
2202105310801040009303525:
2202105310801080008514276:
2202105310801100009303870:
2202105310801150009311703:
2202105310801170006029911:
2202105310801200009303427:
2202105310801290008493028:
2202105310801330009226392:
2202105310801410008509806:
2202105310801490008499206:
2202105310801510002851465:
2202105310801530006024859:
2202105310801570009340483:
2202105310802110008709954:
2202105310802150009234066:
2202105310802170009294273:
2202105310802220009307388:
2202105310802240008426247:
2202105310802280009286624:
2202105310802310008693150:
2202105310802420008502364:
2202105310803310009234247:
2202105310803340009326612:
2202105310803390003109818:
2202105310803480006027540:
2202105310803500008424093:
2202105310803540009321319:
2202105310804250008506632:
2202105310804350006039339:
2202105310805180009225494:
2202105310805330009313676:
2202105310806090009282101:
2202105310807490009339803:
2202105310808030008510378:
2202105310811020009324604:
2202105310817120009326435:
2202105310821570007407502:
2202105311113240006042277:
2202105311712280008515447:
2202105311715080006029990:
2202105311852480009275624:
2202105311858170008504258:
2202105311917580008505663:
2202105311925140006022439:
2202105312000000009326618:
2202105312000050006021875:
2202105312000070009307295:
2202105312000090002851478:
2202105312000470008501741:
2202105312001020008509894:
2202105312001070009297664:
2202105312001090007396360:
2202105312001110001079879:
2202105312001160009248259:
2202105312001170002851799:
2202105312001190009346038:
2202105312001210009281753:
2202105312001260006019430:
2202105312001290008709061:
2202105312001310009314167:
2202105312001330008686663:
2202105312001360009288638:
2202105312001380009293148:
2202105312001400000431412:
2202105312001450006033001:
2202105312001470000431412:
2202105312001480008678354:
2202105312001500000431412:
2202105312001500008681883:
2202105312001530008709369:
2202105312001550008695140:
2202105312001570009293421:
2202105312002001513628688:
2202105312002020006040161:
2202105312002040006019428:
2202105312002070008506907:
2202105312002090009314286:
2202105312002220009303870:
2202105312002240006030135:
2202105312002260009340483:
2202105312002350001079879:
2202105312002400008497276:
2202105312002480003915458:
2202105312002500009296651:
2202105312002550008692587:
2202105312002580009296651:
2202105312003020008514157:
2202105312003320009236810:
2202105312003360009307388:
2202105312003400009276908:
2202105312004010008701527:
2202105312004080008698044:
2202105312004110008508326:
2202105312004120009283296:
2202105312004160009340499:
2202105312005080009339828:
2202105312005120009293911:
2202105312005340008702965:
2202105312005360008680743:
2202105312006420009275335:
2202105312007070008426247:
2202105312007360008503198:
2202105312009570004181482:
2202105312010120009246193:
2202105312013170009226392:
2202105312013510009286624:
2202105312019100006024747:
2202105312059170008519041:
2202105312102310009346064:
2202105312146160008439606:
2202105312148161513646659:
2202105312200160008506632:
2202105312200430009279481:
2202105312206210008500401:
2202105312206440008718216:
2202105312214110009304051:
2202105312257390009311703:
2202105312301220009323985:
2202105312301270009236903:
2202105312301310009351998:
2202105312301330006030142:
2202105312301490009296798:
2202105312301510008699606:
2202105312302290009340824:
2202105312302310008683123:
2202105312302340008499075:
2202105312302530008706494:
2202105312316490008694944:
2202105312358390006031525:
2202105312358450003137990:
2202105312358530008717926:
2202105312359050007411321:
2202105312359070008511010:
2202105312359080006039671:
2202105312359120008512362:
2202105312359150009351833:
2202105312359180009226965:
2202105312359270008510696:
3202105310733300008501288:
3202105310734310009292442:
3202105310736490008495365:
3202105310737110009291036:
3202105310741390006023085:
3202105310742510009339211:
3202105310746020008510264:
3202105310746060009232350:
3202105310746110009340817:
3202105310746160009335491:
3202105310746540009234108:
3202105310747280009305555:
3202105310747510008498170:
3202105310747540009274203:
3202105310748490008687514:
3202105310748590003117204:
3202105310749020006039016:
3202105310749080006025823:
3202105310749120008715839:
3202105310749220009299255:
3202105310749560009354344:
3202105310749590008680900:
3202105310750030009286996:
3202105310750130009306586:
3202105310750160009234458:
3202105310750370009343149:
3202105310750430008500888:
3202105310750470009305547:
3202105310751001513653821:
3202105310751030009323446:
3202105310751220009252962:
3202105310751450009306129:
3202105310751490008501480:
3202105310751500008516658:
3202105310751530008697156:
3202105310751550009236820:
3202105310751580009234248:
3202105310751590008711197:
3202105310752010003137963:
3202105310752030006041717:
3202105310752050006028799:
3202105310752070009300618:
3202105310752110008699485:
3202105310752210009293228:
3202105310752410009335560:
3202105310752470008497634:
3202105310752500009324637:
3202105310753060008697764:
3202105310753080008517496:
3202105310753110008518736:
3202105310753130003137991:
3202105310753150008514795:
3202105310753200006024738:
3202105310753340006028957:
3202105310753380008691341:
3202105310754040008494290:
3202105310754080008445992:
3202105310754100003137966:
3202105310754150009322602:
3202105310754170008710216:
3202105310754200009301802:
3202105310754240006020195:
3202105310754270008695330:
3202105310754300008518703:
3202105310754360008677829:
3202105310754380009326609:
3202105310754580001096293:
3202105310755010009324606:
3202105310755040006018008:
3202105310755070009322614:
3202105310755090007395592:
3202105310755110008498021:
3202105310755130008707174:
3202105310755150008680280:
3202105310755190008692811:
3202105310755310008503789:
3202105310755360009284157:
3202105310755440008681703:
3202105310755520009226385:
3202105310755590009226816:
3202105310756040006041721:
3202105310756060009346173:
3202105310756080003137967:
3202105310756110008493217:
3202105310756140009295891:
3202105310756160003132773:
3202105310756180002851487:
3202105310756250009277145:
3202105310756360008512000:
3202105310756380009340470:
3202105310756420008679943:
3202105310756450008680648:
3202105310756480008713719:
3202105310756500008496191:
3202105310757040008713928:
3202105310757080006019317:
3202105310757110009342954:
3202105310757130009340812:
3202105310757150006039541:
3202105310757170003137964:
3202105310757190009324068:
3202105310757230009254169:
3202105310757250008504275:
3202105310757270009253719:
3202105310757290009339802:
3202105310757460001077421:
3202105310757490008517323:
3202105310757550008495972:
3202105310757580009340813:
3202105310758010009324574:
3202105310758040006030480:
3202105310758060008714702:
3202105310758080008711249:
3202105310758100000442287:
3202105310758120009309829:
3202105310758130009230815:
3202105310758170009352016:
3202105310758190008702698:
3202105310758200009230815:
3202105310758220009331842:
3202105310758250006016090:
3202105310758280008494201:
3202105310758300008688253:
3202105310758320009336959:
3202105310758340003137754:
3202105310758360009348542:
3202105310758390006032999:
3202105310758400009325511:
3202105310758430008711892:
3202105310758450008512397:
3202105310758470009354391:
3202105310758500009348603:
3202105310758510008703693:
3202105310758530009327615:
3202105310758550009273013:
3202105310758570008678678:
3202105310758580009287411:
3202105310759000008494924:
3202105310759020007419418:
3202105310759040008692032:
3202105310759070008715630:
3202105310759090004158333:
3202105310759110009226400:
3202105310759210009354825:
3202105310759240008699273:
3202105310759320008503489:
3202105310759340009342962:
3202105310759370009231473:
3202105310759400008498188:
3202105310759420009308083:
3202105310759440008500889:
3202105310759460008704323:
3202105310759490009308083:
3202105310759530009243147:
3202105310759560008504736:
3202105310759580009308083:
3202105310800010009225488:
3202105310800030009354802:
3202105310800050009309504:
3202105310800070006015460:
3202105310800090008494092:
3202105310800150009254212:
3202105310800240009323999:
3202105310800360008688767:
3202105310800380006033902:
3202105310800470006036994:
3202105310801250009351964:
3202105310801560008506597:
3202105310802190008514276:
3202105310802510008690234:
3202105310803420006042240:
3202105310807210009298073:
3202105310811250008500083:
3202105310816240009253980:
3202105310823140009253980:
3202105311037500009336990:
3202105311037590009343567:
3202105311652400008504585:
3202105311708330006039807:
3202105311800330008717268:
3202105311801500009274203:
3202105311858170009340812:
3202105311858190009340801:
3202105311858210006019317:
3202105311858230009322614:
3202105311858250009323999:
3202105311858270009225488:
3202105311858290008679943:
3202105311858310001096293:
3202105311858340008516658:
3202105311858350007395592:
3202105311858380009273013:
3202105311858400000442287:
3202105311858420008692811:
3202105311858430009324574:
3202105311858460009326609:
3202105311858480003137963:
3202105311858490003137967:
3202105311858510009300618:
3202105311858530008503789:
3202105311858570009354344:
3202105311859010009277145:
3202105311859030009339195:
3202105311859110009343149:
3202105311859140009273013:
3202105311859170003132773:
3202105311859240008709488:
3202105311859260009354825:
3202105311859290008693920:
3202105311859330009342962:
3202105311859350006028799:
3202105311859370009343384:
3202105311859430008715630:
3202105311859440008690234:
3202105311859460008501288:
3202105311859480008687514:
3202105311859500009330829:
3202105311859590009287411:
3202105311900020009323446:
3202105311900040009335491:
3202105311900060009309829:
3202105311900080008716625:
3202105311900110009233695:
3202105311900140008689944:
3202105311900160009326650:
3202105311900190008699485:
3202105311900250008498021:
3202105311900430008699143:
3202105311900580008698795:
3202105311901380009321321:
3202105311902120006039016:
3202105311903270008696388:
3202105311903300008677829:
3202105311903340006020195:
3202105311903590009324629:
3202105311904010008693892:
3202105311904030009324629:
3202105311904060008699273:
3202105311904090008496471:
3202105311904110009350096:
3202105311904200008685403:
3202105311904540003137964:
3202105311904590008680280:
3202105311905120008494201:
3202105311907440008707911:
3202105311907590009340817:
3202105311909070009339792:
3202105311909300008495365:
3202105311913160009236820:
3202105311915260008493770:
3202105311917510008703693:
3202105311926420009309504:
3202105311935430008503489:
3202105311958580001077425:
3202105311959170009293228:
3202105312000490006024859:
3202105312001240008707174:
3202105312003120008698315:
3202105312004150009325511:
3202105312004510009322602:
3202105312005440009343593:
3202105312006240006033902:
3202105312008210009286996:
3202105312014570008503979:
3202105312105090007407502:
3202105312109400009226400:
3202105312117270009305555:
3202105312121140009291061:
3202105312132400009289323:
3202105312132430008698121:
3202105312132580008494092:
3202105312157020009326438:
3202105312157070009274874:
3202105312159000001077421:
3202105312159020009234248:
3202105312159040009324068:
3202105312159050003137991:
3202105312159070009340813:
3202105312159080008680900:
3202105312159100009324068:
3202105312159120009340470:
3202105312159130008697156:
3202105312159150003137754:
3202105312159170008499556:
3202105312159190008494290:
3202105312159200008493217:
3202105312159230009351964:
3202105312159250009306129:
3202105312159290009279481:
3202105312159310008514276:
3202105312159330009351964:
3202105312159350006024738:
3202105312159380008692117:
3202105312159390008501480:
3202105312159420006018008:
3202105312159450008681703:
3202105312159490003137966:
3202105312159510009331842:
3202105312159530009327615:
3202105312159540008492410:
3202105312159580009336959:
3202105312200010009305260:
3202105312200020008517323:
3202105312200040008691341:
3202105312200060008699992:
3202105312200080008704360:
3202105312200100009354460:
3202105312200120008711892:
3202105312200140009354460:
3202105312200150008688282:
3202105312200170008711892:
3202105312200180009295891:
3202105312200200006041721:
3202105312200210008512000:
3202105312200240009226816:
3202105312200260008507829:
3202105312200280008704323:
3202105312200290008680648:
3202105312200310009354802:
3202105312200340009234458:
3202105312200360008429633:
3202105312200380008514795:
3202105312200390008518736:
3202105312200410009306586:
3202105312200440000424007:
3202105312200460008494924:
3202105312200480009308083:
3202105312200500009354349:
3202105312200530009324879:
3202105312200550008497528:
3202105312200570006016090:
3202105312200580009354349:
3202105312201010009339225:
3202105312201020008508352:
3202105312201040008711197:
3202105312201060009253719:
3202105312201091513653821:
3202105312201110008500889:
3202105312201140000439530:
3202105312201170009335560:
3202105312201180009232350:
3202105312201210009339930:
3202105312201230006023085:
3202105312201251513653050:
3202105312201270008445992:
3202105312201290008695330:
3202105312201320008500888:
3202105312201330006015460:
3202105312201350008500888:
3202105312201370008517783:
3202105312201390007418333:
3202105312201410009234108:
3202105312201430009339144:
3202105312201450008688253:
3202105312201560009348542:
3202105312201590006025823:
3202105312202010006040154:
3202105312202040008515578:
3202105312202070006015165:
3202105312202110008678678:
3202105312202260008505932:
3202105312202270008497634:
3202105312202310008498188:
3202105312202340007419418:
3202105312202360008506597:
3202105312202410006039129:
3202105312203140007421210:
3202105312203220008492065:
3202105312203280009284157:
3202105312203340008494141:
3202105312203490008494964:
3202105312204550008677773:
3202105312205310009339211:
3202105312205330009351758:
3202105312205370006039998:
3202105312205500008500378:
3202105312206070009300590:
3202105312208520009303427:
3202105312208540004158333:
3202105312209000009310033:
3202105312211080008693150:
3202105312211110009299255:
3202105312211130006026835:
3202105312211150008503824:
3202105312211170008701103:
3202105312211210007404980:
3202105312211230008716113:
3202105312211250009252945:
3202105312211300009272184:
3202105312211360007405149:
3202105312213010009354625:
3202105312213170008491948:
3202105312213180009325528:
4202105310732150009324572:
4202105310735580008494141:
4202105310741410009349985:
4202105310743470006040155:
4202105310744250009231425:
4202105310745570009272601:
4202105310746530006041088:
4202105310747100009326600:
4202105310747130003116965:
4202105310747290001087543:
4202105310747320008503089:
4202105310748050008681212:
4202105310748130009346340:
4202105310748150008690224:
4202105310748180009285513:
4202105310748350008493340:
4202105310748410008501349:
4202105310749390006036321:
4202105310749510009324614:
4202105310749540009338161:
4202105310750080009349972:
4202105310750420009342997:
4202105310750450008689944:
4202105310750571513653075:
4202105310751111513631101:
4202105310751150006021988:
4202105310751460008695597:
4202105310752010009296645:
4202105310752040009341511:
4202105310752090007406683:
4202105310752130009252994:
4202105310752210008429607:
4202105310752240006022158:
4202105310752260004179293:
4202105310752290006036336:
4202105310752310009346055:
4202105310752330009339225:
4202105310752380006015165:
4202105310752460000424167:
4202105310752560006027612:
4202105310753050009342143:
4202105310753070009277510:
4202105310753240009286387:
4202105310753320007406670:
4202105310753410009352010:
4202105310753440009252945:
4202105310753450009283323:
4202105310753470009339821:
4202105310753490006020192:
4202105310753510009247701:
4202105310754090009343593:
4202105310754120009250787:
4202105310754140006029910:
4202105310754170008493895:
4202105310754310009226797:
4202105310754360015629857:
4202105310754410008717694:
4202105310754520008679170:
4202105310754530009234249:
4202105310754560008493092:
4202105310755070009348776:
4202105310755090009339837:
4202105310755110009346685:
4202105310755120009331044:
4202105310755140009346685:
4202105310755160001122577:
4202105310755170008499805:
4202105310755200008710875:
4202105310755220004163548:
4202105310755260008510188:
4202105310755300008699709:
4202105310755360009274874:
4202105310755410009342035:
4202105310755440009273026:
4202105310755480006013128:
4202105310755550009327620:
4202105310755590008500493:
4202105310756050004179142:
4202105310756100009225500:
4202105310756120009342142:
4202105310756140009339818:
4202105310756170008495556:
4202105310756210008501953:
4202105310756230008501835:
4202105310756320009351814:
4202105310756350009324605:
4202105310756370008499706:
4202105310756420006041875:
4202105310756590009283252:
4202105310757020009354827:
4202105310757050003132772:
4202105310757080009339817:
4202105310757100008684967:
4202105310757130009295454:
4202105310757150009326658:
4202105310757160006039974:
4202105310757180000424545:
4202105310757210009346181:
4202105310757220009232613:
4202105310757310009324118:
4202105310757330009342978:
4202105310757350007401131:
4202105310757421513653050:
4202105310757440009341742:
4202105310757470009337903:
4202105310757490009226821:
4202105310757520009339834:
4202105310758060008695667:
4202105310758180001088074:
4202105310758210007395601:
4202105310758360001083930:
4202105310758390009231455:
4202105310758420009280051:
4202105310758460009225508:
4202105310758520009342981:
4202105310758560009249489:
4202105310758580006020220:
4202105310759000009324085:
4202105310759020007395593:
4202105310759030009246202:
4202105310759050009311280:
4202105310759060008499867:
4202105310759080000431385:
4202105310759100008686117:
4202105310759130008514966:
4202105310759150009342984:
4202105310759170004169060:
4202105310759180008496149:
4202105310759270008680442:
4202105310759290008506912:
4202105310759450003126356:
4202105310759500008512783:
4202105310759520008677569:
4202105310759540007404978:
4202105310759550006027345:
4202105310759580003126380:
4202105310800090009298206:
4202105310800150009346035:
4202105310800170008503979:
4202105310800180008708992:
4202105310800200008683912:
4202105310800210001077425:
4202105310800260002854367:
4202105310800290009327564:
4202105310800310009339204:
4202105310800320008719239:
4202105310800350008502693:
4202105310801260009342982:
4202105310801510008503532:
4202105310802000009340819:
4202105310802140008493749:
4202105310803000009288958:
4202105310803390006033000:
4202105310805510009343432:
4202105310805590009226399:
4202105310806210009226429:
4202105310806240007404980:
4202105310807050009303697:
4202105310833430008504041:
4202105310834010009290471:
4202105310834200008500916:
4202105310917510009291061:
4202105310934560006022420:
4202105311257430009225500:
4202105311701130009281928:
4202105311703420009354582:
4202105311709270007395601:
4202105311709370007396382:
4202105311710440009288958:
4202105311758320009342143:
4202105311759050008515910:
4202105311900170009324606:
4202105311900190006020220:
4202105311900200009343592:
4202105311900220009226448:
4202105311901410008495972:
4202105311901450008493340:
4202105311902140003116965:
4202105311902200009342982:
4202105311903340008699709:
4202105311903420009346035:
4202105311903440008712381:
4202105311903460008710875:
4202105311904090009348776:
4202105311904250008690224:
4202105311904330009226797:
4202105311906450006033000:
4202105311906580009326648:
4202105311907290009324118:
4202105311907310009250787:
4202105311907380009341511:
4202105311918130009252994:
4202105311928280007406683:
4202105311937270006024741:
4202105312001310006027612:
4202105312010110008429607:
4202105312016240006036994:
4202105312018410009225508:
4202105312018440009327620:
4202105312100010008495161:
4202105312100040003137945:
4202105312106480008502693:
4202105312158480009344572:
4202105312159090006039506:
4202105312159160009349985:
4202105312159220009342997:
4202105312159340000424167:
4202105312159550009246199:
4202105312200000009343174:
4202105312200020009246199:
4202105312200030008708992:
4202105312200060008712416:
4202105312200090007401131:
4202105312200120009346055:
4202105312200150006022158:
4202105312200170008717694:
4202105312200190008499706:
4202105312200210008493092:
4202105312200220009298206:
4202105312200240007402196:
4202105312200250008697764:
4202105312200270009340816:
4202105312200300008695667:
4202105312200310008677903:
4202105312200330006021988:
4202105312200350009231425:
4202105312200370009342978:
4202105312200380001083930:
4202105312200400007406670:
4202105312200410009273291:
4202105312200430004169060:
4202105312200440008695597:
4202105312200460008677569:
4202105312200470008493895:
4202105312200490001087543:
4202105312200500009337006:
4202105312200530009339821:
4202105312200570008680442:
4202105312200590009341742:
4202105312201040009342142:
4202105312201060009331044:
4202105312201080009295454:
4202105312201090009346181:
4202105312201110006039974:
4202105312201130003132772:
4202105312201140009234249:
4202105312201240006042240:
4202105312201300008513100:
4202105312201311513631101:
4202105312201340000424545:
4202105312201370008500493:
4202105312201380009324572:
4202105312201400009324085:
4202105312201430009346033:
4202105312201450008493749:
4202105312201470006019432:
4202105312201510006036997:
4202105312201550015629857:
4202105312201570009354827:
4202105312201590006036336:
4202105312202010009246202:
4202105312202030009273026:
4202105312202050009311280:
4202105312202060009339837:
4202105312202080009342035:
4202105312202120009346685:
4202105312202140002854367:
4202105312202160009246201:
4202105312202190006041088:
4202105312202220008500083:
4202105312202280008495556:
4202105312202300008679170:
4202105312202340006013128:
4202105312202370008719239:
4202105312202390004163548:
4202105312202430009254169:
4202105312202550009231455:
4202105312203021513653075:
4202105312203080009292442:
4202105312203110009272601:
4202105312203150009232352:
4202105312203270009354391:
4202105312205310007402498:
4202105312207010008493833:
5202105310100180009249499:
5202105310100210008510716:
5202105310100240009339273:
5202105310100250006028292:
5202105310100300008509806:
5202105310100330009346170:
5202105310100340007411321:
5202105310100360006012153:
5202105310100390009347747:
5202105310100410009225523:
5202105310100430009232187:
5202105310100450003137990:
5202105310100470008512216:
5202105310100480009327416:
5202105310100530009330833:
5202105310100550009327416:
5202105310100570007407739:
5202105310100590009326645:
5202105310101000009324831:
5202105310101020009226965:
5202105310101050009336988:
5202105310101060006032924:
5202105310101110008515081:
5202105310101130008706878:
5202105310101160009297574:
5202105310101180008510696:
5202105310101200008493750:
5202105310101220008507561:
5202105310101240009230781:
5202105310101260009348762:
5202105310101280006030142:
5202105310101300009247716:
5202105310101310008513950:
5202105310101340008687593:
5202105310101360004179472:
5202105310101391513645885:
5202105310101410008494656:
5202105310101430009352009:
5202105310101460008718216:
5202105310101480008506376:
5202105310101500009339812:
5202105310101520009236809:
5202105310101560008717926:
5202105310101580009346353:
5202105310102000008717044:
5202105310102030009314377:
5202105310102040004180013:
5202105310102060009339795:
5202105310102080009324107:
5202105310102090009339795:
5202105310102110009234467:
5202105310102130008517932:
5202105310102150009351308:
5202105310102170009323985:
5202105310102200008702320:
5202105310102210009351833:
5202105310102230009225481:
5202105310102240009342183:
5202105310102270008678770:
5202105310102280009351833:
5202105310102300007421212:
5202105310102310009254229:
5202105310102340008694659:
5202105310102360008682585:
5202105310102380001108277:
5202105310102390009234236:
5202105310102411513649006:
5202105310102420009225507:
5202105310102440001097762:
5202105310102450008692450:
5202105310102470009321395:
5202105310102480009340824:
5202105310102500006024740:
5202105310102510008512362:
5202105310102540009279709:
5202105310102560009343374:
5202105310102590009226440:
5202105310103010009321326:
5202105310103020009342002:
5202105310103040009347607:
5202105310103050009324604:
5202105310103070008493366:
5202105310103090007398914:
5202105310103110009354001:
5202105310103120008709011:
5202105310103130007402523:
5202105310103150008493366:
5202105310103180009347607:
5202105310103200008676811:
5202105310103211513637915:
5202105310103230008506797:
5202105310103290007410282:
5202105310103300008676811:
5202105310103360009281814:
5202105310103380006030118:
5202105310103400000439539:
5202105310103420008676811:
5202105310103430009305457:
5202105310103450009340820:
5202105310103470009346290:
5202105310103490003126145:
5202105310103510009296798:
5202105310103530008503915:
5202105310103540009226412:
5202105310103560008499075:
5202105310103580008691017:
5202105310104000009346362:
5202105310104010000424165:
5202105310104030006024740:
5202105310104040009225506:
5202105310104060008698279:
5202105310104080008519522:
5202105310104100009346707:
5202105310104120009346376:
5202105310104140009253842:
5202105310104160006040284:
5202105310104180008509370:
5202105310104190009341030:
5202105310104210007414082:
5202105310104240003109818:
5202105310104250009290365:
5202105310104270009354401:
5202105310104280009234480:
5202105310104310009290365:
5202105310104320006039494:
5202105310104340009297056:
5202105310104360009225494:
5202105310104370009252984:
5202105310104410009339839:
5202105310104420009338814:
5202105310104440008496310:
5202105310104460009232378:
5202105310104480009241934:
5202105310104520009339219:
5202105310104580009339803:
5202105310105000009234247:
5202105310105020008508219:
5202105310105140007410385:
5202105310105230009277567:
5202105310105250007422376:
5202105310105340008709393:
5202105310105370009294273:
5202105310105390006036993:
5202105310105420008495616:
5202105310105440009326612:
5202105310106360008686064:
5202105310109080008500113:
5202105310111130008515578:
5202105310121440008503532:
5202105310249410009343364:
5202105310249470006042277:
5202105310732590007402194:
5202105310733040006039969:
5202105310741290009225506:
5202105310741450006028292:
5202105310742580006040284:
5202105310744160008519522:
5202105310744570007398914:
5202105310745320008697063:
5202105310746010006032924:
5202105310746130008497463:
5202105310746150008508219:
5202105310746170008495037:
5202105310746190009342002:
5202105310746260006009777:
5202105310747100008519041:
5202105310748210009346353:
5202105310748240009348762:
5202105310748250008698279:
5202105310748290009324831:
5202105310748570009346170:
5202105310749090008517932:
5202105310749240009247716:
5202105310749270009305457:
5202105310749300008503915:
5202105310749490008500113:
5202105310749510008506376:
5202105310749591513645885:
5202105310750010009254229:
5202105310750170006030130:
5202105310750200000424165:
5202105310750410000439539:
5202105310750550009352009:
5202105310751040008494656:
5202105310751300009234467:
5202105310751320009343374:
5202105310751380009339219:
5202105310751430008512059:
5202105310752060007411321:
5202105310752150008683123:
5202105310752180006039671:
5202105310752200008493286:
5202105310752220009230795:
5202105310752370008512216:
5202105310752480009230781:
5202105310752490009339812:
5202105310753020007407739:
5202105310753200009236809:
5202105310753230009336988:
5202105310753320009339273:
5202105310753340009338814:
5202105310753360008687593:
5202105310753390008717044:
5202105310753410003137990:
5202105310753420009314377:
5202105310753450007402523:
5202105310753490008706878:
5202105310753510009344572:
5202105310753540009346362:
5202105310754170008699606:
5202105310754200009225523:
5202105310754210009346063:
5202105310754230008510090:
5202105310754250009351833:
5202105310754280008706494:
5202105310754300009321334:
5202105310754310008686064:
5202105310754330008717926:
5202105310754350004180013:
5202105310754380009349952:
5202105310754390008493750:
5202105310754420008676811:
5202105310754430009323985:
5202105310754450009326645:
5202105310754470008506797:
5202105310754490008512362:
5202105310754510008507561:
5202105310755020009339839:
5202105310755040009254207:
5202105310755070009226965:
5202105310755300003920040:
5202105310755330009351308:
5202105310755390009234236:
5202105310755430001083110:
5202105310755510009226440:
5202105310755530009340820:
5202105310755560009232651:
5202105310756140008513950:
5202105310756170009346707:
5202105310756190003892332:
5202105310756230009236903:
5202105310756250009351998:
5202105310756280008510716:
5202105310756330009297574:
5202105310756490009225481:
5202105310756510003126147:
5202105310756540009225507:
5202105310756590009252984:
5202105310757100008692450:
5202105310757160008496310:
5202105310757230006030118:
5202105310757250009232187:
5202105310757310008682585:
5202105310757320006028298:
5202105310757340009340824:
5202105310757370008696894:
5202105310757390008701083:
5202105310757410009279709:
5202105310757440008709011:
5202105310757460009232378:
5202105310757470009339524:
5202105310757490009234088:
5202105310757510008509370:
5202105310757550009321395:
5202105310758020008510696:
5202105310758070008702320:
5202105310758090009234480:
5202105310758100009346708:
5202105310758120009346290:
5202105310758140009347747:
5202105310758160008493366:
5202105310758290008718216:
5202105310758590009354401:
5202105310759010006032924:
5202105310759060009327416:
5202105310759130009241934:
5202105310759150007414082:
5202105310759170009337006:
5202105310759200009297056:
5202105310759210009275624:
5202105310759230003126145:
5202105310759250009300544:
5202105310759270009283932:
5202105310759290009253842:
5202105310759300008702965:
5202105310759320009341030:
5202105310759450009346376:
5202105310759490009354001:
5202105310759530009321818:
5202105310800000006030142:
5202105310800010009324138:
5202105310800070008694659:
5202105310800181513649006:
5202105310800231513641316:
5202105310800290009281814:
5202105310800320007410282:
5202105310800400009296798:
5202105310801110009347607:
5202105310801140009246199:
5202105310801170009232355:
5202105310801230006039973:
5202105310801290008515910:
5202105310801530006039494:
5202105310802060008697836:
5202105310802080009226392:
5202105310803070006014993:
5202105310803080007421212:
5202105310803490008498988:
5202105310804120009326612:
5202105310804150008499075:
5202105310804240009226412:
5202105310808230009277567:
5202105310812030007410385:
5202105311656530009300544:
5202105311714170007421212:
5202105311720030008509806:
5202105311757570009288224:
5202105311800550008510090:
5202105311801200009346353:
5202105311802550006039494:
5202105311823590009232651:
5202105311852590008493028:
5202105311854400001100446:
5202105311859090009225488:
5202105311902060009347607:
5202105312000010008508587:
5202105312000030009287011:
5202105312000050008497657:
5202105312001560008510716:
5202105312002530009314377:
5202105312004220007402482:
5202105312004260009339828:
5202105312004320009293911:
5202105312004560008702965:
5202105312005020008680743:
5202105312006110007402194:
5202105312011240002851459:
5202105312012030009343364:
5202105312021430006042277:
5202105312035370009281814:
5202105312102030009346064:
5202105312103020008500401:
5202105312143300009313530:
5202105312157020008686064:
5202105312158120008697063:
5202105312159360008506632:
5202105312159460009344572:
5202105312200180009324138:
5202105312200210006032999:
5202105312200240008681703:
5202105312200260009340470:
5202105312200280003137966:
5202105312200320006030480:
5202105312200330009331842:
5202105312200360009327615:
5202105312200370009336959:
5202105312200390009343383:
5202105312200420008517323:
5202105312200450006018008:
5202105312200590008493217:
5202105312201260008692560:
5202105312201290009308083:
5202105312201310000424007:
5202105312201490006014993:
5202105312201560007419034:
5202105312202040006039541:
5202105312202300003892332:
5202105312202340009321818:
5202105312204360008688767:
5202105312206080009247716:
5202105312206110008718216:
5202105312207450008677300:
5202105312233320009303525:
5202105312300330008704200:
5202105312300360009351823:
5202105312300490009236903:
5202105312300580009337900:
5202105312301000009351998:
5202105312301010008717044:
5202105312301040009348762:
5202105312301060009323985:
5202105312301070006030142:
5202105312301090009351308:
5202105312301110009236809:
5202105312301130008682585:
5202105312301150009336988:
5202105312301170009296798:
5202105312301190008699606:
5202105312301210008701083:
5202105312301240009326612:
5202105312301250008494656:
5202105312301330006040284:
5202105312301360008494656:
5202105312301400004180013:
5202105312301410008692450:
5202105312301440009346170:
5202105312301470008513950:
5202105312301500008683123:
5202105312301540008499075:
5202105312301570009340824:
5202105312301590008706878:
5202105312302020003126145:
5202105312302050009230795:
5202105312302080009339273:
5202105312302200009340820:
5202105312302240008706494:
5202105312302280006030130:
5202105312302570008678770:
5202105312303050001108277:
5202105312304170008491998:
5202105312304290009232187:
5202105312306140009347747:
5202105312307020006039969:
5202105312317090009300596:
5202105312317110009324604:
5202105312317130009346290:
5202105312317150008497795:
5202105312317290008499206:
5202105312317310009346063:
5202105312317500008676811:
5202105312317530008506797:
5202105312318100000439539:
5202105312318120009342959:
5202105312318150009254229:
5202105312357460009339219:
5202105312357480003137990:
5202105312358010008687593:
5202105312358050006032924:
5202105312358081513645885:
5202105312358110009324831:
5202105312358130006028292:
5202105312358150008717926:
5202105312358170009340824:
5202105312358190009230781:
5202105312358210009352009:
5202105312358230008512216:
5202105312358270009297574:
5202105312358290008515081:
5202105312358320009327416:
5202105312358330008494564:
5202105312358360008512362:
5202105312358380009226965:
5202105312358410008510696:
5202105312358430009351833:
5202105312358460009346376:
5202105312358470006030118:
5202105312358500008506376:
5202105312358520009225481:
5202105312358530008709954:
5202105312358550008507561:
5202105312358580009225523:
5202105312359010007407739:
5202105312359050009330833:
5202105312359130003126147:
5202105312359140008698279:
5202105312359350009254183:
6202105310002400009344566:
6202105310100540009336990:
6202105310100580009343567:
6202105310101400009230749:
6202105310101440009339792:
6202105310101550008698795:
6202105310102580003126147:
6202105310249340009304051:
6202105310249420009285513:
6202105310726220008501288:
6202105310731130006021991:
6202105310731270008501833:
6202105310732400008497528:
6202105310733430008677300:
6202105310734070008503824:
6202105310734100009292442:
6202105310734240009326438:
6202105310735300002851459:
6202105310736320008496471:
6202105310736410006039493:
6202105310736580008698121:
6202105310737100009296138:
6202105310737390006026835:
6202105310739370008501612:
6202105310739460009348566:
6202105310741120009295214:
6202105310741200009300413:
6202105310741450008509948:
6202105310741570008683630:
6202105310742060008692290:
6202105310742190009351758:
6202105310742540009226959:
6202105310743140000431430:
6202105310743210009339274:
6202105310743250009307131:
6202105310743500008712785:
6202105310744350008713215:
6202105310745110009276661:
6202105310745170004166400:
6202105310745300009232350:
6202105310745370009298223:
6202105310745470008509407:
6202105310745520009247696:
6202105310746110008517815:
6202105310746230008718055:
6202105310747120006040360:
6202105310747160009232352:
6202105310747180008677903:
6202105310747200007405149:
6202105310747220008493676:
6202105310747260008492636:
6202105310747340009354625:
6202105310747360009233697:
6202105310747410008519041:
6202105310747480008708003:
6202105310747500009298435:
6202105310747560009305260:
6202105310747580009275948:
6202105310748010009247509:
6202105310748270009226804:
6202105310748320009305197:
6202105310748340006031526:
6202105310748370003137945:
6202105310748380006039674:
6202105310748410006024088:
6202105310748450009351830:
6202105310748520009310033:
6202105310749240008502735:
6202105310749300008497774:
6202105310749330006027609:
6202105310749390003916932:
6202105310749420006016276:
6202105310749460006036876:
6202105310749490009348376:
6202105310750020006039510:
6202105310750160006039991:
6202105310750320006024122:
6202105310750330008512035:
6202105310750380008500109:
6202105310750390008498240:
6202105310750420007395627:
6202105310750500009335539:
6202105310750560008443266:
6202105310750580008683421:
6202105310751030006028762:
6202105310751060009226390:
6202105310751080008499165:
6202105310751110008491948:
6202105310751130008508441:
6202105310751160002851460:
6202105310751230006022433:
6202105310751300006028799:
6202105310751320008506055:
6202105310751350008704914:
6202105310751380006025403:
6202105310752000006030484:
6202105310752020009282645:
6202105310752050009325536:
6202105310752250007402498:
6202105310752260006039129:
6202105310752290008503339:
6202105310752420008508290:
6202105310752480008689537:
6202105310752510008711445:
6202105310752530009339277:
6202105310752550009343384:
6202105310752580008492410:
6202105310752590009326626:
6202105310753020009226426:
6202105310753110009327616:
6202105310753140001083945:
6202105310753160008692117:
6202105310753180009325528:
6202105310753210008500378:
6202105310753240009300590:
6202105310753370008714837:
6202105310753400008512784:
6202105310753430004046800:
6202105310753460008710216:
6202105310753480007418333:
6202105310753510008712381:
6202105310753540004045200:
6202105310753550009350096:
6202105310753570008518703:
6202105310754000008493770:
6202105310754020008499556:
6202105310754040009282830:
6202105310754050006037924:
6202105310754070009326609:
6202105310754090009330829:
6202105310754100006039995:
6202105310754120008517783:
6202105310754140009326650:
6202105310754160008513365:
6202105310754180008446178:
6202105310754200007395592:
6202105310754230009321321:
6202105310754250001114611:
6202105310754270001096293:
6202105310754290008498971:
6202105310754320009346367:
6202105310754360009236868:
6202105310754370008709488:
6202105310754390008511515:
6202105310754400008693920:
6202105310754420008500597:
6202105310754430009324629:
6202105310754450009301075:
6202105310754480008676957:
6202105310754500008680280:
6202105310754520008699992:
6202105310754540008503789:
6202105310754570000439530:
6202105310754580009354581:
6202105310755010009342034:
6202105310755030009339792:
6202105310755050006039972:
6202105310755080008712416:
6202105310755100006028451:
6202105310755120008681703:
6202105310755150009354349:
6202105310755180008510316:
6202105310755210008518128:
6202105310755240007419034:
6202105310755260009226385:
6202105310755290009278808:
6202105310755310009241075:
6202105310755330008695905:
6202105310755340009226816:
6202105310755370008496367:
6202105310755380008493217:
6202105310755400009295891:
6202105310755420009226817:
6202105310755450008492480:
6202105310755470009353030:
6202105310755490009281928:
6202105310755510009253739:
6202105310755530008506434:
6202105310755540008508521:
6202105310755570008496191:
6202105310755580008716625:
6202105310756000008693892:
6202105310756020003934713:
6202105310756050009340470:
6202105310756070008512000:
6202105310756090009279494:
6202105310756110008511510:
6202105310756140008701274:
6202105310756160008680648:
6202105310756170008513144:
6202105310756190008713719:
6202105310756200007404952:
6202105310756220008504585:
6202105310756240008505427:
6202105310756250008501942:
6202105310756270008516213:
6202105310756290009339195:
6202105310756300009281874:
6202105310756320009351768:
6202105310756340009339930:
6202105310756360003892332:
6202105310756390008429633:
6202105310756410001087528:
6202105310756420008515734:
6202105310756440009339915:
6202105310756450008696388:
6202105310756470009254169:
6202105310756480009226812:
6202105310756500000424007:
6202105310756520009226946:
6202105310756530006022003:
6202105310756550008707911:
6202105310756580006030145:
6202105310757000009340450:
6202105310757020008507829:
6202105310757050008506074:
6202105310757090008492065:
6202105310757110009252946:
6202105310757120008511222:
6202105310757140008501795:
6202105310757181513626317:
6202105310757190008501795:
6202105310757211513626317:
6202105310757230008495972:
6202105310757250009310978:
6202105310757270006030482:
6202105310757300009233695:
6202105310757340009324879:
6202105310757360009232653:
6202105310757390008716113:
6202105310757400009288913:
6202105310757410008702658:
6202105310757430009231410:
6202105310757450008715034:
6202105310757460009354699:
6202105310757480009325535:
6202105310757500009233704:
6202105310757520009247694:
6202105310757540009278607:
6202105310757560009234457:
6202105310757570009343592:
6202105310757590003137754:
6202105310758010007421209:
6202105310758020009286616:
6202105310758041513409863:
6202105310758050008685403:
6202105310758070006028298:
6202105310758080009230793:
6202105310758100006026834:
6202105310758120009287411:
6202105310758130008717268:
6202105310758150006026834:
6202105310758160009311591:
6202105310758180008497935:
6202105310758190008698315:
6202105310758210006028757:
6202105310758230009234486:
6202105310758250009296878:
6202105310758270009322590:
6202105310758280007417231:
6202105310758300007398908:
6202105310758310006010458:
6202105310758330007398908:
6202105310758340008501482:
6202105310758350006022159:
6202105310758370008503907:
6202105310758400009333812:
6202105310758410009348543:
6202105310758430009346033:
6202105310758450009240533:
6202105310758470007406867:
6202105310758490009343174:
6202105310758510008512859:
6202105310758530001077087:
6202105310758540008497699:
6202105310758560009325498:
6202105310758580008698795:
6202105310759000009234484:
6202105310759020006018006:
6202105310759030009279481:
6202105310759050009276489:
6202105310759080003126383:
6202105310759100008688282:
6202105310759120009348608:
6202105310759140008505663:
6202105310759160009321481:
6202105310759180004178213:
6202105310759200006033720:
6202105310759220009247715:
6202105310759230007421269:
6202105310759250006025807:
6202105310759260009254212:
6202105310759280008683912:
6202105310759300006019432:
6202105310759320009354460:
6202105310759330006015460:
6202105310759350006023662:
6202105310759370008500401:
6202105310759390007409900:
6202105310759410009354582:
6202105310759430009240515:
6202105310759440008507377:
6202105310759460006040154:
6202105310759470009342940:
6202105310759490006024741:
6202105310759510009226448:
6202105310759520009342940:
6202105310759540009348748:
6202105310759550008704360:
6202105310759570008690203:
6202105310759590008508352:
6202105310800000008493565:
6202105310800020009310954:
6202105310800030009340816:
6202105310800050009292116:
6202105310800060008494964:
6202105310800080009340801:
6202105310800100008491901:
6202105310800130008703345:
6202105310800150009285695:
6202105310800160006036994:
6202105310800180008499149:
6202105310800200006032030:
6202105310800220009282114:
6202105310800250006027344:
6202105310800270007407764:
6202105310800290008692560:
6202105310800310009344566:
6202105310800330008692560:
6202105310800340008493677:
6202105310800360008516772:
6202105310800390008493833:
6202105310800410009230749:
6202105310800430009339144:
6202105310800460006028797:
6202105310800490006040154:
6202105310800510009246201:
6202105310800540009233737:
6202105310800550008500567:
6202105310800570006036997:
6202105310800590008696238:
6202105310801020009346020:
6202105310801070006039506:
6202105310801100008503532:
6202105310801280008513733:
6202105310801320000424146:
6202105310802140009343383:
6202105310802200008686680:
6202105310802330009303097:
6202105310802360006039337:
6202105310802380007419049:
6202105310802410006025806:
6202105310802430006022160:
6202105310803160008505932:
6202105310803180006042240:
6202105310803380008701103:
6202105310803450008515578:
6202105310805060008699143:
6202105310805080006039807:
6202105310805410008495161:
6202105310805590009234240:
6202105310807230009289323:
6202105310807450006014341:
6202105311015400009279594:
6202105311355060009304051:
6202105311712180009352016:
6202105311721370009339277:
6202105311722580009276661:
6202105311724340006025806:
6202105311736180008503907:
6202105311809280009252962:
6202105311809300009252962:
6202105311859500008508441:
6202105311908370009340812:
6202105311908460009324637:
6202105311908470009353030:
6202105311908490008713719:
6202105311908560009340801:
6202105311908580009323999:
6202105311909010001096293:
6202105311909050007395592:
6202105311909230009326609:
6202105311909260009300618:
6202105311909310008503789:
6202105311909330009354344:
6202105311909360008718055:
6202105311909510003132773:
6202105311909540006030484:
6202105311909580009343149:
6202105311910040008508290:
6202105311910060006028799:
6202105311910370000424146:
6202105311910400009326626:
6202105311910430009287411:
6202105311910450008689944:
6202105311911050008498021:
6202105311911130008699143:
6202105311911420008698795:
6202105311911560008692290:
6202105311912050004178213:
6202105311912090009321321:
6202105311912230009338161:
6202105311912380009226385:
6202105311912560006039674:
6202105311912590009233704:
6202105311913010008500109:
6202105311913020001114611:
6202105311913040008696238:
6202105311913060008511515:
6202105311913080008500597:
6202105311913090006037924:
6202105311913110006022433:
6202105311913130008506434:
6202105311913140009283932:
6202105311913170007417231:
6202105311913210006039972:
6202105311913260008513733:
6202105311913380003916932:
6202105311913430008516772:
6202105311913460008501833:
6202105311913500009226812:
6202105311914110004046800:
6202105311914130009233704:
6202105311914160009348543:
6202105311914190006017496:
6202105311914210009232653:
6202105311914230009348543:
6202105311914260007409900:
6202105311914440009307131:
6202105311915150003137964:
6202105311915190009348566:
6202105311915220009339274:
6202105311915250008508521:
6202105311915300008680280:
6202105311915380006039493:
6202105311915420008494201:
6202105311915460009310954:
6202105311915480009335539:
6202105311915490009348376:
6202105311915520008493676:
6202105311915540008496367:
6202105311916010008518128:
6202105311916070009300413:
6202105311916420008510378:
6202105311916440009247715:
6202105311917050008492480:
6202105311917070009247715:
6202105311917140006024088:
6202105311917160009230793:
6202105311917270008509948:
6202105311917360006039510:
6202105311917450008506074:
6202105311917500008501795:
6202105311918060008511510:
6202105311918070009252946:
6202105311918200008707911:
6202105311918260006030482:
6202105311918540006039337:
6202105311919060008492636:
6202105311919080007404952:
6202105311919140006026834:
6202105311919230009354699:
6202105311919450006033720:
6202105311919540008497774:
6202105311919560007395627:
6202105311920270000431430:
6202105311921000008446178:
6202105311923170007395627:
6202105311923190008497699:
6202105311923210008497774:
6202105311924390008695905:
6202105311924470008498971:
6202105311928180008502735:
6202105311929070009282645:
6202105311931350008491901:
6202105311931380008715034:
6202105311948150006024741:
6202105312006450009226946:
6202105312006490009295214:
6202105312007420009226959:
6202105312008120009348608:
6202105312009120006023662:
6202105312011230008712785:
6202105312011570008707174:
6202105312012310008703345:
6202105312012330008493565:
6202105312012350008513365:
6202105312012370006027344:
6202105312012380008517815:
6202105312012400009278808:
6202105312012420006028757:
6202105312012430009247696:
6202105312012450007398908:
6202105312012470009296878:
6202105312012500006028762:
6202105312012510008714837:
6202105312012530001077087:
6202105312012550009327616:
6202105312012570009226426:
6202105312012580006018006:
6202105312013000008499165:
6202105312013020009226817:
6202105312013030006010458:
6202105312013050008509407:
6202105312013060008501942:
6202105312013080009303097:
6202105312013090008512035:
6202105312013110006039995:
6202105312013130008704914:
6202105312013150009226804:
6202105312013170007421209:
6202105312013180008498240:
6202105312013200001083945:
6202105312013220008499149:
6202105312013300007419049:
6202105312013330009233737:
6202105312013430008510316:
6202105312013450008698315:
6202105312013470008513144:
6202105312013530009226447:
6202105312013560009240515:
6202105312014050001087528:
6202105312014090007421269:
6202105312014130006032030:
6202105312014220008516213:
6202105312014360009325511:
6202105312014380006039991:
6202105312015320009292116:
6202105312015410002851460:
6202105312015521513409863:
6202105312016110009343593:
6202105312016530006033902:
6202105312049420009298223:
6202105312101150009291036:
6202105312108250009305197:
6202105312108400008689537:
6202105312110040008702698:
6202105312110080008713928:
6202105312110530008711445:
6202105312115240006022420:
6202105312115270008504041:
6202105312120020009226400:
6202105312150210009247509:
6202105312201150009303697:
6202105312202100008701274:
6202105312204210009226390:
6202105312204490009226399:
6202105312207480009342954:
6202105312207510009344566:
6202105312207540009340450:
6202105312207570009351768:
6202105312208000008713215:
6202105312208160009231410:
6202105312208170008713215:
6202105312208200006025403:
6202105312208220009346020:
6202105312208240009230749:
6202105312208260009346173:
6202105312208270006028451:
6202105312208290009342034:
6202105312208310009231473:
6202105312208330008683630:
6202105312208340009230815:
6202105312208360009339802:
6202105312208370002851487:
6202105312208390008510264:
6202105312208410003934713:
6202105312208440008710216:
6202105312208450008692032:
6202105312208470008515734:
6202105312208490008710216:
6202105312208530009282830:
6202105312208560009343567:
6202105312208580009234457:
6202105312209030009275948:
6202105312209070009231410:
6202105312209090009288913:
6202105312209110008690203:
6202105312209160009254212:
6202105312209460009325535:
6202105312209480009278607:
6202105312210000006032999:
6202105312210010008714702:
6202105312210030009276489:
6202105312210030009324138:
6202105312210070009343383:
6202105312210090008506055:
6202105312210100009340470:
6202105312210120008501482:
6202105312210130009301075:
6202105312210170006030480:
6202105312210180008515734:
6202105312210200009301075:
6202105312210210008711249:
6202105312210230006027609:
6202105312210250009348603:
6202105312210270009354581:
6202105312210290006018008:
6202105312210300008512397:
6202105312210320008513955:
6202105312210340009346367:
6202105312210350008506055:
6202105312210370009352010:
6202105312210380008499556:
6202105312210400009281874:
6202105312210410008492410:
6202105312210430008513955:
6202105312210450009333812:
6202105312210470003137754:
6202105312210490009236868:
6202105312210510006030145:
6202105312210520008513955:
6202105312210540009305547:
6202105312210560009226816:
6202105312210580008518703:
6202105312211000008507829:
6202105312211010009322590:
6202105312211030008692560:
6202105312211060008512000:
6202105312211080008443266:
6202105312211090007395593:
6202105312211110006025807:
6202105312211120008503339:
6202105312211140009301802:
6202105312211150006028957:
6202105312211170009240533:
6202105312211190006041721:
6202105312211200009285695:
6202105312211220009243147:
6202105312211260007406867:
6202105312211280008676957:
6202105312211290009243147:
6202105312211310008497935:
6202105312211320009282114:
6202105312211340009336990:
6202105312211350008497528:
6202105312211370007419034:
6202105312211380008508352:
6202105312211400008504275:
6202105312211440006024122:
6202105312211460009286616:
6202105312211480009232350:
6202105312211490008683421:
6202105312211510008686680:
6202105312211520004166400:
6202105312211540006040360:
6202105312211560006039541:
6202105312211570009247694:
6202105312211590009340816:
6202105312212010006015460:
6202105312212020006021991:
6202105312212040006028298:
6202105312212050008517783:
6202105312212070009325498:
6202105312212100008708003:
6202105312212120009325536:
6202105312212140009339144:
6202105312212160006036876:
6202105312212190003892332:
6202105312212200008688253:
6202105312212230008508589:
6202105312212350009321481:
6202105312212410009233697:
6202105312212440009351830:
6202105312212460009298435:
6202105312212500004045200:
6202105312212500008702658:
6202105312212530008512859:
6202105312212550006022160:
6202105312212570008497634:
6202105312213050007419418:
6202105312213070003126383:
6202105312213120008497634:
6202105312213290009254207:
6202105312213450006022159:
6202105312213470009311591:
6202105312214140009348748:
6202105312214160008494964:
6202105312214450009226429:
6202105312217460008493833:
6202105312218580009241075:
6202105312219550009296138:
6202105312220230006014349:
6202105312221390006028797:
6202105312221550007404980:
6202105312221580008716113:
6202105312228240008503089:
8202105310732130008504234:
8202105310738030008513100:
8202105310741281513631613:
8202105310741390008513100:
8202105310744090006040155:
8202105310744150008511681:
8202105310744510009231425:
8202105310746280008512375:
8202105310746550007396382:
8202105310748050006037029:
8202105310748590008493340:
8202105310750490009273291:
8202105310751070008689944:
8202105310752000008500626:
8202105310752380009252994:
8202105310752510006036336:
8202105310752530009346055:
8202105310753240006027612:
8202105310754080009252945:
8202105310754110009339821:
8202105310754130009352010:
8202105310754160006036336:
8202105310754210008708560:
8202105310754320009250787:
8202105310754350009343593:
8202105310754530009226797:
8202105310755000015629857:
8202105310755050008717694:
8202105310755080008679170:
8202105310755110009234249:
8202105310755210009348776:
8202105310755420008710875:
8202105310755460009346685:
8202105310756170008500493:
8202105310756210009327620:
8202105310756590008499706:
8202105310757430009342978:
8202105310758070009354827:
8202105310758450007395601:
8202105310758550009231455:
8202105310758570008716113:
8202105310759120001083930:
8202105310759210006028960:
8202105310759270006036504:
8202105310759370008686117:
8202105310800260009298206:
8202105310800430009346364:
8202105310800530008719239:
8202105310801450007402196:
8202105310802350008493749:
8202105310806330007404980:
8202105310817170009299920:
8202105311256540009351814:
8202105311708480007395601:
8202105311709050007396382:
8202105311724510006041717:
8202105311900380008501349:
8202105311901080008495972:
8202105311901110008493340:
8202105311901390009339817:
8202105311901410009226385:
8202105311901440009341511:
8202105311902131513626317:
8202105311902270006029911:
8202105311902290008683912:
8202105311902370009253739:
8202105311902470008500626:
8202105311903070008712381:
8202105311903120008710875:
8202105311903150008500626:
8202105311903400009348776:
8202105311903440009339834:
8202105311903510008690224:
8202105311904120009226797:
8202105311906080008690794:
8202105311906130006033000:
8202105311906280009326648:
8202105311906310009249489:
8202105311906340009326648:
8202105311906380009234486:
8202105311906440009326600:
8202105311906510008686117:
8202105311906520008681212:
8202105311906540008504736:
8202105311907130009296645:
8202105311907140009250787:
8202105311907160009337903:
8202105311907180003126380:
8202105311907220009234240:
8202105311907300008499867:
8202105311907320008500567:
8202105311907340006037029:
8202105311907510008512783:
8202105311909020008505427:
8202105311911190006020192:
8202105311915210009299920:
8202105311917400009252994:
8202105312000340007404978:
8202105312001120006027612:
8202105312003230009247701:
8202105312004050009324614:
8202105312004440009286387:
8202105312004560009349972:
8202105312005160009279494:
8202105312010000008504234:
8202105312019460009346340:
8202105312106200008514966:
8202105312154120009343432:
8202105312159020000424167:
8202105312159340009339818:
8202105312159400004179293:
8202105312159520008501835:
8202105312200010008684967:
8202105312200020006021988:
8202105312200040008499805:
8202105312200050009231425:
8202105312200070001083930:
8202105312200090009342978:
8202105312200100009273291:
8202105312200120009277510:
8202105312200130007406670:
8202105312200150004169060:
8202105312200160008677569:
8202105312200180006040155:
8202105312200190008493895:
8202105312200210009342981:
8202105312200230008498170:
8202105312200250006040155:
8202105312200270009342940:
8202105312200290009339821:
8202105312200310008680442:
8202105312200330008506912:
8202105312200350009324572:
8202105312200370009283323:
8202105312200380008715839:
8202105312200400009324605:
8202105312200420001088074:
8202105312200430003132772:
8202105312200450009346181:
8202105312200470009234249:
8202105312200490008511222:
8202105312200510009280051:
8202105312200530008501953:
8202105312200550006022003:
8202105312200570009321481:
8202105312201010009326658:
8202105312201020006042240:
8202105312201040009339915:
8202105312201060000424545:
8202105312201080008513100:
8202105312201100008500493:
8202105312201120006019432:
8202105312201150009346364:
8202105312201170006027345:
8202105312201180000431385:
8202105312201200003117204:
8202105312201220009234484:
8202105312201240008493749:
8202105312201270006036997:
8202105312201290009354827:
8202105312201310006036336:
8202105312201330015629857:
8202105312201340009246202:
8202105312201360006039973:
8202105312201380009339837:
8202105312201400009311280:
8202105312201420009283252:
8202105312201440009342984:
8202105312201460009342035:
8202105312201480009354391:
8202105312201490009342035:
8202105312201510009327564:
8202105312201520009340819:
8202105312201540009346685:
8202105312201550009246201:
8202105312201580008500083:
8202105312202000008495556:
8202105312202010008679170:
8202105312202030009339204:
8202105312202050008719239:
8202105312202080006013128:
8202105312202100004163548:
8202105312202130006041875:
8202105312202150001122577:
8202105312202170003126356:
8202105312202190009254169:
8202105312202210009232613:
8202105312202220008496149:
8202105312202240008512375:
8202105312202260008510188:
8202105312202290008493677:
8202105312202310007407764:
8202105312202330009226429:
8202105312202350009231455:
8202105312202400009226821:
8202105312202450009292442:
8202105312202510008708560:
8202105312203010008511681:
8202105312203020006036504:
8202105312203070006028960:
8202105312203381513631613:
8202105312203450006029910:
8202105312207360004179142:
