2202105220708260008676957:
2202105220723520009291036:
2202105220728460008506376:
2202105220730531513641316:
2202105220733060006036993:
2202105220737260007402194:
2202105220737370008503915:
2202105220737390006039969:
2202105220738320009339797:
2202105220738530009348566:
2202105220739250001122092:
2202105220739550009314377:
2202105220740190006012153:
2202105220740230008499782:
2202105220740250006040284:
2202105220740270009225506:
2202105220740290009342996:
2202105220740310008676811:
2202105220740440008698279:
2202105220740490006032924:
2202105220741000006009777:
2202105220742290009234467:
2202105220742320009338246:
2202105220743010009340820:
2202105220743020009343374:
2202105220743060006016276:
2202105220743290007398914:
2202105220743530003137990:
2202105220743580009346353:
2202105220744260009339812:
2202105220744280009324831:
2202105220744300000424165:
2202105220744350009346362:
2202105220745260001108277:
2202105220745400008704200:
2202105220745490006030484:
2202105220746160008504268:
2202105220746280009230781:
2202105220746550008497463:
2202105220747040008517932:
2202105220747120009337900:
2202105220747150006028292:
2202105220747170008509708:
2202105220747190006040360:
2202105220747210004179472:
2202105220747230009346707:
2202105220747280006039339:
2202105220747320009297574:
2202105220747431513645885:
2202105220747450008495037:
2202105220747570009226946:
2202105220747590008680280:
2202105220748030009352009:
2202105220748150009339273:
2202105220748190008494656:
2202105220748220008513950:
2202105220748250009342183:
2202105220748320003137991:
2202105220748360009339839:
2202105220748370008687593:
2202105220748430008680900:
2202105220748520006039506:
2202105220748550008717926:
2202105220748570009351833:
2202105220748590007414082:
2202105220749130009234458:
2202105220749190009225523:
2202105220749290007411321:
2202105220749340000424167:
2202105220749400008697063:
2202105220749500009346708:
2202105220749520009326645:
2202105220749551513637915:
2202105220750030009281874:
2202105220750050006013140:
2202105220750060008681103:
2202105220750140009346170:
2202105220750280009351998:
2202105220750360008510090:
2202105220750380006028797:
2202105220750410006041721:
2202105220750420009300544:
2202105220750430008516658:
2202105220750460008492636:
2202105220750490008496191:
2202105220750510009322683:
2202105220750530009324107:
2202105220750550008706878:
2202105220751020004180013:
2202105220751040001097762:
2202105220751060009348542:
2202105220751090008681703:
2202105220751230006022852:
2202105220751260009254229:
2202105220751320007421252:
2202105220751390008492754:
2202105220751420009322602:
2202105220751480003126147:
2202105220751520006041875:
2202105220751550008497260:
2202105220751570008717044:
2202105220751590008716625:
2202105220752010008718216:
2202105220752030009247716:
2202105220752200008519522:
2202105220752230008510696:
2202105220752240009234480:
2202105220752290009343149:
2202105220752330008710216:
2202105220752340008499556:
2202105220752360001087528:
2202105220752380009323985:
2202105220752470008512362:
2202105220752490009236809:
2202105220752520009348762:
2202105220753010008508326:
2202105220753030008493286:
2202105220753110008692450:
2202105220753240009321334:
2202105220753250009225522:
2202105220753270009230785:
2202105220753290008715630:
2202105220753330006030118:
2202105220753360009225507:
2202105220753410009249499:
2202105220753440000424007:
2202105220753470003892332:
2202105220753500006018008:
2202105220753520008707174:
2202105220753550008693920:
2202105220753570008709488:
2202105220754000001096293:
2202105220754020009346685:
2202105220754040008507561:
2202105220754050008709488:
2202105220754130008496310:
2202105220754160007419418:
2202105220754280008695667:
2202105220754330009226965:
2202105220754350008492065:
2202105220754380006028298:
2202105220754401513649006:
2202105220754420009342978:
2202105220754450009251764:
2202105220754540009354001:
2202105220755000009337006:
2202105220755020009351814:
2202105220755030009322701:
2202105220755050008501942:
2202105220755060009225508:
2202105220755080008707911:
2202105220755100009346290:
2202105220755120007406867:
2202105220755130009234457:
2202105220755150009343592:
2202105220755160009344572:
2202105220755190009254207:
2202105220755220009286616:
2202105220755250007402523:
2202105220755270008499165:
2202105220755290008509370:
2202105220755310003137987:
2202105220755330008692032:
2202105220755350009226392:
2202105220755370009236903:
2202105220755400003920040:
2202105220755430007421253:
2202105220755520008500888:
2202105220755550009225488:
2202105220755560009273013:
2202105220755580007409900:
2202105220755590009342984:
2202105220756050006039129:
2202105220756110009346033:
2202105220756160009301551:
2202105220756180007395601:
2202105220756190009327615:
2202105220756220008495972:
2202105220756270008698315:
2202105220756290009339802:
2202105220756300009340812:
2202105220756320008508352:
2202105220756350008507829:
2202105220756390008704323:
2202105220756410008493366:
2202105220756480008494201:
2202105220756500009351768:
2202105220756590006029911:
2202105220757000009232378:
2202105220757040009326604:
2202105220757070009339795:
2202105220757200008506074:
2202105220757220009344566:
2202105220757240009288224:
2202105220757260009232355:
2202105220757280009346376:
2202105220757300004169060:
2202105220757360008699143:
2202105220757390009331842:
2202105220757420001083110:
2202105220757450009351964:
2202105220757470008508589:
2202105220757490008503789:
2202105220757510009341030:
2202105220757530006029988:
2202105220757550006039807:
2202105220757570009297056:
2202105220757590009354625:
2202105220758070006020220:
2202105220758150008519041:
2202105220758170006015460:
2202105220758210006039671:
2202105220758261513409863:
2202105220758290009339144:
2202105220758300004178213:
2202105220758350009253842:
2202105220758370006026834:
2202105220758410008499206:
2202105220758430009281814:
2202105220758450007410282:
2202105220758500008692560:
2202105220758520008426949:
2202105220758540008515081:
2202105220759170009321326:
2202105220759200007421212:
2202105220759220006040154:
2202105220759380007404980:
2202105220759571513626317:
2202105220800220008708560:
2202105220800240008696238:
2202105220800340008719239:
2202105220800500006019064:
2202105220802000009326612:
2202105220809360006039339:
2202105221008200009293880:
2202105221151540009343364:
2202105221151580008519041:
2202105221152430009343364:
2202105221205300009343364:
2202105221205480009293880:
2202105221205590009343364:
2202105221206020009293880:
2202105221403290009343364:
2202105221901330008680743:
2202105221901460009307295:
2202105221901480008501741:
2202105221901500009307295:
2202105221901520002851478:
2202105221902400008497276:
2202105221903020009326618:
2202105221904030008515447:
2202105221905010009288638:
2202105221905431513628688:
2202105221906110009301551:
2202105221906240008695140:
2202105221906590006022439:
2202105221929220009303870:
2202105221939460009236810:
2202105221942410008426247:
2202105221947090008502364:
2202105221953030009226392:
2202105221957570008426248:
2202105221958560006029990:
2202105222003010003915458:
2202105222003110004181482:
2202105222003410008698044:
2202105222005140009346064:
2202105222014160008439606:
2202105222014190009313530:
2202105222018450006036321:
2202105222037430009339824:
2202105222055040008500956:
2202105222108210009349952:
2202105222121130007395627:
2202105222204360006039541:
2202105222219310009343364:
2202105222241060008677773:
2202105222302280009351770:
2202105222302470009252984:
2202105222303410007422376:
2202105222317521513646659:
3202105221212150009293880:
32021052214120219301000:
32021052214121621930100:
32021052214121955:
32021052214124330191000:
32021052214145630191000:
32021052214190030191000:
32021052214200530191000:
32021052214205530191000:
32021052214251630191000:
3202105221700560009284852:
3202105221705430008699143:
3202105221713510008503789:
3202105221716230009322701:
3202105221800120008679943:
3202105221859460009279481:
3202105221859480008713719:
3202105221859500006030484:
3202105221859530009225488:
3202105221859550006019317:
3202105221859570009340801:
3202105221900000008713928:
3202105221900010009340801:
3202105221900050008710216:
3202105221900070008715034:
3202105221900100009324574:
3202105221900120008692811:
3202105221900140008680900:
3202105221900160008517496:
3202105221900180009340813:
3202105221900200003137964:
3202105221900220009342954:
3202105221900240009234457:
3202105221900250009343384:
3202105221900270009287411:
3202105221900290003132773:
3202105221900310008516658:
3202105221900330009339254:
3202105221900350003137967:
3202105221900370008493340:
3202105221900390009340812:
3202105221900400009326609:
3202105221900430008699485:
3202105221900450008693920:
3202105221900470009343149:
3202105221900490009354825:
3202105221900500007406670:
3202105221900520008715630:
3202105221900530009337945:
3202105221900560008688767:
3202105221900590008687514:
3202105221901010008709488:
3202105221901030009330829:
3202105221901050009323446:
3202105221901070008692032:
3202105221901100008718055:
3202105221901120008683912:
3202105221901141513626317:
3202105221901160009352016:
3202105221901190008514276:
3202105221901220009321321:
3202105221901260008493770:
3202105221901280003892332:
3202105221901300008518095:
3202105221901330009321321:
3202105221901340009339802:
3202105221901370009322614:
3202105221901390008707174:
3202105221901420009354344:
3202105221901450008499556:
3202105221901500008711249:
3202105221901570008714702:
3202105221902020009346173:
3202105221902580006030480:
3202105221903460003137963:
3202105221904110008692117:
3202105221904470009251764:
3202105221917560009299255:
3202105221959010009282645:
3202105221959520008702698:
3202105221959530006032999:
3202105221959550006036316:
3202105221959570006024859:
3202105221959590008493217:
3202105222000010009324068:
3202105222000030008714113:
3202105222000070007395592:
3202105222000090009336959:
3202105222000110008501480:
3202105222000120008697156:
3202105222000140009335560:
3202105222000160009233695:
3202105222000180009254169:
3202105222000200009335491:
3202105222000220000424146:
3202105222000240006022433:
3202105222000260009324629:
3202105222000280008704360:
3202105222000300008697063:
3202105222000320009342998:
3202105222000340009252962:
3202105222000360008506632:
3202105222000380003137966:
3202105222000410007419418:
3202105222000430003137966:
3202105222000460009346020:
3202105222000480008699273:
3202105222000520009253719:
3202105222000540009324637:
3202105222000560008685403:
3202105222000580009234248:
3202105222000590000442316:
3202105222001020008492065:
3202105222001110008693892:
3202105222001170009325511:
3202105222001190008680280:
3202105222001230001096293:
3202105222001270008703693:
3202105222001280009300618:
3202105222001300008500888:
3202105222001340008508352:
3202105222001400009322602:
3202105222001420008506597:
3202105222001450009326604:
3202105222001470008688253:
3202105222001490008508352:
3202105222001510008704360:
3202105222001530009327615:
3202105222001550006020195:
3202105222001580009253739:
3202105222001590009300544:
3202105222002010009339144:
3202105222002020008517783:
3202105222002040006033902:
3202105222002060009339144:
3202105222002080009340470:
3202105222002110008508589:
3202105222002140008695330:
3202105222002170008701274:
3202105222002290004158333:
3202105222002310009323007:
3202105222002330006030145:
3202105222002340007418333:
3202105222002360009295891:
3202105222002370008701103:
3202105222002420008693150:
3202105222002480008715839:
3202105222002590008492410:
3202105222003120008492549:
3202105222003140008678678:
3202105222003180009324138:
3202105222003360008504275:
3202105222003370009236868:
3202105222003400009340816:
3202105222003450008704323:
3202105222005230008494924:
3202105222010220006029906:
3202105222014430009293880:
3202105222026400007407502:
3202105222026430009289323:
3202105222026450008698121:
3202105222026470008494092:
3202105222026540009254000:
3202105222026590009234066:
3202105222118030009303427:
3202105222129290009291061:
3202105222132250008676957:
3202105222139250008677300:
3202105222142290008498988:
3202105222158330008686301:
3202105222158361513628066:
3202105222158460006041721:
3202105222158561513628066:
3202105222158580008691341:
3202105222159000009331842:
3202105222159040008699992:
3202105222159090006018008:
3202105222159120009324879:
3202105222159140008690203:
3202105222159170008518703:
3202105222159200008711892:
3202105222159210009243147:
3202105222159230008711892:
3202105222159250008711197:
3202105222159270009306586:
3202105222159290009348748:
3202105222159310009346327:
3202105222159330008681703:
3202105222159350008707911:
3202105222159370008502984:
3202105222159390009275948:
3202105222159410000424007:
3202105222159430009234458:
3202105222159450000439530:
3202105222159480008445992:
3202105222159500003137991:
3202105222159520008688282:
3202105222159540008445992:
3202105222159570009354349:
3202105222200020009281874:
3202105222200210009354460:
3202105222200290009232350:
3202105222201150009348542:
3202105222201560008696388:
3202105222203340009234108:
3202105222204100008677829:
3202105222207180008492754:
3202105222240110009351768:
3202105222240240003126147:
3202105222240410006039807:
3202105222240470009343383:
3202105222240510009277817:
3202105222240520006040154:
3202105222241170009354625:
3202105222358470007395601:
3202105222358520009230749:
3202105222359380009336990:
3202105222359450009343567:
4202105220726270008503532:
4202105220728120009231425:
4202105220728430008677438:
4202105220729460008503089:
4202105220734060009272601:
4202105220735060006029910:
4202105220737391513653075:
4202105220737420006036997:
4202105220738100009232352:
4202105220740230008515848:
4202105220742310009338161:
4202105220742440009349985:
4202105220742500008708003:
4202105220742530007406683:
4202105220743070009305260:
4202105220743140009285513:
4202105220743190008689944:
4202105220743240009324572:
4202105220743440006040155:
4202105220744020006033000:
4202105220745100008690224:
4202105220745260009352010:
4202105220745310009346340:
4202105220745350008513100:
4202105220745420008493895:
4202105220746370009341511:
4202105220746460009286387:
4202105220746480009339225:
4202105220747080009226797:
4202105220747530009331044:
4202105220748090009288958:
4202105220748530009234249:
4202105220748550008512783:
4202105220749070008499867:
4202105220749360006021988:
4202105220749410008493092:
4202105220749470001087543:
4202105220749530008429607:
4202105220750250009313131:
4202105220750290004179142:
4202105220750400006027612:
4202105220750470009326658:
4202105220750490001088074:
4202105220750510009236820:
4202105220750540000424545:
4202105220751090008695597:
4202105220751100008493340:
4202105220751170009298435:
4202105220751190009234484:
4202105220751210008497528:
4202105220751230003132772:
4202105220751250009339837:
4202105220751331513631101:
4202105220751360006013128:
4202105220751400006028799:
4202105220751420006036336:
4202105220751530008710875:
4202105220752010009343383:
4202105220752100006039973:
4202105220752160008499675:
4202105220752180004163548:
4202105220752210003116965:
4202105220752230009249489:
4202105220752240008495426:
4202105220752260009225500:
4202105220752320009296645:
4202105220752410009349972:
4202105220752440009301075:
4202105220753040008499706:
4202105220753090006027345:
4202105220753260009274874:
4202105220753330009339821:
4202105220753400008695694:
4202105220753450008510188:
4202105220753480008493749:
4202105220753490009277510:
4202105220753510009342143:
4202105220753520009339818:
4202105220753560009321481:
4202105220753580001083930:
4202105220754110009342997:
4202105220754140008496149:
4202105220754280009327620:
4202105220754310009354827:
4202105220754380009295454:
4202105220754400006039974:
4202105220754420009324605:
4202105220754500008500493:
4202105220755000009273026:
4202105220755040009277817:
4202105220755100008501953:
4202105220755130007404978:
4202105220755150009346181:
4202105220755160009346685:
4202105220755200008684967:
4202105220755240009231455:
4202105220755280008699709:
4202105220755300008717694:
4202105220755320006042240:
4202105220755390009342978:
4202105220755440002854367:
4202105220755460009327564:
4202105220755490009226821:
4202105220756040007401131:
4202105220756200009341742:
4202105220756220009343593:
4202105220756240009233697:
4202105220756260009342035:
4202105220756280008708992:
4202105220756400008679170:
4202105220756420008500083:
4202105220756440009298206:
4202105220756550009341013:
4202105220756580008501349:
4202105220757020009340819:
4202105220757220007395601:
4202105220757250009346035:
4202105220757280009324118:
4202105220757310009354581:
4202105220757320000431385:
4202105220757370009339817:
4202105220757390004179293:
4202105220758140009339204:
4202105220758290009342982:
4202105220758430003126356:
4202105220759080008501835:
4202105220759300007409909:
4202105220801260008509836:
4202105221525540008493092:
4202105221526070008493092:
4202105221704280006028799:
4202105221704450008689254:
4202105221706020008689944:
4202105221902000009273026:
4202105221902110008680442:
4202105221907210009298435:
4202105221959080009324118:
4202105221959100009339817:
4202105221959110009343592:
4202105221959140009337903:
4202105221959160009346340:
4202105221959250003126380:
4202105221959360009298206:
4202105221959380009246199:
4202105221959450009246202:
4202105221959460009296645:
4202105221959480009226448:
4202105221959490009246202:
4202105221959530008702658:
4202105221959550008708003:
4202105221959570006040155:
4202105222000000006020220:
4202105222000020009322590:
4202105222000030008499867:
4202105222000050009343430:
4202105222000070009333812:
4202105222000080009346055:
4202105222000100001087543:
4202105222000110008686117:
4202105222000130008500567:
4202105222000150009234240:
4202105222000170009342997:
4202105222000190003116965:
4202105222000210009225508:
4202105222000230009348776:
4202105222000250009354581:
4202105222000260009225500:
4202105222000280006036994:
4202105222000290004163548:
4202105222000310007402196:
4202105222000330008500889:
4202105222000340006013128:
4202105222000370009342034:
4202105222000390001088074:
4202105222000400009246201:
4202105222000420008681103:
4202105222000430009226797:
4202105222000450008500493:
4202105222000460009344572:
4202105222000480006037029:
4202105222000490007396382:
4202105222000510008712381:
4202105222000520008690234:
4202105222000540008498170:
4202105222000560009279494:
4202105222000570008690224:
4202105222000590006033902:
4202105222001000006024741:
4202105222001020009327620:
4202105222001040009342978:
4202105222001050009341989:
4202105222001070008500083:
4202105222001080008679170:
4202105222001100008494201:
4202105222001110009346685:
4202105222001130008499706:
4202105222001140008507829:
4202105222001160008494427:
4202105222001170009295454:
4202105222001210009346181:
4202105222001220009343174:
4202105222001240008514966:
4202105222001260006036997:
4202105222001270008505427:
4202105222001290009234249:
4202105222001310001083930:
4202105222001330006036336:
4202105222001340001083930:
4202105222001360009339837:
4202105222001380008512397:
4202105222001390009341511:
4202105222001410008710875:
4202105222001420006021988:
4202105222001450009234486:
4202105222001470004045200:
4202105222001480009346035:
4202105222001500009331044:
4202105222001510009311280:
4202105222001540009354391:
4202105222002010003132772:
4202105222002030006022158:
4202105222002050000431385:
4202105222002120006015460:
4202105222002140009226816:
4202105222002180006019432:
4202105222002210008511222:
4202105222002230006027612:
4202105222002340008495556:
4202105222002360009226821:
4202105222002380008500142:
4202105222002390008690794:
4202105222002430009324614:
4202105222002460008429607:
4202105222002480009325535:
4202105222002500008697764:
4202105222002530006022003:
4202105222002560008509836:
4202105222002591513653075:
4202105222003090009272601:
4202105222003110009342940:
4202105222003190009305260:
4202105222003430009349985:
4202105222004050006041875:
4202105222004090008513100:
4202105222006310006042240:
4202105222008500009349972:
4202105222009070009343593:
4202105222103340008719239:
4202105222134540004179142:
4202105222158010009351814:
4202105222158030008515910:
4202105222158040006033000:
4202105222158080006029911:
4202105222158540004179293:
4202105222158580008499675:
4202105222158590008495972:
4202105222159270009339915:
4202105222200010009301075:
4202105222200290007406683:
4202105222200380008677903:
4202105222200400008517323:
4202105222200420009339277:
4202105222200450009231425:
4202105222200470009277510:
4202105222201080004169060:
4202105222201101513631101:
4202105222201120009341742:
4202105222201140007401131:
4202105222201160008493749:
4202105222201280008497528:
5202105220747470008699606:
5202105220747500008681883:
5202105220747550009226816:
5202105220748010008509806:
5202105220748060009342034:
5202105220748110008493217:
5202105220748170009351833:
5202105220748190008491998:
5202105220748240008498170:
5202105220748300007414082:
5202105220748330009351308:
5202105220748401513653821:
5202105220748450009253739:
5202105220748530009326609:
5202105220749000009226429:
5202105220749040009232350:
5202105220749080008497528:
5202105220749120009311703:
5202105220749180009337945:
5202105220749210009226385:
5202105220749230009282645:
5202105220749250004165136:
5202105220749270008493689:
5202105220749300009287011:
5202105220749310009234487:
5202105220749330008683123:
5202105220749340006013140:
5202105220749370008713928:
5202105220749500009326618:
5202105220749530008512059:
5202105220749560008704914:
5202105220749580007402482:
5202105220750000009340813:
5202105220750020008692117:
5202105220750060009234089:
5202105220750080006036336:
5202105220750120009232653:
5202105220750160008509894:
5202105220750190004181482:
5202105220750200008505037:
5202105220750220009248259:
5202105220750240009274203:
5202105220750261513628688:
5202105220750280009283515:
5202105220750300009349952:
5202105220750330008709369:
5202105220750350003137963:
5202105220750450008692587:
5202105220750510008686663:
5202105220750570009354401:
5202105220751020009339803:
5202105220751110009283296:
5202105220751140008690941:
5202105220751160006020195:
5202105220751180008689537:
5202105220751200009276908:
5202105220751220009226422:
5202105220751380008714702:
5202105220751410009300596:
5202105220751430008711249:
5202105220751470008519522:
5202105220751500009321395:
5202105220751530002851478:
5202105220751580009342959:
5202105220751590009241934:
5202105220752060008696894:
5202105220752080008500401:
5202105220752100006039494:
5202105220752110003126145:
5202105220752140006022158:
5202105220752170008508326:
5202105220752190008515447:
5202105220752210008694659:
5202105220752230009342954:
5202105220752300009303870:
5202105220752330008513365:
5202105220752360008439606:
5202105220752400008499840:
5202105220752440009288638:
5202105220752460009324085:
5202105220752480009225522:
5202105220752510009230785:
5202105220752530009284852:
5202105220752540006022855:
5202105220752560006029906:
5202105220752580007422376:
5202105220752590009225481:
5202105220753100009346055:
5202105220753130009232187:
5202105220753150008503907:
5202105220753170008677829:
5202105220753230001096293:
5202105220753250009339795:
5202105220753300009340824:
5202105220753330009296798:
5202105220753350008686064:
5202105220753400008497276:
5202105220753410008496310:
5202105220753430008686064:
5202105220753460008518128:
5202105220753500009234236:
5202105220753520008713719:
5202105220753530008679943:
5202105220753560006032030:
5202105220753580009325535:
5202105220754000008495556:
5202105220754030009281753:
5202105220754060006010458:
5202105220754070008514276:
5202105220754120008678354:
5202105220754140009342978:
5202105220754150008501316:
5202105220754190008499206:
5202105220754210008691017:
5202105220754230006024740:
5202105220754240008692811:
5202105220754260008501942:
5202105220754290009314286:
5202105220754310009324574:
5202105220754340009314167:
5202105220754360007406867:
5202105220754400009283932:
5202105220754410009325511:
5202105220754440008702320:
5202105220754480008690529:
5202105220754510008517783:
5202105220754530009342035:
5202105220754550008508587:
5202105220755020007407739:
5202105220755040008499031:
5202105220755060009339524:
5202105220755080008715034:
5202105220755100008515734:
5202105220755120009339915:
5202105220755130009226448:
5202105220755150006033001:
5202105220755170008511222:
5202105220755190008429633:
5202105220755210008697836:
5202105220755220008706494:
5202105220755240009253997:
5202105220755250009347747:
5202105220755280008504258:
5202105220755300009254212:
5202105220755320008688253:
5202105220755340009347607:
5202105220755350008508352:
5202105220755380009321362:
5202105220755390009286624:
5202105220755410008516213:
5202105220755440009311280:
5202105220755460003137964:
5202105220755480006039541:
5202105220755490009301551:
5202105220755510007418333:
5202105220755520009289323:
5202105220755550008680648:
5202105220755570008709011:
5202105220755590009323007:
5202105220756010006029990:
5202105220756040009310954:
5202105220756060009323007:
5202105220756080009279481:
5202105220756100003132773:
5202105220756110009234247:
5202105220756140009346063:
5202105220756160009233737:
5202105220756170008493833:
5202105220756200008707832:
5202105220756240008503489:
5202105220756251513652619:
5202105220756270008503721:
5202105220756290008702965:
5202105220756300008682585:
5202105220756320007396360:
5202105220756340008709393:
5202105220756350003109818:
5202105220756370000431412:
5202105220756390008506797:
5202105220756400009339219:
5202105220756420008505427:
5202105220756430003915458:
5202105220756450008701274:
5202105220756470008702698:
5202105220756480006032999:
5202105220756500006030145:
5202105220756510008695140:
5202105220756530009288224:
5202105220756550001114611:
5202105220756560009309829:
5202105220756580009240515:
5202105220756590008516772:
5202105220757020008699143:
5202105220757030008500889:
5202105220757050007419049:
5202105220757070009252984:
5202105220757090008499631:
5202105220757110006031525:
5202105220757130009225494:
5202105220757140009254183:
5202105220757160008503789:
5202105220757190009230749:
5202105220757210009341030:
5202105220757220008699273:
5202105220757240009230795:
5202105220757250008688767:
5202105220757270008690794:
5202105220757290008701083:
5202105220757300008709061:
5202105220757320009326435:
5202105220757330008497935:
5202105220757360009291327:
5202105220757380009339824:
5202105220757400009343567:
5202105220757420008701527:
5202105220757450009336990:
5202105220757470008426248:
5202105220757490006015460:
5202105220757520002851465:
5202105220757540006019428:
5202105220757560009326648:
5202105220757590009339144:
5202105220758000009346064:
5202105220758020009327416:
5202105220758040006019432:
5202105220758060009340483:
5202105220758080008690234:
5202105220758100006026834:
5202105220758110009322682:
5202105220758130003126380:
5202105220758150008507377:
5202105220758160008692560:
5202105220758180006027540:
5202105220758200009346038:
5202105220758220007414046:
5202105220758240001077425:
5202105220758250009246202:
5202105220758300008515081:
5202105220758320007407764:
5202105220758330009246202:
5202105220758350009339792:
5202105220758370008493677:
5202105220758420008498988:
5202105220758450009243147:
5202105220758480008499149:
5202105220758510008715106:
5202105220758530003126383:
5202105220758550006036316:
5202105220758560009254169:
5202105220758580006022003:
5202105220758590009308083:
5202105220759010006033902:
5202105220759030008518095:
5202105220759050008500378:
5202105220759060007404980:
5202105220759150009354391:
5202105220759250009340499:
5202105220759270009225495:
5202105220759300009321319:
5202105220759320008426247:
5202105220759330008497795:
5202105220759380001100446:
5202105220759400008511515:
5202105220759420008694944:
5202105220759440009294273:
5202105220759460008500567:
5202105220759470009348748:
5202105220759490009351823:
5202105220759500009276489:
5202105220759520002851799:
5202105220759540008696238:
5202105220759560009254000:
5202105220759570009292655:
5202105220759590009234066:
5202105220800010008719239:
5202105220800030006021991:
5202105220800050007410385:
5202105220800070009330833:
5202105220800110008502364:
5202105220800130009246199:
5202105220800160009234240:
5202105220800180009337903:
5202105220800200009236810:
5202105220800220008701103:
5202105220800250008495616:
5202105220800280008494964:
5202105220800300008492638:
5202105220800330008493028:
5202105220800420009340450:
5202105220800440009343430:
5202105220800550009313676:
5202105220801000009313530:
5202105220801080006039993:
5202105220801100006027553:
5202105220801120009303097:
5202105220801220009346020:
5202105220801240009340801:
5202105220801270008506632:
5202105220801480009339828:
5202105220802020009307388:
5202105220802080009303427:
5202105220802240006024735:
5202105220802400009326612:
5202105220802580009281928:
5202105220803120008512784:
5202105220803220009279728:
5202105220803300009324604:
5202105220803500009303525:
5202105220806140006042277:
5202105220806180009341989:
5202105220807220008510378:
5202105220808380007407502:
5202105220808530009325536:
5202105220829340009310727:
5202105221009370009293880:
5202105221150190008519041:
5202105221150380009343364:
5202105221204460009293880:
5202105221204580009343364:
5202105221405140009343364:
5202105221703030008495037:
5202105221712020009226422:
5202105221734310007406637:
5202105221736440009298073:
5202105221752120007410385:
5202105221846400006024747:
5202105221856480008676811:
5202105221901110009340812:
5202105221901210003132773:
5202105221902510004165136:
5202105221903030009346170:
5202105221905230009301551:
5202105221905250009288224:
5202105221906580008508587:
5202105221907010002851799:
5202105221907060008702965:
5202105221907160008695140:
5202105221907180006019428:
5202105221907201513628688:
5202105221907260008702965:
5202105221907280006040161:
5202105221907290008506907:
5202105221907380008681883:
5202105221907410008709061:
5202105221908120009321362:
5202105221908340000431412:
5202105221908360008678354:
5202105221908390006033001:
5202105221908420008701527:
5202105221908550008709369:
5202105221909150009314286:
5202105221909360009339828:
5202105221909380008504258:
5202105221909400009314167:
5202105221909430007396360:
5202105221909450008694944:
5202105221909520009281753:
5202105221911030008686663:
5202105221915170008497657:
5202105221915241513652619:
5202105221915270009323985:
5202105221915300009348762:
5202105221915320006029988:
5202105221915350008682585:
5202105221915380008718216:
5202105221915400008717044:
5202105221925110001100446:
5202105221929040008497463:
5202105221929060008508326:
5202105221950280009226392:
5202105221956040009226392:
5202105221958520009286624:
5202105221959460008696238:
5202105222000020009296651:
5202105222000090006029990:
5202105222000120009296651:
5202105222000160003137990:
5202105222000240009307131:
5202105222000250009330833:
5202105222000270008716625:
5202105222000320009310954:
5202105222000340009287011:
5202105222000360008692587:
5202105222000410009307388:
5202105222000450009346038:
5202105222000480009340499:
5202105222001060009283296:
5202105222001160009232651:
5202105222001260009226385:
5202105222001290006022159:
5202105222001420007417231:
5202105222001510009300596:
5202105222001570009248259:
5202105222002120008509894:
5202105222002160008497657:
5202105222003030008698044:
5202105222003130009276908:
5202105222003170008497657:
5202105222003190007402482:
5202105222004190008503532:
5202105222004430009346064:
5202105222005200008494333:
5202105222013520008506797:
5202105222013540008499206:
5202105222014000008690529:
5202105222014030008499206:
5202105222014060008493286:
5202105222014140008499206:
5202105222014200008493286:
5202105222020170009234247:
5202105222020190003137987:
5202105222026050009324604:
5202105222041260009321697:
5202105222046370006022855:
5202105222048100006027540:
5202105222048130008424093:
5202105222053520008500956:
5202105222054190009311703:
5202105222102130009321319:
5202105222127090008509708:
5202105222152040009303525:
5202105222159310009322683:
5202105222200270008681703:
5202105222200441513649006:
5202105222200480008495972:
5202105222201551513653821:
5202105222203580008497795:
5202105222204010008499631:
5202105222204150007421212:
5202105222204180009346290:
5202105222204190009254183:
5202105222204220006022852:
5202105222204300009254229:
5202105222204330006022852:
5202105222204360009342002:
5202105222204410000439539:
5202105222204420006022852:
5202105222204460008696894:
5202105222204510000439539:
5202105222204550008510090:
5202105222205120008512059:
5202105222205140009342183:
5202105222205160009342959:
5202105222205180008696894:
5202105222205210007398914:
5202105222205230007402523:
5202105222205260009339219:
5202105222205420008707832:
5202105222205580006036993:
5202105222206010008709393:
5202105222206050009225495:
5202105222206130008702320:
5202105222206500007402194:
5202105222207450008495616:
5202105222207480009294273:
5202105222207510008718216:
5202105222217290008508219:
5202105222231160008497260:
5202105222252370008686064:
5202105222255160009285513:
5202105222255480001122092:
5202105222258210001083110:
5202105222258250008691017:
5202105222258280008701083:
5202105222258300009326435:
5202105222258330008504268:
5202105222258360009232187:
5202105222258390009324107:
5202105222258410008510696:
5202105222258420009339795:
5202105222258440008510696:
5202105222258480009249499:
5202105222258560009321395:
5202105222258580008504268:
5202105222259000008694659:
5202105222259020008687593:
5202105222259270006024740:
5202105222259300008512362:
5202105222259320008694659:
5202105222259340008515081:
5202105222259360006032924:
5202105222259460009340824:
5202105222259590009321395:
5202105222300030009326645:
5202105222300050008683123:
5202105222300070009225522:
5202105222300080008706494:
5202105222300100009321395:
5202105222300110006028292:
5202105222300120009340824:
5202105222300140008694659:
5202105222300160008678770:
5202105222300180008509806:
5202105222300200008706494:
5202105222300210008509806:
5202105222300230008678770:
5202105222300240009340824:
5202105222300260008509806:
5202105222300270009296798:
5202105222300290007414046:
5202105222300310008699606:
5202105222300320009225522:
5202105222300360008704200:
5202105222300380009351823:
5202105222300390009225507:
5202105222300410009230785:
5202105222300430004179472:
5202105222300440008692450:
5202105222300460006030118:
5202105222300480003920040:
5202105222300490008503915:
5202105222300510006039671:
5202105222300520009351998:
5202105222300540008513950:
5202105222300560006013140:
5202105222300591513637915:
5202105222301000006012153:
5202105222301020009347747:
5202105222301030008496310:
5202105222301060008706878:
5202105222301080008517932:
5202105222301100009283515:
5202105222301130009346707:
5202105222301160009236903:
5202105222301190004180013:
5202105222301200009339273:
5202105222301220008507561:
5202105222301240009338246:
5202105222301270008494656:
5202105222301290009339273:
5202105222301300009347747:
5202105222301320008697836:
5202105222301330006031525:
5202105222301350009321334:
5202105222301360001097762:
5202105222301380009346353:
5202105222301400009226965:
5202105222301420006039969:
5202105222301440008491998:
5202105222301460006039969:
5202105222301480009351833:
5202105222301490009351770:
5202105222301510009230795:
5202105222301530008698279:
5202105222301560009324831:
5202105222301590009351308:
5202105222302010008717044:
5202105222302030009337900:
5202105222302040009354001:
5202105222302060009336988:
5202105222302081513645885:
5202105222302100009234487:
5202105222302130007421252:
5202105222302150009281814:
5202105222302160009340820:
5202105222302180009225481:
5202105222302190007410282:
5202105222302210009225494:
5202105222302220009252984:
5202105222302240009327416:
5202105222302260009346362:
5202105222302280000424165:
5202105222302300008717926:
5202105222302320001108277:
5202105222302340009234480:
5202105222302371513652619:
5202105222302400009321326:
5202105222302430009352009:
5202105222302440009314377:
5202105222302460006040284:
5202105222302480009225506:
5202105222302490009297056:
5202105222302520009230781:
5202105222302540008709011:
5202105222302550009247716:
5202105222302580009343374:
5202105222303000009342996:
5202105222303030009236809:
5202105222303040008690941:
5202105222303070008682585:
5202105222303090009346708:
5202105222303110008509370:
5202105222303130009323985:
5202105222303160009348762:
5202105222303180006029988:
5202105222303180006039494:
5202105222303230009339524:
5202105222303270007411321:
5202105222303300009225523:
5202105222303320009234467:
5202105222303340003126145:
5202105222303350009354401:
5202105222303380008519522:
5202105222303400008506376:
5202105222303420009346376:
5202105222303450009232378:
5202105222303470009339797:
5202105222303490009347607:
5202105222303510009253997:
5202105222303530007407739:
5202105222303550009253842:
5202105222303570008503721:
5202105222303590009234236:
5202105222304020009339839:
5202105222304040009297574:
5202105222304060008493366:
5202105222304080008499031:
5202105222304090003109818:
5202105222304120009339803:
5202105222304160009339812:
5202105222304180009326612:
5202105222304210009241934:
5202105222304220009341030:
5202105222304250007414082:
5202105222306070009232355:
6202105220723290009326438:
6202105220724100008494141:
6202105220725080002851459:
6202105220726540006023085:
6202105220727090008503532:
6202105220728200008501833:
6202105220730110008501288:
6202105220731280009247696:
6202105220733030006039674:
6202105220735090008677300:
6202105220737300008686680:
6202105220738180009234248:
6202105220738220008714837:
6202105220739270009348566:
6202105220739310008692290:
6202105220739400008697764:
6202105220740540008703345:
6202105220741070006028762:
6202105220741120006039972:
6202105220741150009340817:
6202105220741350009351758:
6202105220741400003137945:
6202105220742110008517815:
6202105220742130004166400:
6202105220742170008493676:
6202105220742210009305197:
6202105220742440009342998:
6202105220742550009354344:
6202105220742580009307131:
6202105220743020008509948:
6202105220743230003117204:
6202105220743250009241075:
6202105220743290009306586:
6202105220743370008681212:
6202105220744550009324614:
6202105220744590008683630:
6202105220745250008698121:
6202105220745340008699485:
6202105220745380009339274:
6202105220745410008712785:
6202105220745440008500597:
6202105220745470008686301:
6202105220745560008506597:
6202105220745590008512859:
6202105220746030009327616:
6202105220746050008718055:
6202105220746070007406670:
6202105220746100006039510:
6202105220746210008503824:
6202105220746280009236868:
6202105220746340009324606:
6202105220746400009252946:
6202105220746440008712381:
6202105220746470008517496:
6202105220746500008511510:
6202105220746550009321697:
6202105220747140000442316:
6202105220747170008496367:
6202105220747280008687514:
6202105220747300008494427:
6202105220747390008514966:
6202105220747430008509407:
6202105220747440006040360:
6202105220747480008683421:
6202105220747550008506912:
6202105220748020009335560:
6202105220748050009339930:
6202105220748090009291061:
6202105220748120000431430:
6202105220748180008680280:
6202105220748230009226946:
6202105220748280008695330:
6202105220748310008698795:
6202105220748350009226816:
6202105220748400006024122:
6202105220748410008512035:
6202105220748430009226812:
6202105220748450008705617:
6202105220748470008502984:
6202105220748490008677903:
6202105220748520009346367:
6202105220748560009346327:
6202105220748570008703693:
6202105220749000008508521:
6202105220749030006024088:
6202105220749050009278808:
6202105220749070007402196:
6202105220749090006022159:
6202105220749120008680900:
6202105220749140008507639:
6202105220749170009326626:
6202105220749190008498170:
6202105220749220009323446:
6202105220749240008492410:
6202105220749250008712416:
6202105220749290008715839:
6202105220749310009300618:
6202105220749330008504275:
6202105220749351513653821:
6202105220749400009335539:
6202105220749420008498971:
6202105220749450008497774:
6202105220749480009247694:
6202105220749510009326609:
6202105220749530009343384:
6202105220749550009324637:
6202105220749580006039995:
6202105220750030009234486:
6202105220750060009310033:
6202105220750110009280051:
6202105220750150009226959:
6202105220750180009337945:
6202105220750190009226385:
6202105220750320008501480:
6202105220750340006022433:
6202105220750370008697156:
6202105220750390009348776:
6202105220750410008506434:
6202105220750430009350096:
6202105220750460008685403:
6202105220750490009340813:
6202105220750520003137967:
6202105220750550007421269:
6202105220751020009339254:
6202105220751090007395627:
6202105220751160009232350:
6202105220751180008492549:
6202105220751210008505037:
6202105220751230008691341:
6202105220751250009234108:
6202105220751270008443266:
6202105220751290008508964:
6202105220751320009326600:
6202105220751340009278607:
6202105220751390009252962:
6202105220751400008711197:
6202105220751420008681703:
6202105220751440009226804:
6202105220751450006027609:
6202105220751480006019317:
6202105220751510009226399:
6202105220751530009343432:
6202105220751570009336959:
6202105220751590006028451:
6202105220752020009322602:
6202105220752040008492754:
6202105220752070008689537:
6202105220752110001083945:
6202105220752150008508290:
6202105220752170009335491:
6202105220752190003126147:
6202105220752290008680442:
6202105220752330002851460:
6202105220752360009253719:
6202105220752380007398908:
6202105220752430009296878:
6202105220752450008501795:
6202105220752470008501852:
6202105220752500008492480:
6202105220752540009339211:
6202105220752550009343149:
6202105220752580009321321:
6202105220753000009275948:
6202105220753020004045200:
6202105220753030009351830:
6202105220753050008710216:
6202105220753060001087528:
6202105220753080008517323:
6202105220753090008500142:
6202105220753110008499556:
6202105220753130009339277:
6202105220753140009348376:
6202105220753160006027344:
6202105220753200009354582:
6202105220753210009342940:
6202105220753230009353030:
6202105220753240009339195:
6202105220753270008678678:
6202105220753290009342954:
6202105220753310008702658:
6202105220753340008494924:
6202105220753360006039337:
6202105220753390006029906:
6202105220753440006018006:
6202105220753480009326650:
6202105220753520006033720:
6202105220753580004046800:
6202105220754020009352016:
6202105220754030008693892:
6202105220754080009282830:
6202105220754110008689254:
6202105220754140006018008:
6202105220754170003892332:
6202105220754210008445992:
6202105220754220004158333:
6202105220754250008683912:
6202105220754270009230793:
6202105220754290008677569:
6202105220754310009310978:
6202105220754340006037924:
6202105220754380008696388:
6202105220754410008500109:
6202105220754430009342142:
6202105220754450008518128:
6202105220754480006032030:
6202105220754510008690203:
6202105220754590006010458:
6202105220755020008514276:
6202105220755060006028298:
6202105220755080009325498:
6202105220755120009340470:
6202105220755180008491901:
6202105220755200006014341:
6202105220755210009330829:
6202105220755230009295891:
6202105220755240003137966:
6202105220755260008501316:
6202105220755270009279494:
6202105220755290009311591:
6202105220755310007421209:
6202105220755330008707911:
6202105220755340008699992:
6202105220755370006024859:
6202105220755380008501942:
6202105220755410009322590:
6202105220755430007404952:
6202105220755450009331048:
6202105220755470009283932:
6202105220755490009299255:
6202105220755500009342962:
6202105220755520006025806:
6202105220755570009324879:
6202105220755590008515734:
6202105220756010000424146:
6202105220756030006039675:
6202105220756110008704360:
6202105220756140006030480:
6202105220756160009233695:
6202105220756190008695905:
6202105220756200009225488:
6202105220756220009273013:
6202105220756240000439530:
6202105220756250009325511:
6202105220756270008711892:
6202105220756290008688253:
6202105220756310008498240:
6202105220756340009233704:
6202105220756360006039129:
6202105220756380009324629:
6202105220756390003137964:
6202105220756410009327615:
6202105220756430009324068:
6202105220756460008510316:
6202105220756490006036994:
6202105220756510008518703:
6202105220756530008698315:
6202105220756560009232375:
6202105220756570008507829:
6202105220757001513628066:
6202105220757020009354460:
6202105220757060009354825:
6202105220757250006025807:
6202105220757300008714113:
6202105220757320009340816:
6202105220757340009247715:
6202105220757370001077087:
6202105220757390008512397:
6202105220757410009348603:
6202105220757440009324138:
6202105220757520009343174:
6202105220757540009246201:
6202105220757590009331842:
6202105220758060008688282:
6202105220758090008503789:
6202105220758190006036876:
6202105220758290009333812:
6202105220758400009326648:
6202105220758450009233736:
6202105220758490004178213:
6202105220758510006019432:
6202105220758540008493770:
6202105220758560006026834:
6202105220759070009287411:
6202105220759130008692560:
6202105220759420008515910:
6202105220800020009254169:
6202105220800160006040154:
6202105220800380008515578:
6202105220801100009322614:
6202105220801160008691906:
6202105220801500007417231:
6202105220801590009354349:
6202105220802120009253980:
6202105220805040009303697:
6202105220805110009298073:
6202105220805130008494092:
6202105220823360009275624:
6202105220840050009342981:
6202105220856460007411315:
6202105220901580009290471:
6202105221013340009279594:
6202105221255520009273013:
6202105221703010009324606:
6202105221705130008689944:
6202105221706110008699143:
6202105221714240008503789:
6202105221736310009310727:
6202105221805190009354582:
6202105221853430008493028:
6202105221900110009225488:
6202105221900210009309829:
6202105221900240009353030:
6202105221900260008695597:
6202105221900280009339195:
6202105221900300008715034:
6202105221900320008710216:
6202105221900350009340801:
6202105221900380008715034:
6202105221900400008680900:
6202105221900420009340450:
6202105221900440003137964:
6202105221900460009338161:
6202105221900480009340813:
6202105221900490009342954:
6202105221900510009342962:
6202105221900540008493340:
6202105221901070009326609:
6202105221901090009343149:
6202105221901340008683912:
6202105221901530003892332:
6202105221903180008497935:
6202105221905240009251764:
6202105221931540008503089:
6202105221955030009305197:
6202105221957020006042277:
6202105221958360008503489:
6202105221959060008696238:
6202105221959580009307131:
6202105222000050009307131:
6202105222000050009310954:
6202105222000090009310954:
6202105222000100006039674:
6202105222000120008505037:
6202105222000160008429633:
6202105222000170008689537:
6202105222000180008711445:
6202105222000210008499840:
6202105222000230009236820:
6202105222000240008501833:
6202105222000300008677569:
6202105222000320009326626:
6202105222000330008501833:
6202105222000350009236820:
6202105222000370008503907:
6202105222000380009336959:
6202105222000400006025806:
6202105222000410008493689:
6202105222000430006028451:
6202105222000440006039972:
6202105222000460008500109:
6202105222000470008508290:
6202105222000500009324629:
6202105222000520009247715:
6202105222000530008509948:
6202105222000550008515734:
6202105222000570009247715:
6202105222000590008712785:
6202105222001000008515734:
6202105222001020004046800:
6202105222001030009233704:
6202105222001050009310978:
6202105222001070006022159:
6202105222001090008695905:
6202105222001110008510316:
6202105222001130007417231:
6202105222001160009325498:
6202105222001180009283932:
6202105222001200008443266:
6202105222001210009350096:
6202105222001230008507639:
6202105222001240009276489:
6202105222001260008496367:
6202105222001280008518128:
6202105222001290009348566:
6202105222001310009226946:
6202105222001330008516772:
6202105222001340001114611:
6202105222001380008686680:
6202105222001400008509407:
6202105222001410008691906:
6202105222001440009325511:
6202105222001460008497774:
6202105222001480008680280:
6202105222001500008691906:
6202105222001530008492636:
6202105222001560008498971:
6202105222001580009230793:
6202105222001590009226812:
6202105222002010002851460:
6202105222002030008506434:
6202105222002050006037924:
6202105222002070009247694:
6202105222002080009278808:
6202105222002100008692560:
6202105222002120006027344:
6202105222002130008692560:
6202105222002180009303097:
6202105222002190009252946:
6202105222002210008499149:
6202105222002220008501795:
6202105222002260009233737:
6202105222002290006028762:
6202105222002300006025807:
6202105222002320008506074:
6202105222002330006039995:
6202105222002350008511515:
6202105222002360008499165:
6202105222002380009339144:
6202105222002390008508521:
6202105222002410009286616:
6202105222002420006028298:
6202105222002440008511510:
6202105222002460008517815:
6202105222002490008498240:
6202105222002500008703345:
6202105222002520008498240:
6202105222002550001077087:
6202105222002560006027609:
6202105222002580008512859:
6202105222003000006016276:
6202105222003030009226804:
6202105222003040006040360:
6202105222003070009226959:
6202105222003080007419049:
6202105222003120008513365:
6202105222003130007406867:
6202105222003150006039675:
6202105222003170004178213:
6202105222003190001083945:
6202105222003220007398908:
6202105222003240009296878:
6202105222003260009247696:
6202105222003310009327616:
6202105222003330008714837:
6202105222003350008500597:
6202105222003400008512784:
6202105222003450008500597:
6202105222003470006018006:
6202105222003490006032030:
6202105222003510008683421:
6202105222003530004166400:
6202105222003540008683421:
6202105222003570009339274:
6202105222003580006032030:
6202105222004030006039510:
6202105222004061513409863:
6202105222004160009340816:
6202105222004200008493676:
6202105222004260009346064:
6202105222004290008493676:
6202105222004410008501942:
6202105222005240008512035:
6202105222005270006024122:
6202105222005290008501942:
6202105222005350008704914:
6202105222005370006010458:
6202105222005420008494924:
6202105222005590001087528:
6202105222007580009308083:
6202105222008280009311591:
6202105222008290007421209:
6202105222009120007421269:
6202105222009510006039337:
6202105222010360006029906:
6202105222011040008491901:
6202105222012020008501852:
6202105222013150008516213:
6202105222015110009296138:
6202105222016210006021991:
6202105222018170009343432:
6202105222018200009226399:
6202105222018570009346063:
6202105222020180006024088:
6202105222022170008519041:
6202105222024090009275624:
6202105222024400006028797:
6202105222026330009325528:
6202105222028010009252945:
6202105222029280006024735:
6202105222030290006014349:
6202105222030320009274874:
6202105222031350009339211:
6202105222031400009351758:
6202105222031410007405149:
6202105222032560002851459:
6202105222041070009233736:
6202105222049070009351964:
6202105222053050008508441:
6202105222055110007411315:
6202105222105330006023085:
6202105222108350008507377:
6202105222108400009240515:
6202105222113410008500401:
6202105222118460007405149:
6202105222120020007395627:
6202105222120090009325536:
6202105222133100009326438:
6202105222133110008494141:
6202105222133180009236846:
6202105222142240009291036:
6202105222142280009226390:
6202105222144070006036876:
6202105222159000009344566:
6202105222159030009324085:
6202105222159120009305197:
6202105222159230006041721:
6202105222159251513628066:
6202105222159260008699992:
6202105222159290006018008:
6202105222159310009331842:
6202105222159330003126383:
6202105222159360008683630:
6202105222159410009323007:
6202105222159430008691341:
6202105222159520009324879:
6202105222159570008681703:
6202105222200010008496191:
6202105222200040009339225:
6202105222200090008692290:
6202105222200170006029910:
6202105222200260008495972:
6202105222200500009335539:
6202105222200520007409900:
6202105222201070007407764:
6202105222201100009232350:
6202105222201140009226429:
6202105222201160009232653:
6202105222201180007404952:
6202105222201230008492480:
6202105222201271513653821:
6202105222201530006026835:
6202105222201550009310033:
6202105222201570008503824:
6202105222202020008508964:
6202105222202040003117204:
6202105222205220006039506:
6202105222207430008492754:
6202105222209230008705617:
6202105222209270009288958:
6202105222210020008500378:
6202105222210440006039129:
6202105222211120009254207:
6202105222211220007421210:
6202105222211250008496471:
6202105222214500007402498:
6202105222218420009241075:
6202105222258440009347747:
6202105222300020009347747:
6202105222302300007404980:
6202105222302320008716113:
6202105222302330007404980:
6202105222302370008716113:
6202105222303261513641316:
6202105222359030009339792:
6202105222359070006026834:
6202105222359090007395601:
6202105222359110008698315:
6202105222359280009348376:
6202105222359310006033720:
6202105222359340000431430:
6202105222359360009272184:
6202105222359510009230749:
8202105220728270009231425:
8202105220734230008713215:
8202105220741390008504234:
8202105220742400008511681:
8202105220742421513631613:
8202105220743090007406683:
8202105220743210009346364:
8202105220743330009305260:
8202105220744010008689944:
8202105220744200006033000:
8202105220744260007396382:
8202105220745160002851485:
8202105220745190008512375:
8202105220745530008513100:
8202105220747380009226797:
8202105220748320009288958:
8202105220748400009273291:
8202105220749110008500626:
8202105220749160009234249:
8202105220749190008512783:
8202105220749450006021988:
8202105220750430009313131:
8202105220750480009346173:
8202105220750590006027612:
8202105220751010000424167:
8202105220751260008695597:
8202105220751280008493340:
8202105220751440006037029:
8202105220751510009339834:
8202105220752000006028799:
8202105220752130008710875:
8202105220752210009343383:
8202105220753220008499706:
8202105220754100008493749:
8202105220754260001083930:
8202105220754310015629857:
8202105220755050008500493:
8202105220755280006036504:
8202105220755310006028960:
8202105220755400009231455:
8202105220755550006042240:
8202105220756410009343593:
8202105220756460008686117:
8202105220756570008679170:
8202105220757010008500083:
8202105220757150009342984:
8202105220801420008509836:
8202105220954000009250787:
8202105221704100006028799:
8202105221704330008510188:
8202105221857470008501349:
8202105221900160008695667:
8202105221900230009326650:
8202105221901210008501288:
8202105221901280008680442:
8202105221901340008515848:
8202105221905230008512783:
8202105221958470001077425:
8202105221958490008681212:
8202105221958540008713215:
8202105221959010008708992:
8202105221959030008681212:
8202105221959310006040155:
8202105221959320009249489:
8202105221959340009351830:
8202105221959370000424545:
8202105221959390009351830:
8202105221959460009278607:
8202105221959500009337006:
8202105221959520009339818:
8202105222000010008500889:
8202105222000020004163548:
8202105222000040009226797:
8202105222000060006013128:
8202105222000070008500493:
8202105222000090008717694:
8202105222000110007396382:
8202105222000130008493895:
8202105222000150009321481:
8202105222000200008498170:
8202105222000220008495426:
8202105222000240009339821:
8202105222000250009273291:
8202105222000270009342978:
8202105222000280003137945:
8202105222000300009254212:
8202105222000310007404978:
8202105222000330008500626:
8202105222000350008679170:
8202105222000370008500083:
8202105222000380008494201:
8202105222000390008501835:
8202105222000410009346685:
8202105222000430008507829:
8202105222000440008499706:
8202105222000460009327564:
8202105222000490009234249:
8202105222000500008505427:
8202105222000520008514966:
8202105222000540008695694:
8202105222000560009324572:
8202105222000580006036336:
8202105222000590009346367:
8202105222001010009342035:
8202105222001020003126356:
8202105222001040009342035:
8202105222001050009341511:
8202105222001070009342984:
8202105222001080008512397:
8202105222001100008710875:
8202105222001110009286387:
8202105222001130006021988:
8202105222001150009234486:
8202105222001170009342982:
8202105222001200009311280:
8202105222001220009326600:
8202105222001240009280051:
8202105222001260009354827:
8202105222001270009354391:
8202105222001300006039974:
8202105222001320009339834:
8202105222001340009348603:
8202105222001350009342143:
8202105222001370006022158:
8202105222001380000431385:
8202105222001400009281928:
8202105222001410015629857:
8202105222001450006015460:
8202105222001500009226816:
8202105222001520006019432:
8202105222001540006015460:
8202105222001560015629857:
8202105222001590008511222:
8202105222002010008495556:
8202105222002030006027612:
8202105222002050000424167:
8202105222002070009324605:
8202105222002090009339204:
8202105222002100009341013:
8202105222002120009324614:
8202105222002150008699709:
8202105222002160009342142:
8202105222002180008677438:
8202105222002200008690794:
8202105222002280008697764:
8202105222002300006022003:
8202105222002330006036504:
8202105222002350008680648:
8202105222002410008509836:
8202105222002420009326658:
8202105222002440009342940:
8202105222002510009305260:
8202105222002530006028960:
8202105222003130006039973:
8202105222003290009339930:
8202105222003310009326648:
8202105222003420006041875:
8202105222003440008513100:
8202105222003460009326648:
8202105222003580006014341:
8202105222004070009352010:
8202105222005540009232352:
8202105222005560007421253:
8202105222006120006042240:
8202105222007010002851485:
8202105222007480009234484:
8202105222008160009349972:
8202105222008250008501953:
8202105222008420009343593:
8202105222103000008493677:
8202105222103150008719239:
8202105222103480002854367:
8202105222104000009231455:
8202105222104531513631613:
8202105222105220009340819:
8202105222158270009346364:
8202105222200020008712416:
8202105222200060007406683:
8202105222200090008517323:
8202105222200110009282830:
8202105222200140009339277:
8202105222200160008684967:
8202105222200180009277510:
8202105222200250009231425:
8202105222200270009313131:
8202105222200300006027345:
8202105222200310008506912:
8202105222200330008496149:
8202105222200360009341742:
8202105222200390004169060:
8202105222200460008493749:
8202105222200580008504234:
8202105222201000008511681:
8202105222201070008497528:
8202105222201200008708560:
8202105222201440008512375:
8202105222201510008499458:
