2202208150002290009000482:
2202208150002430001083110:
2202208150002570009339803:
2202208150059020009346707:
2202208150059050008494564:
2202208150059070008965682:
2202208150059090008503915:
2202208150059100007402500:
2202208150059130009230781:
2202208150059160008698279:
2202208150059180008503915:
2202208150059200009000917:
2202208150059210009230781:
2202208150059230009330833:
2202208150059260006019317:
2202208150059270009226412:
2202208150059290004154825:
2202208150059310009330833:
2202208150059320008690529:
2202208150059340009226412:
2202208150059360009000917:
2202208150059370009330833:
2202208150059390004154825:
2202208150059400008958163:
2202208150059420006751664:
2202208150059430008967695:
2202208150059450009226412:
2202208150059460004605842:
2202208150059480008493750:
2202208150059490004975875:
2202208150059510004605842:
2202208150059530008967695:
2202208150059550007407739:
2202208150059560008493750:
2202208150059580009298207:
2202208150059590009004211:
2202208150100010007402523:
2202208150100020008979716:
2202208150100040008940154:
2202208150100050004163904:
2202208150100090008921781:
2202208150100110008955137:
2202208150100140004155439:
2202208150100150008694659:
2202208150100170004992723:
2202208150100180007402523:
2202208150100200009346170:
2202208150100220003137990:
2202208150100230008998020:
2202208150100260008949852:
2202208150100280004953182:
2202208150100290006036993:
2202208150100310005270178:
2202208150100320004964719:
2202208150100340004605842:
2202208150100380004963035:
2202208150100420009233710:
2202208150100430008960179:
2202208150100450005270178:
2202208150100460008499208:
2202208150100480005005056:
2202208150100490004994835:
2202208150100520008937014:
2202208150100540008960179:
2202208150100550005005056:
2202208150100570009324604:
2202208150100580004950845:
2202208150101000004596347:
2202208150101010005005056:
2202208150101030004997809:
2202208150101040008966224:
2202208150101060008934556:
2202208150101080009001183:
2202208150101090009226440:
2202208150101120004932362:
2202208150101140009066621:
2202208150101190009236809:
2202208150101200008517932:
2202208150101220004164227:
2202208150101230004163901:
2202208150101250008913993:
2202208150101260005268311:
2202208150101280004967416:
2202208150101310004163901:
2202208150101330005258489:
2202208150101360008513950:
2202208150101380008917703:
2202208150101390009051325:
2202208150101410008503171:
2202208150101420004997873:
2202208150101440006030142:
2202208150101450009282809:
2202208150101490008942549:
2202208150101520009282809:
2202208150101540008942549:
2202208150101550004155440:
2202208150101570008965283:
2202208150102010009305457:
2202208150102060004968004:
2202208150102080009282809:
2202208150102100008718216:
2202208150102120009305457:
2202208150102150008937810:
2202208150102170003920040:
2202208150102190008965283:
2202208150102210008917364:
2202208150102220008997241:
2202208150102240008917364:
2202208150102280004997873:
2202208150102300008985249:
2202208150102330004957738:
2202208150102350008917838:
2202208150102400009296798:
2202208150102420004980727:
2202208150102440008917838:
2202208150102460008939109:
2202208150102470008512216:
2202208150102490008496310:
2202208150102500008916841:
2202208150102520009296798:
2202208150102540008960798:
2202208150102560004934727:
2202208150102580008921990:
2202208150103030008954144:
2202208150103120004998138:
2202208150103140008917809:
2202208150103170004966986:
2202208150103220008969472:
2202208150103270004975531:
2202208150108270009001227:
2202208150202340007398914:
2202208150202380008988422:
2202208150203040005268444:
2202208150203520009002699:
2202208150248560004947963:
3202208150059580004958379:
3202208150100020009236809:
3202208150100040008986717:
3202208150100060008942549:
3202208150100090004155440:
3202208150100110008503171:
3202208150100160008927874:
4202208150055010009285513:
5202208150000010008991967:
5202208150000050008942590:
5202208150000110004924019:
5202208150002420008998167:
5202208150002480005272110:
5202208150003050008946846:
5202208150003150004968298:
5202208150004520009226826:
5202208150007290008977647:
5202208150007310008951250:
5202208150009320008950839:
5202208150009490004947107:
5202208150024010008961750:
5202208150028280006019315:
5202208150049310007410282:
5202208150052400009297056:
5202208150057000009346707:
5202208150059030009346170:
5202208150059070004975875:
5202208150059090009346170:
5202208150059100008921990:
5202208150059110008978121:
5202208150059130008940154:
5202208150059150008921781:
5202208150059160004163904:
5202208150059180004157829:
5202208150059190004992723:
5202208150059210008979716:
5202208150059220004163904:
5202208150059240008991003:
5202208150059250008921990:
5202208150059270005005056:
5202208150059290005270003:
5202208150059360008966787:
5202208150059380005270003:
5202208150059410005005056:
5202208150059430008998020:
5202208150059440005270178:
5202208150059460005005056:
5202208150059470009233710:
5202208150059490001108277:
5202208150059510008970469:
5202208150059520003137990:
5202208150059530009233710:
5202208150059560008969493:
5202208150059580004951445:
5202208150100000008921475:
5202208150100010008954144:
5202208150100030008921990:
5202208150100060004994835:
5202208150100080008934556:
5202208150100100004951445:
5202208150100120009226440:
5202208150100140008510090:
5202208150100160004950845:
5202208150100180008510090:
5202208150100190004924182:
5202208150100220004997809:
5202208150100230009066621:
5202208150100250008959815:
5202208150100260004163901:
5202208150100300009066621:
5202208150100310009001183:
5202208150100340004164227:
5202208150100360004997873:
5202208150100380009282809:
5202208150100390008513950:
5202208150100400008517932:
5202208150100420005267057:
5202208150100430004968004:
5202208150100450006030142:
5202208150100460008965283:
5202208150100480008913993:
5202208150100500006030142:
5202208150100510004967416:
5202208150100540009305457:
5202208150100560006033090:
5202208150101000009230754:
5202208150101010006033090:
5202208150101030008978946:
5202208150101040008997336:
5202208150101100004167848:
5202208150101120008997336:
5202208150101130008512216:
5202208150101150008937810:
5202208150101170009321818:
5202208150101180008718216:
5202208150101200004966418:
5202208150101220008708560:
5202208150101230008997241:
5202208150101250009346362:
5202208150101260008917838:
5202208150101290009000408:
5202208150101340008917838:
5202208150101390009000408:
5202208150101410008496310:
5202208150101430008916841:
5202208150101440008917838:
5202208150101460004957738:
5202208150101480009296798:
5202208150101490007414082:
5202208150101510008985249:
5202208150101530008939109:
5202208150101550007414082:
5202208150101570004989528:
5202208150101590008960798:
5202208150102010004980727:
5202208150102040005272252:
5202208150102060004934727:
5202208150102080008940309:
5202208150102120005249645:
5202208150102140004934727:
5202208150102160008940309:
5202208150102190009354401:
5202208150102210009225481:
5202208150102220009234480:
5202208150102250004969384:
5202208150102270008915557:
5202208150102290004158137:
5202208150102320004966986:
5202208150102350008915538:
5202208150102370008917809:
5202208150102390004937490:
5202208150102410004998138:
5202208150102440009341030:
5202208150102450008969472:
5202208150102470008956379:
5202208150102500009002778:
5202208150102520004937490:
5202208150102540009339219:
5202208150102560004953182:
5202208150102570004975531:
5202208150102590009351308:
5202208150103100009280491:
5202208150103130008958696:
5202208150103170009280491:
5202208150103210008958696:
5202208150103250009341030:
5202208150105040008709011:
5202208150105060008706494:
5202208150105080008709011:
5202208150105100009252984:
5202208150105120005255711:
5202208150105130008998778:
5202208150105150004989073:
5202208150105180008962128:
5202208150105540009001306:
5202208150106270009001227:
5202208150107240009324076:
5202208150107300008712785:
5202208150108020008500113:
5202208150112330009001249:
5202208150112360008985017:
5202208150112400004992875:
5202208150112420008956976:
5202208150112460008946846:
5202208150124470004933649:
5202208150124510008936940:
5202208150124560009324076:
5202208150131370006042873:
5202208150131390009339824:
5202208150137370004947963:
5202208150200270008676811:
5202208150200310008982518:
5202208150200330008934512:
5202208150200350008676811:
5202208150200370008977550:
5202208150200400008958218:
5202208150200450008992092:
5202208150200480008958218:
5202208150200500004982239:
5202208150200520008977012:
5202208150200550004162433:
5202208150200580008977159:
5202208150201140008702320:
5202208150201190009003852:
5202208150201290008977012:
5202208150201470004966050:
5202208150201480008966186:
5202208150201500008978157:
5202208150201560007398914:
5202208150202140005272111:
5202208150203020009002699:
5202208150204220008497463:
5202208150204240008508219:
5202208150205280007398914:
6202208150059340009306129:
6202208150059360008960341:
6202208150059380004964719:
6202208150059430008997298:
6202208150059450008988469:
6202208150059500004932362:
6202208150059570004596347:
6202208150059590008943411:
6202208150100020008965669:
6202208150100040008913993:
6202208150100060005268311:
6202208150100080008512216:
6202208150100090008966224:
6202208150100100008913993:
6202208150100120008697836:
6202208150100140004180013:
6202208150100160008699606:
6202208150100180008967352:
6202208150100190009346708:
6202208150100210008699606:
6202208150100220004967416:
6202208150100240005258489:
6202208150100290008917703:
6202208150100310008988469:
6202208150100320008964280:
6202208150100340009051325:
6202208150100360008986717:
6202208150100370008915275:
6202208150100390009000048:
6202208150100410008996566:
6202208150100430008967352:
6202208150100450008996566:
6202208150100480009000048:
6202208150100520003920040:
6202208150100590008920026:
6202208150101080009343592:
6202208150101110008917364:
