2202202180000010004968544:
2202202180000030006021875:
2202202180000050008978529:
2202202180000070004966802:
2202202180000080004163932:
2202202180000100004966802:
2202202180000130008681883:
2202202180000140005250644:
2202202180000160008681883:
2202202180000190009276908:
2202202180000210008979729:
2202202180000240005258228:
2202202180000280004162745:
2202202180000300008979729:
2202202180000330000431412:
2202202180000350008985026:
2202202180000370005263922:
2202202180000390000431412:
2202202180000400008701527:
2202202180000420005263922:
2202202180000430008701527:
2202202180000450005249650:
2202202180000470005252356:
2202202180000500004921669:
2202202180000520008953935:
2202202180000570008976441:
2202202180000590008953935:
2202202180001010004921669:
2202202180001030005268165:
2202202180001080008976441:
2202202180001100006029990:
2202202180001130005268165:
2202202180001150001079879:
2202202180001170004930389:
2202202180001190008986747:
2202202180001220004605848:
2202202180001240008922079:
2202202180001260008950982:
2202202180001280008986245:
2202202180001300004160637:
2202202180001320005257308:
2202202180001350004929491:
2202202180001380009297569:
2202202180001400008709061:
2202202180003100004160637:
2202202180003200001079879:
2202202180003370009293911:
2202202180005050005270977:
2202202180005260009326618:
2202202180005340009307388:
2202202180300030008954073:
2202202180300080005264374:
2202202180300140005257615:
2202202180300220005257613:
2202202180300420005258216:
2202202180300450005249648:
2202202180305150004929645:
2202202180500050004604853:
2202202180501520004164227:
2202202180502490009307295:
2202202180503340009339828:
2202202180503370008497657:
2202202180503400009307295:
2202202180503430009339828:
2202202180503450008497657:
2202202180506130005270985:
2202202180508170004965814:
2202202180506440005259622:
2202202180501380004967590:
2202202180555010004599831:
2202202180556170005248503:
2202202180555190008508219:
2202202180555470008493750:
2202202180555490004966418:
2202202180555060009001159:
2202202180555100009230754:
2202202180555180009339524:
2202202180555210009347607:
2202202180555230005258489:
2202202180555310005252358:
2202202180555420004932362:
2202202180555450005262050:
2202202180555460009236809:
2202202180555480004969726:
2202202180555060009305457:
2202202180555080004969726:
2202202180555100004997873:
2202202180555120005005056:
2202202180555160004924182:
2202202180555180004950937:
2202202180555210005268311:
2202202180555230008718216:
2202202180555280004980727:
2202202180555300009282809:
2202202180555330006030142:
2202202180555350005012946:
2202202180555390005255627:
2202202180555410004992723:
2202202180555480009351308:
2202202180555180004957738:
2202202180555540004994074:
2202202180800010004599831:
2202202180758170005248503:
2202202180758190008508219:
2202202180759470008493750:
2202202180759490004966418:
2202202180800060009001159:
2202202180800100009230754:
2202202180800180009339524:
2202202180800210009347607:
2202202180800230005258489:
2202202180800310005252358:
2202202180800420004932362:
2202202180800450005262050:
2202202180800460009236809:
2202202180800480004969726:
2202202180801060009305457:
2202202180801080004969726:
2202202180801100004997873:
2202202180801120005005056:
2202202180801160004924182:
2202202180801180004950937:
2202202180801210005268311:
2202202180801230008718216:
2202202180801280004980727:
2202202180801300009282809:
2202202180801330006030142:
2202202180801350005012946:
2202202180801390005255627:
2202202180801410004992723:
2202202180801480009351308:
2202202180803180004957738:
2202202180803540004994074:
2202202180757230006029988:
2202202180757350004998138:
2202202180757390008692450:
2202202180757410004966986:
2202202180757430009339273:
2202202180757470001108277:
2202202180757530009000917:
2202202180758000008986822:
2202202180758490008500184:
2202202180800480004934727:
2202202180807380008964280:
2202202180838170004997608:
2202202180920290005267475:
2202202180936470004930576:
2202202180950130008510090:
2202202180950150001079288:
2202202180950170008493286:
2202202180950190008676811:
2202202180950270004164223:
2202202180950400006022852:
2202202180950450006751664:
2202202180950480004160640:
2202202180950510009342183:
2202202180950530009294273:
2202202180950560006036993:
2202202180951000004963035:
2202202180952090008698279:
2202202180957590009324604:
2202202180958010004937490:
2202202180958050008994864:
2202202180958070004968004:
2202202180958090009000482:
2202202180958110004964719:
2202202181000000008500312:
2202202181000050008960179:
2202202181000060008500312:
2202202181000080005258468:
2202202181000100004975875:
2202202181000120005258468:
2202202181000130009321334:
2202202181000150008697836:
2202202181000170001083110:
2202202181000190008697836:
2202202181000210004967416:
2202202181000370009340824:
2202202181000380004992022:
2202202181000420008517932:
2202202181000510009321395:
2202202181001120005249645:
2202202181001200009234480:
2202202181001240009330833:
2202202181001290004154825:
2202202181001410005248392:
2202202181001560004975531:
2202202181002080008969472:
2202202181005490004995116:
2202202181007560004966050:
2202202181009150007398914:
2202202181009300004931193:
2202202181009320007398914:
2202202181009350004931193:
2202202181010040008508219:
2202202181010080008497463:
2202202181010150008917544:
2202202181127130009300596:
2202202181127160007402523:
2202202181127280004155439:
2202202181127310008694944:
2202202181815230008964280:
2202202181902280004163932:
3202202180000010009336959:
3202202180000030008986394:
3202202180000050008691341:
3202202180000060004168206:
3202202180000120005248596:
3202202180000140008964411:
3202202180000150008959786:
3202202180000180008697764:
3202202180000200008499165:
3202202180000220005265558:
3202202180000240008506766:
3202202180000260004599514:
3202202180000460008986229:
3202202180000510005250567:
3202202180000560006033000:
3202202180001110009346020:
3202202180001210005261504:
3202202180001250005259624:
3202202180001570004969304:
3202202180002000004924676:
3202202180002020004969304:
3202202180002050004935107:
3202202180002150005001068:
3202202180002180008715839:
3202202180002200004161986:
3202202180002220005001068:
3202202180002270008492410:
3202202180002350009279481:
3202202180002550005248460:
3202202180002580006039016:
3202202180002590009284157:
3202202180004060009326658:
3202202180004390008988448:
3202202180006240008680280:
3202202180006300008688253:
3202202180007500007407499:
3202202180100010009343593:
3202202180100080008992193:
3202202180100250005266586:
3202202180100300005249724:
3202202180100320004932608:
3202202180100340004974727:
3202202180100360005265078:
3202202180100370004974727:
3202202180100400008949619:
3202202180101190004160635:
3202202180101260009003527:
3202202180101480005263919:
3202202180101490004949140:
3202202180109570008498188:
3202202180102110005259968:
3202202180203480005248496:
3202202180207130008962067:
3202202180206160004929937:
3202202180256260006017488:
3202202180259060008702698:
3202202180259080005264374:
3202202180259170004936413:
3202202180300110005272112:
3202202180300150003126147:
3202202180300190005259621:
3202202180301050009003655:
3202202180301170004990953:
3202202180301260009253846:
3202202180301290004990953:
3202202180301310009253846:
3202202180301330008949582:
3202202180301560008677773:
3202202180302120006016090:
3202202180302170008677829:
3202202180302240004162135:
3202202180302310004937930:
3202202180302340009354582:
3202202180302350006015460:
3202202180302380008717268:
3202202180302400005263920:
3202202180302430005267751:
3202202180302450004967606:
3202202180302480004165753:
3202202180302510008967375:
3202202180302560005252020:
3202202180303020009325535:
3202202180303580004158333:
3202202180304070008692290:
3202202180304350005258221:
3202202180304370008951535:
3202202180304390004998074:
3202202180304490008696388:
3202202180313050009342997:
3202202180307590005270175:
3202202180308060005263977:
3202202180308090005272291:
3202202180308380004966449:
3202202180304270005271888:
3202202180306390005264373:
3202202180306440004968472:
3202202180306480008944254:
3202202180306490005251358:
3202202180402040005254706:
3202202180402080006024859:
3202202180402130005248502:
3202202180402150004162428:
3202202180408250008504091:
3202202180400360004160015:
3202202180400390005270175:
3202202180401380005263977:
3202202180500390008695330:
3202202180502070005263972:
3202202180502100009335560:
3202202180502130005248458:
3202202180502180004164010:
3202202180502240005270981:
3202202180505430006039506:
3202202180505460006036994:
3202202180505580004966591:
3202202180506000008984829:
3202202180506010004966591:
3202202180506030004155442:
3202202180506060005251563:
3202202180506100008504091:
3202202180506120004923617:
3202202180506260009311280:
3202202180506500009336990:
3202202180506540009233697:
3202202180506560004927539:
3202202180507040008716113:
3202202180555010005272909:
3202202180555030008949810:
3202202180555060005271892:
3202202180555150006033000:
3202202180800010005272909:
3202202180800030008949810:
3202202180800060005271892:
3202202180801150006033000:
3202202181451530004967900:
3202202181451550005248394:
3202202181641450005248394:
3202202181905350004967900:
4202202180000070009351768:
4202202180000090008969522:
4202202180000110004164225:
4202202180000120008976381:
4202202180000140008969522:
4202202180000160009004051:
4202202180000170004164228:
4202202180000190005248390:
4202202180000200009351768:
4202202180000230005248661:
4202202180000240004165522:
4202202180000260005251361:
4202202180000280004162750:
4202202180000290005251361:
4202202180000320005272226:
4202202180000350004162750:
4202202180000380005262067:
4202202180000390008932440:
4202202180001050005272912:
4202202180001140008698795:
4202202180001170005272912:
4202202180001180005262067:
4202202180001210008982528:
4202202180001230005262067:
4202202180001440009002572:
4202202180001460005252722:
4202202180001490005262067:
4202202180001560005272191:
4202202180002000005248504:
4202202180002030005262049:
4202202180003170005267474:
4202202180003210005259223:
4202202180003230005267474:
4202202180008460009226433:
4202202180106360004991241:
4202202180115130005006315:
4202202180300290005270771:
4202202180300310008707911:
4202202180300330007421690:
4202202180302590009247696:
4202202180305460004968173:
4202202180501320005248395:
4202202180502490005252016:
4202202180502510005248395:
4202202180503560005264166:
4202202180504010004963073:
4202202180504210004967900:
4202202180504240004963073:
4202202180508390005252028:
4202202180510510005248394:
4202202180511100005262497:
4202202180511120007398203:
4202202180511150006039129:
4202202180511170005258224:
4202202180556480007402498:
4202202180555330005272913:
4202202180555010005272117:
4202202180555040005272913:
4202202180555060005254539:
4202202180555080005268446:
4202202180555100005270169:
4202202180555110008959791:
4202202180555130005272117:
4202202180555150005267481:
4202202180555160005268446:
4202202180555180005270169:
4202202180555190005267481:
4202202180555210005272913:
4202202180555230005250643:
4202202180555260004936557:
4202202180555270004952773:
4202202180555290005270169:
4202202180555350008942699:
4202202180555380005270169:
4202202180555400005248391:
4202202180555410008942699:
4202202180555430008690234:
4202202180555450005252355:
4202202180555470005012521:
4202202180555510008690234:
4202202180555540005012521:
4202202180555030004161988:
4202202180722320009285513:
4202202181934100004968173:
4202202181934240007398203:
4202202181934350004967900:
4202202181934400005258224:
4202202181934430005252028:
4202202181934470007402498:
5202202180001310004155438:
5202202180001340004993146:
5202202180002210005252997:
5202202180111240008956379:
5202202180111320008956976:
5202202180124040008498988:
5202202180130190008703345:
5202202180300120005258216:
5202202180301390004165890:
5202202180302170009240533:
5202202180302200004964878:
5202202180310100004162433:
5202202180407360008949585:
5202202180402050004966449:
5202202180501150004164227:
5202202180503470005252016:
5202202180507280004965814:
5202202180512190005248394:
5202202180545490004935186:
5202202180547170009226826:
5202202180553280005251564:
5202202180555010008508757:
5202202180555040008499208:
5202202180555060008512216:
5202202180555300005272909:
5202202180555320004163936:
5202202180555360004157151:
5202202180555160004928175:
5202202180555180008499805:
5202202180555240008982515:
5202202180555390004160011:
5202202180555160008916532:
5202202180555180008950823:
5202202180555210007412611:
5202202180555160008493750:
5202202180555250004966418:
5202202180555000009346170:
5202202180555020004932362:
5202202180555030004963630:
5202202180555050006033090:
5202202180555080004599825:
5202202180555100004987744:
5202202180555110004155440:
5202202180555130005262050:
5202202180555140004957545:
5202202180555160005256328:
5202202180555180008978946:
5202202180555190004969726:
5202202180555210004159572:
5202202180555230008918420:
5202202180555250008718216:
5202202180555270005272107:
5202202180555290005005056:
5202202180555320004997873:
5202202180555340004989528:
5202202180555360009305457:
5202202180555390004924019:
5202202180555410004924182:
5202202180555420005268311:
5202202180555440009346362:
5202202180555460009354401:
5202202180555470004950937:
5202202180555490006032924:
5202202180555510009225481:
5202202180555530004980727:
5202202180555560006030142:
5202202180555580009282809:
5202202180555010005255627:
5202202180555030004992723:
5202202180555050004167842:
5202202180555080005012946:
5202202180555100009230781:
5202202180555130008951519:
5202202180555150008513950:
5202202180555180009351308:
5202202180555230009226412:
5202202180555250009226440:
5202202180555270009226412:
5202202180555290004950845:
5202202180555310009226440:
5202202180555320004950845:
5202202180555340004972171:
5202202180555370008951250:
5202202180555380005270002:
5202202180555470006033000:
5202202180555430004957738:
5202202180555200009340820:
5202202180555220004994074:
5202202180555490005249653:
5202202180555280008701083:
5202202180555130008937810:
5202202180759160008493750:
5202202180759250004966418:
5202202180800000009346170:
5202202180800020004932362:
5202202180800030004963630:
5202202180800050006033090:
5202202180800080004599825:
5202202180800100004987744:
5202202180800110004155440:
5202202180800130005262050:
5202202180800140004957545:
5202202180800160005256328:
5202202180800180008978946:
5202202180800190004969726:
5202202180800210004159572:
5202202180800230008918420:
5202202180800250008718216:
5202202180800270005272107:
5202202180800290005005056:
5202202180800320004997873:
5202202180800340004989528:
5202202180800360009305457:
5202202180800390004924019:
5202202180800410004924182:
5202202180800420005268311:
5202202180800440009346362:
5202202180800460009354401:
5202202180800470004950937:
5202202180800490006032924:
5202202180800510009225481:
5202202180800530004980727:
5202202180800560006030142:
5202202180800580009282809:
5202202180801010005255627:
5202202180801030004992723:
5202202180801050004167842:
5202202180801080005012946:
5202202180801100009230781:
5202202180801130008951519:
5202202180801150008513950:
5202202180801180009351308:
5202202180801230009226412:
5202202180801250009226440:
5202202180801270009226412:
5202202180801290004950845:
5202202180801310009226440:
5202202180801320004950845:
5202202180801340004972171:
5202202180801370008951250:
5202202180801380005270002:
5202202180801470006033000:
5202202180802430004957738:
5202202180803200009340820:
5202202180803220004994074:
5202202180803490005249653:
5202202180804280008701083:
5202202180806130008937810:
5202202180755210004961787:
5202202180800280004168207:
5202202180803110008967428:
5202202180805310009324076:
5202202180805350004933649:
5202202180806120006022855:
5202202180756160004943327:
5202202180756200005251564:
5202202180758510004163932:
5202202180756020008969472:
5202202180756330009281814:
5202202180756470009339219:
5202202180756520004998138:
5202202180756540004937390:
5202202180756570004951489:
5202202180756580004922969:
5202202180757000008986822:
5202202180757020004967073:
5202202180757050009339273:
5202202180757070004966986:
5202202180757090001108277:
5202202180757160008692450:
5202202180757180009000917:
5202202180757440008969472:
5202202180757470009234480:
5202202180757520008986717:
5202202180758100004167848:
5202202180758120008966872:
5202202180758170009000482:
5202202180758190008960388:
5202202180758210004937490:
5202202180758240004989365:
5202202180758270005248386:
5202202180758290004975875:
5202202180758310004164223:
5202202180758340008698279:
5202202180758370006039493:
5202202180758390004158137:
5202202180759200009339219:
5202202180759410008954021:
5202202180759480004981830:
5202202180800010004921536:
5202202180800040008494564:
5202202180800090004167847:
5202202180800120004959001:
5202202180800140004995938:
5202202180800160007402500:
5202202180800190004934727:
5202202180800240008923888:
5202202180800280008976530:
5202202180800480005266259:
5202202180801090004969384:
5202202180803300005251564:
5202202180803340008981281:
5202202180804040009346707:
5202202180804130005262554:
5202202180817270008503915:
5202202180845460008508219:
5202202180859260007410282:
5202202180940240005255711:
5202202180941250005270984:
5202202180942120005249710:
5202202180950020008977012:
5202202180950090006022852:
5202202180950120004160640:
5202202180950230004963035:
5202202180950270008942210:
5202202180950440004989365:
5202202180950560008942210:
5202202180950580008986717:
5202202180951240005272111:
5202202180951260006039493:
5202202180951280009342959:
5202202180951300009354001:
5202202180951320005262554:
5202202180951340008698279:
5202202180951360005248386:
5202202180951390008702320:
5202202180951410004972420:
5202202180951430005272110:
5202202180951450009001082:
5202202180951470008917739:
5202202180951490009297056:
5202202180951560005248503:
5202202180951580005263973:
5202202180952000005251564:
5202202180956190004968004:
5202202180956230008994864:
5202202180956300004937490:
5202202180958180006041715:
5202202181000000004992022:
5202202181000020009340824:
5202202181000040009321395:
5202202181000050006031525:
5202202181000070004995654:
5202202181000090009321395:
5202202181000100004995654:
5202202181000120007414082:
5202202181000140003920040:
5202202181000170008517932:
5202202181000220007414082:
5202202181000240003920040:
5202202181000260006039969:
5202202181000280008496310:
5202202181000300008967751:
5202202181000310006039969:
5202202181000330008496310:
5202202181000340007402194:
5202202181000360008694659:
5202202181000390005249645:
5202202181000410008500113:
5202202181000430009330833:
5202202181000460009234480:
5202202181000490004163901:
5202202181000520004154825:
5202202181000550009296798:
5202202181000590009280491:
5202202181001030008503171:
5202202181001080005248392:
5202202181001130004158137:
5202202181001160004947107:
5202202181001190009280491:
5202202181001260004975531:
5202202181001300008969472:
5202202181001340004947107:
5202202181001390009339219:
5202202181006250004933649:
5202202181006310004168207:
5202202181006320004943327:
5202202181006340009324076:
5202202181007460008494333:
5202202181007480005268444:
6202202180000030004936149:
6202202180000050008703693:
6202202180000060009002553:
6202202180000090008708048:
6202202180000100006039541:
6202202180000130008708048:
6202202180000240008986394:
6202202180000270004168206:
6202202180000300008691341:
6202202180000380008697764:
6202202180000420008506766:
6202202180001020008986229:
6202202180001060005250567:
6202202180001080009302534:
6202202180001140006033000:
6202202180001190004167714:
6202202180001210005272195:
6202202180001580005272915:
6202202180002060008982528:
6202202180002110008698795:
6202202180002370004161986:
6202202180002480008715839:
6202202180002530009279481:
6202202180003100005272915:
6202202180004010008508441:
6202202180004400005267474:
6202202180006430008680280:
6202202180006450008688253:
6202202180100480004932608:
6202202180100530005266586:
6202202180100560005265078:
6202202180100570005249724:
6202202180101000008949619:
6202202180102170005263919:
6202202180102190004949140:
6202202180106070009344566:
6202202180108020004605847:
6202202180104020006014349:
6202202180147330001087528:
6202202180216030008962067:
6202202180242040004596350:
6202202180255380004926955:
6202202180258130005270174:
6202202180259430008976472:
6202202180259450005270174:
6202202180259470004976407:
6202202180259480004605852:
6202202180259500005270006:
6202202180259510005269841:
6202202180259530005273381:
6202202180259540005270006:
6202202180259560005262498:
6202202180259580004967379:
6202202180300000005255628:
6202202180300040005270173:
6202202180300050004986846:
6202202180300090008923736:
6202202180300110005273379:
6202202180300120004596345:
6202202180300140004159573:
6202202180300160006021994:
6202202180300180009232629:
6202202180300200005270004:
6202202180300210006021994:
6202202180300230005272292:
6202202180300250009233704:
6202202180300260005251019:
6202202180300280008976963:
6202202180300290005258757:
6202202180300310005273377:
6202202180300320005254716:
6202202180300340006025807:
6202202180300350004966750:
6202202180300370005268995:
6202202180300380005262048:
6202202180300400003916932:
6202202180300420004163935:
6202202180300450004938202:
6202202180300470006039510:
6202202180300490004927029:
6202202180300520008949626:
6202202180300530005254708:
6202202180300560005259621:
6202202180300580008949626:
6202202180300590004994575:
6202202180301010004975690:
6202202180301030009254908:
6202202180301050004946192:
6202202180301060005005468:
6202202180301080004596346:
6202202180301100005262500:
6202202180301110004599827:
6202202180301130004165890:
6202202180301150004599827:
6202202180301160005257316:
6202202180301180004990085:
6202202180301190005262500:
6202202180301220008683421:
6202202180301230004926646:
6202202180301250008492480:
6202202180301260004926646:
6202202180301280004982680:
6202202180301300004159578:
6202202180301310004968194:
6202202180301350008986390:
6202202180301370008953960:
6202202180301390008510378:
6202202180301420004964878:
6202202180301450004998544:
6202202180301480004968886:
6202202180301530005254929:
6202202180301540005272190:
6202202180301560009240533:
6202202180301580004964878:
6202202180302040008494613:
6202202180302070005264379:
6202202180302260001114611:
6202202180302320008677829:
6202202180302390008959816:
6202202180302520006015460:
6202202180302540004162748:
6202202180302580004951477:
6202202180303000005263920:
6202202180303040006039510:
6202202180303060005267751:
6202202180303070004927029:
6202202180303090004966490:
6202202180303100008717268:
6202202180303120006017488:
6202202180303140004165753:
6202202180303170008967375:
6202202180303220009325535:
6202202180303360005257310:
6202202180303440008959698:
6202202180304050008934533:
6202202180304090009003655:
6202202180304110004929645:
6202202180304190004158333:
6202202180304290008972647:
6202202180304300005258560:
6202202180304540005249708:
6202202180304560005264376:
6202202180304590005259967:
6202202180305040004998074:
6202202180305050008951535:
6202202180305130008696388:
6202202180305390006028797:
6202202180306350004968173:
6202202180308071513409863:
6202202180308180005267345:
6202202180315000004599832:
6202202180308010005270983:
6202202180306020004992307:
6202202180307260005251358:
6202202180343100009298223:
6202202180343140009305197:
6202202180402350005254706:
6202202180402410006022160:
6202202180402460005255626:
6202202180403110005266099:
6202202180408590005259620:
6202202180410380006036876:
6202202180408530008504091:
6202202180500490008695330:
6202202180501270008997563:
6202202180501300008942957:
6202202180501330008978167:
6202202180501560009292116:
6202202180501590005263969:
6202202180503010004936685:
6202202180503340005248395:
6202202180503430005258756:
6202202180504090006021991:
6202202180504440005264166:
6202202180504520004967900:
6202202180506270005251563:
6202202180506310008504091:
6202202180506320004923617:
6202202180506340004155442:
6202202180506440009311280:
6202202180507170008716113:
6202202180507200004927539:
6202202180507250009336990:
6202202180507540004923771:
6202202180508210005249654:
6202202180509190005252028:
6202202180512120005258224:
6202202180512160007398203:
6202202180515580005259622:
6202202180506270004930608:
6202202180506300009300590:
6202202180507420009339211:
6202202180542430004967312:
6202202180545410005272109:
6202202180552260005006239:
6202202180556030004163902:
6202202180556080005006239:
6202202180556490008492776:
6202202180556510005006239:
6202202180556540004160313:
6202202180558550008499149:
6202202180556570008978489:
6202202180556590009002142:
6202202180556010005272099:
6202202180556030005270415:
6202202180556060005248988:
6202202180556500005254712:
6202202180556520005248396:
6202202180556540005248878:
6202202180556560005268451:
6202202180556580004933902:
6202202180556590005252149:
6202202180556010004157151:
6202202180556030005273378:
6202202180556050004989524:
6202202180556060008964289:
6202202180556080005257312:
6202202180556090004157151:
6202202180556110008982515:
6202202180556120005008853:
6202202180556140008964730:
6202202180556150005257617:
6202202180556180008978936:
6202202180556200008492776:
6202202180556210005272115:
6202202180556220008492776:
6202202180556240009226447:
6202202180556250004167713:
6202202180556270004922029:
6202202180556290009002770:
6202202180556310008709393:
6202202180556330004922029:
6202202180556340007404782:
6202202180556360005009021:
6202202180556370004928175:
6202202180556390004965866:
6202202180556410008986792:
6202202180556430007404782:
6202202180556460004928175:
6202202180556500008499805:
6202202180556540004162431:
6202202180556550005263444:
6202202180556570004162431:
6202202180556590009000923:
6202202180556000009001110:
6202202180556020008508290:
6202202180556040004948585:
6202202180556060005264543:
6202202180556080009276489:
6202202180556090004168208:
6202202180556110009288913:
6202202180556120008967730:
6202202180556140009276489:
6202202180556150009288913:
6202202180556180004160011:
6202202180556190004158136:
6202202180556200004994314:
6202202180556220004968100:
6202202180556230007419049:
6202202180556250005271892:
6202202180556260005006528:
6202202180556280008965750:
6202202180556290005005063:
6202202180556310004602281:
6202202180556330008916482:
6202202180556340005267344:
6202202180556360004162742:
6202202180556370008916532:
6202202180556390005257616:
6202202180556400008950823:
6202202180556420004987025:
6202202180554440007412611:
6202202180554490009287614:
6202202180554520008950823:
6202202180554550008690234:
6202202180554570007412611:
6202202180554580008964376:
6202202180554000009287614:
6202202180554020009000149:
6202202180554030005012521:
6202202180554050004161988:
6202202180554060006033720:
6202202180554080009000149:
6202202180554100000431430:
6202202180554120008994824:
6202202180554160004961333:
6202202180554180008497935:
6202202180554210008994824:
6202202180554230008984912:
6202202180554260005272908:
6202202180554290004979341:
6202202180554120006033000:
6202202180951430005007161:
6202202181451190005248394:
6202202181451220004967900:
6202202181453290007398203:
6202202181459500004968173:
6202202181502120005252028:
6202202181604420007402498:
6202202181604530005258224:
6202202181641180005248394:
6202202181935140004967900:
6202202181935200004968173:
6202202181935240005252028:
6202202181935300007398203:
6202202181935370005258224:
6202202181935400007402498:
8202202180000000005272103:
8202202180000020001099428:
8202202180000040008982196:
8202202180001070004952531:
8202202180001070008982196:
8202202180001100004952531:
8202202180001120008511681:
8202202180001160003126360:
8202202180002520008961557:
8202202180004530007407499:
8202202180005480009226433:
8202202180007110008953872:
8202202180009130008961557:
8202202180114460005006315:
8202202180100450004921785:
8202202180300020005270771:
8202202180300050008707911:
8202202180300080007421690:
8202202180300100008677903:
8202202180300120004966178:
8202202180300170008506912:
8202202180503400004963073:
