2202202170000040004975875:
2202202170000060006033090:
2202202170000080005005056:
2202202170000090009330833:
2202202170000110004164223:
2202202170000130009330833:
2202202170000150004959001:
2202202170000170008960401:
2202202170000190004992723:
2202202170000210008500113:
2202202170000220004950845:
2202202170000250004933649:
2202202170000280004943327:
2202202170000380004997873:
2202202170000400005255627:
2202202170000430004154825:
2202202170000460004957545:
2202202170000500005251564:
2202202170000520004164227:
2202202170000530004981830:
2202202170000560008918420:
2202202170000580005272107:
2202202170001000004980727:
2202202170001020008976530:
2202202170001050009000917:
2202202170001090004966986:
2202202170001120008494564:
2202202170001140004957738:
2202202170001160004995938:
2202202170001180004975166:
2202202170001280007402500:
2202202170001330004994074:
2202202170001350005270002:
2202202170007100004967590:
2202202170008020005270985:
2202202170050100004966050:
2202202170050370007398914:
2202202170051010004966050:
2202202170051040007398914:
2202202170051100009300596:
2202202170051160004931193:
2202202170051190007402523:
2202202170051240008694944:
2202202170051270004155439:
2202202170051330008917544:
2202202170051360005268444:
2202202170054090009324604:
2202202170054130008494333:
2202202170054150004995116:
2202202170721020004930576:
2202202170731230004993595:
2202202170731390005248504:
2202202170737220008497657:
2202202170737260005271889:
2202202170737270005271884:
2202202170740120004924346:
2202202170740140006021875:
2202202170741320009307295:
2202202170742200005273382:
2202202170742230008978167:
2202202170743500008994864:
2202202170746160009341030:
2202202170746240006022439:
2202202170746440004958165:
2202202170747190004605848:
2202202170747380008986747:
2202202170747520005272372:
2202202170748040005270977:
2202202170748540008429638:
2202202170748570009297569:
2202202170749000004604850:
2202202170749020008916427:
2202202170749390008694944:
2202202170749410009300596:
2202202170749430006751664:
2202202170749450004967967:
2202202170750190005258228:
2202202170750210008500401:
2202202170750230009002701:
2202202170750290008985026:
2202202170750410008681883:
2202202170750450005252356:
2202202170750470008986245:
2202202170750570004964719:
2202202170751130005268165:
2202202170751310008976441:
2202202170751340004968394:
2202202170751580008960179:
2202202170752220004599831:
2202202170752250009326618:
2202202170752310009276908:
2202202170752340008709061:
2202202170752490005249648:
2202202170752520005258489:
2202202170752580005270174:
2202202170753000004997665:
2202202170753020004967416:
2202202170753100008503915:
2202202170753220001083110:
2202202170753240009226393:
2202202170753270007402500:
2202202170753290004980727:
2202202170753320004959001:
2202202170753350008917544:
2202202170753370008922079:
2202202170753530006030135:
2202202170753550004163936:
2202202170753570009226826:
2202202170754020008709369:
2202202170754060008500184:
2202202170754080008969472:
2202202170754100007402523:
2202202170754140004163936:
2202202170754230008424093:
2202202170754270004163932:
2202202170754300006029988:
2202202170754330008954177:
2202202170754360001079879:
2202202170754380005266871:
2202202170754400004160637:
2202202170754420009230754:
2202202170754440004604853:
2202202170754460004961787:
2202202170754490004155439:
2202202170754540008950650:
2202202170754580009226412:
2202202170755030008697836:
2202202170755050009226412:
2202202170755130008950354:
2202202170755160004162745:
2202202170755190005249650:
2202202170755260005251355:
2202202170755420002851478:
2202202170755450004167848:
2202202170755470004160641:
2202202170755480004155438:
2202202170755500004937390:
2202202170755510005265313:
2202202170755550008496310:
2202202170756010008984987:
2202202170756030004155438:
2202202170756030005255626:
2202202170756060008975144:
2202202170756090008698044:
2202202170756130006030142:
2202202170756160008964280:
2202202170756180009252984:
2202202170756210005263922:
2202202170756330004963035:
2202202170756350005268311:
2202202170756370004992022:
2202202170756410004165757:
2202202170756430004168207:
2202202170756450008953935:
2202202170756480009340824:
2202202170756520004989232:
2202202170756540008997564:
2202202170756580005257308:
2202202170757000005258468:
2202202170757100005251558:
2202202170757130008701527:
2202202170757170004930389:
2202202170757190005272807:
2202202170757250004966050:
2202202170757410008966872:
2202202170757490000431412:
2202202170757530008979729:
2202202170757550005257613:
2202202170757580004987744:
2202202170758000004929491:
2202202170758020004960160:
2202202170758040004948851:
2202202170758060008510090:
2202202170758080005252997:
2202202170758100008978529:
2202202170758110006029990:
2202202170758140008950982:
2202202170758160004162433:
2202202170758180005252358:
2202202170758200008997461:
2202202170758220004975875:
2202202170758270008960388:
2202202170758310009283296:
2202202170758330004995654:
2202202170758370004921669:
2202202170758400005268310:
2202202170758420004966903:
2202202170758430004163937:
2202202170758450005258216:
2202202170758510009339828:
2202202170758530004966802:
2202202170758550008986629:
2202202170758570008954073:
2202202170759000005268444:
2202202170759020005257313:
2202202170759050009293911:
2202202170759070005267343:
2202202170759090001079288:
2202202170759100009342959:
2202202170759150005259968:
2202202170759170005249645:
2202202170759190005259968:
2202202170759200004968004:
2202202170759230007422489:
2202202170759250009339524:
2202202170759270008702698:
2202202170759300008949582:
2202202170759310004970618:
2202202170759340009354391:
2202202170759360005248387:
2202202170759370009335539:
2202202170759390004966490:
2202202170759420005267473:
2202202170759460008976540:
2202202170759490009346020:
2202202170759510004979341:
2202202170759530007414082:
2202202170759540009321395:
2202202170759590004599825:
2202202170800000004993146:
2202202170800020009343592:
2202202170800040005272291:
2202202170800050007421210:
2202202170800070004954665:
2202202170800090007402482:
2202202170800110004968555:
2202202170800140006022852:
2202202170800160004935186:
2202202170800180004993409:
2202202170800200005257615:
2202202170800220008493286:
2202202170800240008975089:
2202202170800290006014349:
2202202170800380006021991:
2202202170800410007398914:
2202202170800430006036993:
2202202170800450009330833:
2202202170800480004931193:
2202202170800500009226440:
2202202170800510004929016:
2202202170800530008500312:
2202202170800590005264376:
2202202170801030006041715:
2202202170801040008696238:
2202202170801080009281928:
2202202170801100004969384:
2202202170801130009279481:
2202202170801160005251556:
2202202170801180008497463:
2202202170801220004991241:
2202202170801230009348543:
2202202170801430005252022:
2202202170801520008510378:
2202202170801540008677773:
2202202170801580005006768:
2202202170802000009225481:
2202202170802020005272111:
2202202170802130008493750:
2202202170802160008516772:
2202202170802180006031525:
2202202170802200004990085:
2202202170802220009001159:
2202202170802250004164223:
2202202170802280006039506:
2202202170802410003916932:
2202202170802550004995116:
2202202170802590009000917:
2202202170803090005264373:
2202202170803110005261061:
2202202170803140004943327:
2202202170803170009307388:
2202202170803190005248503:
2202202170803230009246193:
2202202170803240005254714:
2202202170803260007410282:
2202202170803290006039969:
2202202170803310009347607:
2202202170803340008426248:
2202202170803370005272317:
2202202170803410004923617:
2202202170803430009232651:
2202202170803440004958690:
2202202170803580009339824:
2202202170804000004989365:
2202202170804020009336990:
2202202170804050009279728:
2202202170804080008505663:
2202202170804120006019315:
2202202170804150008495616:
2202202170804180009324604:
2202202170804220004953953:
2202202170804240005250644:
2202202170804270008713215:
2202202170804400008953844:
2202202170804580005271886:
2202202170805010004969598:
2202202170805170009294273:
2202202170805200009226392:
2202202170805230008426248:
2202202170805250004924676:
2202202170805520004160015:
2202202170806200008498988:
2202202170806230009305197:
2202202170806250004604855:
2202202170806270005251357:
2202202170806330005249708:
2202202170806550004967606:
2202202170807000009290264:
2202202170807180009286624:
2202202170807190004975841:
2202202170807230008949585:
2202202170807300005254534:
2202202170807410006022855:
2202202170807450005259622:
2202202170808080009291663:
2202202170808100004951489:
2202202170808280008702320:
2202202170808430006036505:
2202202170809500005004848:
2202202170810420008917536:
2202202170811050004985430:
2202202170811060006027540:
2202202170811530008493028:
2202202170815370004955828:
2202202170815480008494333:
2202202170818290008502364:
2202202170819150004967312:
2202202170820090005007161:
2202202170821000008506632:
2202202170822050009342183:
2202202170823560004160309:
2202202170824420009254002:
2202202170825140005272109:
2202202170827320004947963:
2202202170836140006042277:
2202202170841230009310727:
2202202170841300008504041:
2202202170843590004160016:
2202202170844540009313676:
2202202170848090005249653:
2202202170858510005267475:
2202202170912140009290471:
2202202170915520004967590:
2202202170924040005252016:
2202202170928030005262497:
2202202170934550005263977:
2202202171100420007411315:
2202202171358151513646659:
2202202171658550005273382:
2202202171708140008717926:
2202202171708370008984987:
2202202171824350004968394:
2202202171901410006030135:
2202202171955191513646659:
2202202171957030005004855:
2202202171957560004991528:
2202202172000040008516772:
2202202172000120002851478:
2202202172000150005266871:
2202202172000330008954177:
2202202172000350008916427:
2202202172000380004604850:
2202202172000400009002701:
2202202172000430004604850:
2202202172000560004162749:
2202202172001560004989073:
2202202172002120009226393:
2202202172007370008997461:
2202202172009540008506632:
2202202172011110009339803:
2202202172014440009283296:
2202202172007500005271889:
2202202172003100005265313:
2202202172004220005272372:
2202202172006310005272317:
2202202172043450008502364:
2202202172102240005258556:
2202202172102350004953953:
2202202172108160009226392:
2202202172108320009246193:
2202202172150540006029990:
2202202172151570004966802:
2202202172153320004967606:
2202202172157280004958690:
2202202172200040008997564:
2202202172200060004997665:
2202202172200080004967967:
2202202172200100008429638:
2202202172200110004997665:
2202202172200140005268310:
2202202172200170004924346:
2202202172200180004967967:
2202202172200210008950650:
2202202172200470005272807:
2202202172201280004604855:
2202202172201560004165757:
2202202172201580008975144:
2202202172202010004163937:
2202202172202030008950354:
2202202172202100004954665:
2202202172202260004970618:
2202202172202300004160641:
2202202172202400004970618:
2202202172202420004160641:
2202202172205100009232651:
2202202172205130008698044:
2202202172205480005257313:
2202202172205580008976540:
2202202172207360004960160:
2202202172213440008964280:
2202202172209500009313676:
2202202172209520004948851:
2202202172209540004947963:
2202202172206160004958165:
2202202172359540007402482:
2202202172359560009236810:
3202202170000240004165525:
3202202170000340008715839:
3202202170000360004165525:
3202202170000390005270168:
3202202170000420004928640:
3202202170000470008680900:
3202202170000520004948881:
3202202170004270008978167:
3202202170004300009254002:
3202202170059570009336990:
3202202170102100004965502:
3202202170102130005250571:
3202202170102150004965502:
3202202170102170004923548:
3202202170105060005251563:
3202202170200050005254423:
3202202170200090004990953:
3202202170205290008988448:
3202202170257460004604856:
3202202170258000008698315:
3202202170258020009226952:
3202202170258110004604856:
3202202170258380009308083:
3202202170259010009343149:
3202202170259020003132773:
3202202170259040008499556:
3202202170259060006041721:
3202202170259080003126147:
3202202170259110005264727:
3202202170300020005272112:
3202202170300040004973922:
3202202170300150004988378:
3202202170301260005263977:
3202202170733320004165524:
3202202170733350006031524:
3202202170738340005250571:
3202202170738540005250568:
3202202170739040005004742:
3202202170739350005249722:
3202202170742450004974136:
3202202170743430005271887:
3202202170745030001099428:
3202202170745250008988448:
3202202170746380005254736:
3202202170746410008961580:
3202202170746550008692290:
3202202170747210008503303:
3202202170747250004988205:
3202202170748100004949140:
3202202170748290005252718:
3202202170748340008715839:
3202202170748550009234458:
3202202170749170004926955:
3202202170749310004998074:
3202202170751120009343149:
3202202170751180004948881:
3202202170751220008984829:
3202202170751250005011155:
3202202170751270005251015:
3202202170751280008961538:
3202202170751310004968472:
3202202170751320005263972:
3202202170751350009335560:
3202202170751380008943738:
3202202170751400008680900:
3202202170751430005258215:
3202202170751450005261504:
3202202170751510008687514:
3202202170752030006028957:
3202202170752070006039016:
3202202170752090009295891:
3202202170752120005250567:
3202202170752460005001068:
3202202170752530009323446:
3202202170753000008942957:
3202202170753020009234248:
3202202170753040008992193:
3202202170753060005250572:
3202202170753080009325535:
3202202170753120008959786:
3202202170753140008711197:
3202202170753150005251560:
3202202170753180004927539:
3202202170753200009339930:
3202202170753220008982196:
3202202170753290004933136:
3202202170753350006018008:
3202202170753380004164224:
3202202170753410004952471:
3202202170753420006030480:
3202202170753440005270771:
3202202170753460005272187:
3202202170753480008986805:
3202202170753510009002553:
3202202170753530008986394:
3202202170753550005271892:
3202202170753570004970930:
3202202170754000008943425:
3202202170754030005248496:
3202202170754060005249712:
3202202170754100004164010:
3202202170754120005270168:
3202202170754150009230812:
3202202170754180004165753:
3202202170754220004945980:
3202202170754310005254707:
3202202170754340005262094:
3202202170754430008689944:
3202202170754440008693892:
3202202170754460009348776:
3202202170754490004929937:
3202202170754510004969304:
3202202170754560008951287:
3202202170754590004940881:
3202202170755040004999443:
3202202170755070004162162:
3202202170755090008984988:
3202202170755110005264374:
3202202170755130008492410:
3202202170755140005272315:
3202202170755160008717268:
3202202170755180009339817:
3202202170755200009275492:
3202202170755220004162428:
3202202170755240009324629:
3202202170755260004154154:
3202202170755280009326626:
3202202170755300005249560:
3202202170755320005251559:
3202202170755350008918564:
3202202170755370005258558:
3202202170755380005258559:
3202202170755420008964411:
3202202170755450005263924:
3202202170755470008951956:
3202202170755490007421690:
3202202170755520005252069:
3202202170755540004935446:
3202202170755560008691341:
3202202170755580004986942:
3202202170755590005264728:
3202202170756010004949437:
3202202170756030009342954:
3202202170756050009331842:
3202202170756070004973922:
3202202170756080004962972:
3202202170756100005257311:
3202202170756120005248460:
3202202170756140009253995:
3202202170756160005248502:
3202202170756180009346367:
3202202170756200008962143:
3202202170756220005270981:
3202202170756240008976963:
3202202170756260003137754:
3202202170756280004949833:
3202202170756300008498021:
3202202170756320008966831:
3202202170756330004993934:
3202202170756360008997568:
3202202170756380003137991:
3202202170756400004986730:
3202202170756420005248597:
3202202170756450005272112:
3202202170756470008499165:
3202202170756490008707911:
3202202170756500008518736:
3202202170756530004987910:
3202202170756540005248458:
3202202170756560004168206:
3202202170756580005249720:
3202202170757010005251358:
3202202170757030005258551:
3202202170757050004928640:
3202202170757060004141622:
3202202170757080009287195:
3202202170757110008680442:
3202202170757130009339802:
3202202170757150008679943:
3202202170757160008507829:
3202202170757190006015460:
3202202170757210009342997:
3202202170757230005261060:
3202202170757250005258213:
3202202170757270005252027:
3202202170757300009233695:
3202202170757310008698315:
3202202170757340004161986:
3202202170757350008495468:
3202202170757370004990953:
3202202170757390006039541:
3202202170757410005254423:
3202202170757430009327615:
3202202170757450004989794:
3202202170757470009343384:
3202202170757480004965502:
3202202170757510008951280:
3202202170757520008499556:
3202202170757540005261501:
3202202170757560008699992:
3202202170757570005271893:
3202202170757590005008846:
3202202170758010005265558:
3202202170758030008709488:
3202202170758050006023662:
3202202170758070008953925:
3202202170758090008680280:
3202202170758100004966362:
3202202170758120009226952:
3202202170758140004165525:
3202202170758160009354582:
3202202170758180005268314:
3202202170758210005008358:
3202202170758220009286387:
3202202170758240008986229:
3202202170758260005259624:
3202202170758270005255676:
3202202170758290005008358:
3202202170758300008967375:
3202202170758320008690203:
3202202170758340004936149:
3202202170758350008688253:
3202202170758370008504091:
3202202170758390009348748:
3202202170758410005248596:
3202202170758430009254212:
3202202170758440007395592:
3202202170758460006041721:
3202202170758480008499471:
3202202170758500009308083:
3202202170758510004165756:
3202202170758560005270417:
3202202170759000007395592:
3202202170759020004599514:
3202202170759030009324879:
3202202170759040009322602:
3202202170759060007395592:
3202202170759080009324879:
3202202170759110005272103:
3202202170759130008696388:
3202202170759150008918454:
3202202170759170005267476:
3202202170759180004937930:
3202202170759200008711249:
3202202170759220005268449:
3202202170759240005263967:
3202202170759300008500889:
3202202170759320005263967:
3202202170759340005270417:
3202202170759350008711249:
3202202170759370005270417:
3202202170759380008500889:
3202202170759400005264727:
3202202170759420009280051:
3202202170759440008686117:
3202202170759490008967364:
3202202170759530008934685:
3202202170759550009354349:
3202202170759570004931925:
3202202170759590008967364:
3202202170800010009354349:
3202202170800030004162432:
3202202170800050008966902:
3202202170800070008697764:
3202202170800110006039974:
3202202170800120008714113:
3202202170800140004942040:
3202202170800150008962049:
3202202170800190008686117:
3202202170800210009324637:
3202202170800220009354581:
3202202170800260004923548:
3202202170800280008686117:
3202202170800290008949619:
3202202170800330009252970:
3202202170800350005267751:
3202202170800370005249713:
3202202170800380008934659:
3202202170800400005249724:
3202202170800410009339834:
3202202170800430005267751:
3202202170800450004949239:
3202202170800460004604856:
3202202170800480004929202:
3202202170800500005254706:
3202202170800520009339834:
3202202170800550004966178:
3202202170800570004936413:
3202202170800580005263920:
3202202170801010004980976:
3202202170801030008677829:
3202202170801040009253846:
3202202170801060005267344:
3202202170801080005249713:
3202202170801130004936854:
3202202170801150009351758:
3202202170801170009302534:
3202202170801190005270075:
3202202170801370004941508:
3202202170802030004929645:
3202202170802110008974060:
3202202170802360004975477:
3202202170802500004993672:
3202202170803100008698795:
3202202171304560004993595:
3202202171705580009343149:
3202202171706090005248597:
3202202171708050009000878:
3202202171707440008499556:
3202202171800480004604856:
3202202171900590005264727:
3202202171901290009342954:
3202202171902180005262501:
3202202171904220005264728:
3202202171905520009275492:
3202202171957250008962049:
3202202171958100008693920:
3202202171958150005252150:
3202202171958200008967364:
3202202171958230008687514:
3202202171958250008961538:
3202202171958270008687514:
3202202171958290008961538:
3202202171958310009348748:
3202202171958340008951287:
3202202171958350005254537:
3202202171958380009252970:
3202202171958400005011155:
3202202171958410009343384:
3202202171958430008943401:
3202202171958480008680442:
3202202171958570005252022:
3202202171959160004962972:
3202202171959540009348776:
3202202171959560008689944:
3202202171959580004949437:
3202202171959590008689944:
3202202172000010004949437:
3202202172000030009287195:
3202202172000040005270417:
3202202172000060008498021:
3202202172000080005262094:
3202202172000100008500889:
3202202172000120004162162:
3202202172000140004993672:
3202202172000150004988205:
3202202172000170009327615:
3202202172000180003132773:
3202202172000200008502189:
3202202172000220008690203:
3202202172000250006018008:
3202202172000260008492065:
3202202172000280005272187:
3202202172000300008986805:
3202202172000320009324879:
3202202172000340003137991:
3202202172000350009354349:
3202202172000370008699992:
3202202172000390009326626:
3202202172000410005268314:
3202202172000420009280051:
3202202172000440008693892:
3202202172000460009234458:
3202202172001230008951280:
3202202172001250005258558:
3202202172001330005249722:
3202202172001430005252718:
3202202172001450005250568:
3202202172001540005008358:
3202202172001550004949833:
3202202172001570005008358:
3202202172002190004941508:
3202202172002230009339802:
3202202172002320006023662:
3202202172002360009286387:
3202202172002380004967606:
3202202172002470004949239:
3202202172003020004942040:
3202202172003190004928640:
3202202172003310004975477:
3202202172003360008916558:
3202202172003410008710216:
3202202172004030006039974:
3202202172004050008507829:
3202202172004150008976575:
3202202172004440004993934:
3202202172004460004999443:
3202202172004500005261501:
3202202172004520004974136:
3202202172004550004986730:
3202202172005060009354391:
3202202172006060005004742:
3202202172007080004164864:
3202202172007330005264378:
3202202172008130005271887:
3202202172009310009281928:
3202202172009380004936854:
3202202172012330004940881:
3202202172013370004989794:
3202202172008200009308083:
3202202172009040006041103:
3202202172009140006019315:
3202202172009220005264720:
3202202172005220008698121:
3202202172040380009254002:
3202202172100340008680900:
3202202172102100008959766:
3202202172105130004923548:
3202202172158290009254000:
3202202172158340008951956:
3202202172158360005273785:
3202202172158400009323446:
3202202172158530004935446:
3202202172159330004154154:
3202202172200000005251015:
3202202172200020009254212:
3202202172200030008962143:
3202202172200060005263967:
3202202172200090008499471:
3202202172200110005001262:
3202202172200130009339834:
3202202172200150009346367:
3202202172200170005267476:
3202202172200190009230812:
3202202172200230008943425:
3202202172200250009253995:
3202202172200270004931925:
3202202172200290006031524:
3202202172200310008503303:
3202202172200330004953135:
3202202172200370005251560:
3202202172200380005249560:
3202202172200420009324637:
3202202172200440008934685:
3202202172200480005250572:
3202202172200520005249720:
3202202172200540009290264:
3202202172200560005249720:
3202202172200580008679943:
3202202172201190009322590:
3202202172201200008953925:
3202202172201230008679943:
3202202172201250009339817:
3202202172201280008966902:
3202202172201300004970930:
3202202172201480008918564:
3202202172202110005254714:
3202202172202120005258559:
3202202172202260004980976:
3202202172202300005268449:
3202202172202320004980976:
3202202172202350009309829:
3202202172202460004948881:
3202202172202480004933136:
3202202172202500004948881:
3202202172202590005250571:
3202202172203010004945980:
3202202172203080004973922:
3202202172203110008918454:
3202202172203120008692117:
3202202172203190009253739:
3202202172203230009351758:
3202202172203290008943738:
3202202172203360008686117:
3202202172203400005263716:
3202202172204470008714113:
3202202172205430007418333:
3202202172205450005271893:
3202202172205490008942569:
3202202172206410006030480:
3202202172211500005263924:
3202202172214510005254423:
3202202172215130008994873:
3202202172202110004988378:
3202202172259270004929202:
3202202172259400009331842:
3202202172259420008966831:
3202202172259440009000866:
3202202172259460004164224:
3202202172259580004162432:
3202202172300210005254736:
3202202172300230005270168:
3202202172300490009283323:
3202202172300530008997568:
3202202172301220004165524:
3202202172301260008974060:
3202202172302140004965170:
3202202172303060005258215:
3202202172303070005257311:
3202202172303100005252027:
3202202172303110005258213:
3202202172303270005257314:
3202202172303490008518736:
3202202172304290007407459:
3202202172304310009339818:
3202202172310420005252069:
3202202172358140008698315:
3202202172358220008495468:
3202202172358280004965502:
3202202172358330009226952:
3202202172359010006041721:
3202202172359040008984988:
3202202172359050004966362:
3202202172359070008950380:
3202202172359120005261503:
3202202172359160009234248:
3202202172359180005249713:
4202202170003190004967900:
4202202170012370009241075:
4202202170005530005252021:
4202202170005560007396382:
4202202170006380005264545:
4202202170007220008953872:
4202202170008440008966810:
4202202170106320006039506:
4202202170309360005248395:
4202202170309410004968173:
4202202170309430005248395:
4202202170310120006039129:
4202202170310170007402498:
4202202170310460005258224:
4202202170735140009285513:
4202202170744240008976961:
4202202170744560005268164:
4202202170745140005272916:
4202202170745230005270169:
4202202170745350005272916:
4202202170745590004154147:
4202202170746410005272102:
4202202170746430004968173:
4202202170747270005272226:
4202202170748020007398203:
4202202170748530004162750:
4202202170749230008942699:
4202202170749270008716113:
4202202170749290008942699:
4202202170749330004162750:
4202202170749350008959695:
4202202170749370005258224:
4202202170749400008959695:
4202202170749420008942699:
4202202170749440007396382:
4202202170749490008932440:
4202202170749510007396382:
4202202170749540008942699:
4202202170750250008931959:
4202202170750270005266586:
4202202170750400005248881:
4202202170750430005264545:
4202202170751070004163900:
4202202170751120008504234:
4202202170751160008496149:
4202202170751240005254737:
4202202170751290005257315:
4202202170751320004936293:
4202202170751380005270419:
4202202170751460005270416:
4202202170751480008690224:
4202202170751550008986390:
4202202170752170009004051:
4202202170752250001087543:
4202202170752270008994873:
4202202170752300005252017:
4202202170752330008967361:
4202202170752370009346340:
4202202170752570008677903:
4202202170753000007407499:
4202202170753020004160014:
4202202170753060005248665:
4202202170753080004160014:
4202202170753100004927575:
4202202170753130008916557:
4202202170753180005272194:
4202202170753210005254424:
4202202170753230008959791:
4202202170753240005254539:
4202202170753280005272913:
4202202170753300005254539:
4202202170753330005272106:
4202202170753390004958669:
4202202170753400004991542:
4202202170753430004928604:
4202202170753470004932608:
4202202170753490004928604:
4202202170753510004963073:
4202202170753530005264166:
4202202170753550007407459:
4202202170753580005248457:
4202202170754000005264375:
4202202170754010005248395:
4202202170754040005248501:
4202202170754060004596344:
4202202170754080009000866:
4202202170754110004605843:
4202202170754140006039129:
4202202170754180005268163:
4202202170754240005005802:
4202202170754260005268163:
4202202170754280004162748:
4202202170754320008699709:
4202202170754420004981013:
4202202170754450004968208:
4202202170754470005249711:
4202202170754490005248499:
4202202170754500005272912:
4202202170754530005252355:
4202202170754560004989259:
4202202170754580009234457:
4202202170755000004929419:
4202202170755020008951535:
4202202170755040009311280:
4202202170755050008495426:
4202202170755070005258531:
4202202170755090005266674:
4202202170755110008494427:
4202202170755120008959766:
4202202170755200004160635:
4202202170755240004162747:
4202202170755270008978914:
4202202170755320005248602:
4202202170755330008511222:
4202202170755350005264382:
4202202170755370005264521:
4202202170755390008695597:
4202202170755400008493340:
4202202170755430005261506:
4202202170755450004163931:
4202202170755490005252028:
4202202170755510004930608:
4202202170755530005248394:
4202202170755550005265078:
4202202170755590005252030:
4202202170756010005254710:
4202202170756030005262049:
4202202170756050004967114:
4202202170756060004957311:
4202202170756100004941228:
4202202170756150005272116:
4202202170756170004154153:
4202202170756180009226821:
4202202170756200006028799:
4202202170756210005258488:
4202202170756230004974233:
4202202170756250005264311:
4202202170756260005263971:
4202202170756280005251356:
4202202170756300008982226:
4202202170756310005251017:
4202202170756330008953872:
4202202170756340004939835:
4202202170756360008966810:
4202202170756390005252021:
4202202170756410008966810:
4202202170756420005272191:
4202202170756440004996716:
4202202170756450009324118:
4202202170756470008506766:
4202202170756480008494201:
4202202170756520009252994:
4202202170756540009234249:
4202202170756550008501835:
4202202170756570008964432:
4202202170756590008710875:
4202202170757020004927939:
4202202170757050005262067:
4202202170757070008950600:
4202202170757110005259223:
4202202170757150009326600:
4202202170757170000424146:
4202202170757180009283323:
4202202170757200009336959:
4202202170757220009246202:
4202202170757240009327620:
4202202170757270008932258:
4202202170757300003126360:
4202202170757310008969522:
4202202170757330004165522:
4202202170757350000431385:
4202202170757370005004322:
4202202170757380005258230:
4202202170757400005252722:
4202202170757410005258230:
4202202170757430009341511:
4202202170757440009342143:
4202202170757460004165529:
4202202170757480004163899:
4202202170757490004953788:
4202202170757510005259965:
4202202170757530005251021:
4202202170757540004163905:
4202202170757570008953949:
4202202170757590004965343:
4202202170758000009295454:
4202202170758020004167714:
4202202170758040008502693:
4202202170758050009226817:
4202202170758080002854367:
4202202170758100008918443:
4202202170758120009341742:
4202202170758140008703693:
4202202170758161513409863:
4202202170758170004952531:
4202202170758190009343593:
4202202170758210006036336:
4202202170758220008982528:
4202202170758240006036336:
4202202170758260005272917:
4202202170758280005258478:
4202202170758300008949319:
4202202170758310005272908:
4202202170758330005250927:
4202202170758340008953914:
4202202170758360005252070:
4202202170758380009342981:
4202202170758410006020192:
4202202170758430009342981:
4202202170758450008445656:
4202202170758480008506912:
4202202170758510004169060:
4202202170758520005270982:
4202202170758540006030145:
4202202170758560008932301:
4202202170758580005264170:
4202202170759010004965170:
4202202170759050004951868:
4202202170759070004991528:
4202202170759080008500493:
4202202170759100004988966:
4202202170759120005251013:
4202202170759130005267723:
4202202170759150005251565:
4202202170759160005249559:
4202202170759180005248661:
4202202170759210004966591:
4202202170759230005264170:
4202202170759240006036994:
4202202170759260005250646:
4202202170759270005264171:
4202202170759290008499867:
4202202170759320004596350:
4202202170759330009301802:
4202202170759350005264170:
4202202170759360004936058:
4202202170759380005261505:
4202202170759400005006315:
4202202170759450005250643:
4202202170759490004990375:
4202202170759550004162744:
4202202170759570005258227:
4202202170800130004957855:
4202202170800210009226797:
4202202170800230004957855:
4202202170800250005264164:
4202202170800280008502189:
4202202170800290007401131:
4202202170800310005266257:
4202202170800330008978067:
4202202170800350008502189:
4202202170800380007401131:
4202202170800410005273785:
4202202170800450008975428:
4202202170800470009339818:
4202202170800500004953650:
4202202170800520004974727:
4202202170800530009226433:
4202202170800550008975519:
4202202170800590004162135:
4202202170801040005251020:
4202202170801110005258556:
4202202170801190006041875:
4202202170801270009274874:
4202202170801290004976407:
4202202170801350005259621:
4202202170801400005270181:
4202202170801440004966449:
4202202170801470005270175:
4202202170801500008512783:
4202202170802151513631101:
4202202170802290008975427:
4202202170802470009002572:
4202202170803290005265084:
4202202170804030008942569:
4202202170804160008992214:
4202202170804190005251557:
4202202170804540008951210:
4202202170807080005251353:
4202202170809010005272108:
4202202170811490008997563:
4202202170818050009351768:
4202202170834290009233697:
4202202170906470009344566:
4202202171305190008519041:
4202202171712460005258230:
4202202171703290005264375:
4202202171800280005258531:
4202202171821470005272113:
4202202171822250004928604:
4202202171925010008519041:
4202202171957310004927727:
4202202172000020005258754:
4202202172000040009234457:
4202202172000050005258488:
4202202172000070004987910:
4202202172000100008978914:
4202202172000120005004322:
4202202172000140008978914:
4202202172000160005004322:
4202202172000170009324118:
4202202172000190004936058:
4202202172000200009324629:
4202202172000220005248881:
4202202172000240008493340:
4202202172000310008959695:
4202202172000350008964432:
4202202172000380008494201:
4202202172000400006028799:
4202202172000420008932301:
4202202172000430009234240:
4202202172000460008964432:
4202202172000480009234240:
4202202172000490005272106:
4202202172000510005250646:
4202202172000530005264164:
4202202172000540004160014:
4202202172000560005272106:
4202202172000580005250646:
4202202172000590009296645:
4202202172001010005270181:
4202202172001030008932258:
4202202172001040008964432:
4202202172001060005248665:
4202202172001100009252994:
4202202172001110004163907:
4202202172001130004957311:
4202202172001140009252994:
4202202172001160004160014:
4202202172001170004163905:
4202202172001190005272102:
4202202172001210005248665:
4202202172001220008953949:
4202202172001240008512783:
4202202172001260005248602:
4202202172001280004957855:
4202202172001300008976961:
4202202172001350008916557:
4202202172001380005248389:
4202202172001400005254707:
4202202172001420005248389:
4202202172001460005266872:
4202202172001480005248389:
4202202172001490005248457:
4202202172001510008976961:
4202202172001530002851443:
4202202172001550008916557:
4202202172001560008975399:
4202202172001580009327620:
4202202172002010008690224:
4202202172002030000431385:
4202202172002050009226797:
4202202172002110008916557:
4202202172002330004952471:
4202202172002370008500493:
4202202172002480005257315:
4202202172002590005272907:
4202202172003100005254737:
4202202172003120008934659:
4202202172003270005251021:
4202202172003300008934659:
4202202172003320005272315:
4202202172003350005251021:
4202202172003370005272315:
4202202172003420005257315:
4202202172004150005249711:
4202202172004520004968208:
4202202172005130007422489:
4202202172005210008953914:
4202202172005560005272916:
4202202172007540004951868:
4202202172008590005251022:
4202202172009020005272189:
4202202172014500005258478:
4202202172015530004929419:
4202202172015580004953650:
4202202172006120004929419:
4202202172001070004968592:
4202202172039360009241075:
4202202172103420005258227:
4202202172136190009274874:
4202202172159040008962082:
4202202172159130008951210:
4202202172159150008962082:
4202202172159190008953844:
4202202172159210004165529:
4202202172159230008953844:
4202202172159260008951210:
4202202172159290005249559:
4202202172159320004165529:
4202202172159350008951210:
4202202172159370005251557:
4202202172159460005248499:
4202202172200010009295891:
4202202172200040005261506:
4202202172200050005251561:
4202202172200090005268163:
4202202172200130008967361:
4202202172200150005268163:
4202202172200230004939835:
4202202172200260005268163:
4202202172200300005249712:
4202202172200310008710875:
4202202172200480004596344:
4202202172200500000424146:
4202202172200520008710875:
4202202172200550009342962:
4202202172200580009000168:
4202202172201040005248664:
4202202172201080004165528:
4202202172201120008945301:
4202202172201140009346340:
4202202172201170004989259:
4202202172201190005248664:
4202202172201390005267473:
4202202172201450004936293:
4202202172201480004141622:
4202202172202020009234249:
4202202172202460005252030:
4202202172203030004154823:
4202202172204020009346055:
4202202172204140009341511:
4202202172204160008986688:
4202202172204180004953437:
4202202172205110005254710:
4202202172206480005251353:
4202202172210360008933930:
4202202172212430008994873:
4202202172206290004969598:
4202202172209040005272108:
4202202172259040005251556:
4202202172259050004967114:
4202202172259070008496149:
4202202172259090008975428:
4202202172259100008961580:
4202202172259120005264382:
4202202172259130008978067:
4202202172259150005252021:
4202202172259160005266674:
4202202172259180007396382:
4202202172259320005266257:
4202202172259380009339144:
4202202172259390005266257:
4202202172259410002854367:
4202202172300000004958669:
4202202172300200005250927:
4202202172300221513631101:
4202202172300250004169060:
4202202172300260008504234:
4202202172300290004154153:
4202202172300320005252017:
4202202172300400006030145:
4202202172300440005264545:
4202202172300460008445656:
4202202172300470005263971:
4202202172300490005251559:
4202202172300500004165756:
4202202172300530003137754:
4202202172300550001087543:
4202202172300590008949319:
4202202172301010005270982:
4202202172301030005270075:
4202202172301050005268164:
4202202172301060004990686:
4202202172301080009295454:
4202202172301090005008693:
4202202172301110004605843:
4202202172301130009341742:
4202202172301150005251020:
4202202172301180006028957:
4202202172301210004167849:
4202202172301230004163900:
4202202172301240006028957:
4202202172301260005264521:
4202202172301280005267723:
4202202172301290004996716:
4202202172301310008982226:
4202202172301330004941228:
4202202172301340005267723:
4202202172301360009226817:
4202202172301400005264171:
4202202172301470009226821:
4202202172301580005264170:
4202202172302000005264311:
4202202172302010005251356:
4202202172302060005259965:
4202202172302190008931959:
4202202172302200004965343:
4202202172302280006041875:
4202202172302310009246202:
4202202172302340008511222:
4202202172302360009246202:
4202202172302380005272194:
4202202172302400008923939:
4202202172302440009246202:
4202202172302460008923939:
4202202172306500008950600:
4202202172306520008999199:
4202202172359010005272226:
4202202172359080004164225:
5202202170000000005272229:
5202202170000020004997873:
5202202170000040004164227:
5202202170000050005255627:
5202202170000070008956976:
5202202170000080004981830:
5202202170000100004924182:
5202202170000130004980727:
5202202170000150004937390:
5202202170000170008499208:
5202202170000180004966418:
5202202170000200008499208:
5202202170000220004957738:
5202202170000230004966418:
5202202170000250004966986:
5202202170000260004989365:
5202202170000280004922969:
5202202170000290008494564:
5202202170000310004937490:
5202202170000330009000917:
5202202170000340004975166:
5202202170000370004995938:
5202202170000390004167847:
5202202170000410006039493:
5202202170000430009339524:
5202202170000460005248386:
5202202170000470004158137:
5202202170000500007402500:
5202202170000520008951519:
5202202170000550005262554:
5202202170000580008698279:
5202202170001000004969384:
5202202170001020004994074:
5202202170001040005270002:
5202202170001060004163932:
5202202170001170009324076:
5202202170001200004163932:
5202202170002370004937490:
5202202170002560008495616:
5202202170007080005263973:
5202202170007510008512216:
5202202170007540009342959:
5202202170007560008702320:
5202202170007580008512216:
5202202170008000005272110:
5202202170008100001079288:
5202202170008130005272110:
5202202170008150008510090:
5202202170008160008917739:
5202202170008260004963035:
5202202170008400009001082:
5202202170008430008690529:
5202202170008450008676811:
5202202170008470004162433:
5202202170008480008977012:
5202202170008570005272111:
5202202170009150008942210:
5202202170009170009354001:
5202202170009230006751664:
5202202170009270008493286:
5202202170009340009339803:
5202202170010140009342183:
5202202170010160006022852:
5202202170010260006036993:
5202202170010280004160640:
5202202170010300004972420:
5202202170009300008966810:
5202202170042220008508219:
5202202170303080005252016:
5202202170303110008494964:
5202202170738130008497657:
5202202170741490005255711:
5202202170742010004924019:
5202202170742180008923888:
5202202170743050004989073:
5202202170744280008994864:
5202202170745040008986717:
5202202170745420008698279:
5202202170745450009305457:
5202202170745470004989528:
5202202170746480008976530:
5202202170747420005249710:
5202202170748060008517932:
5202202170748140004975531:
5202202170748220004160640:
5202202170748290004998138:
5202202170748330009339273:
5202202170748360009341030:
5202202170749190004975531:
5202202170749320004163901:
5202202170750010008676811:
5202202170750150004950937:
5202202170750180005004855:
5202202170750330005248392:
5202202170750380006032924:
5202202170750500009230781:
5202202170751081513645885:
5202202170751110009346170:
5202202170751160004994074:
5202202170751200004969726:
5202202170751240009296798:
5202202170751260004964719:
5202202170751290008944254:
5202202170751350004164227:
5202202170751440008499208:
5202202170751520004969726:
5202202170752070005255627:
5202202170752090009234480:
5202202170752110004957738:
5202202170752130008494564:
5202202170752140009236809:
5202202170752290009339219:
5202202170752500005266259:
5202202170753110004965814:
5202202170753240005258489:
5202202170753260009346362:
5202202170753340004967416:
5202202170753440006039493:
5202202170753500008692450:
5202202170753540008503915:
5202202170753560007402500:
5202202170754130004980727:
5202202170754150005262050:
5202202170754170005254709:
5202202170754180005256328:
5202202170754200001108277:
5202202170754230005270984:
5202202170754240008694659:
5202202170754320004972171:
5202202170754340005270002:
5202202170754370007412611:
5202202170754430004981830:
5202202170754460008513950:
5202202170754480008690529:
5202202170754590009346707:
5202202170755090008937810:
5202202170755130004995938:
5202202170755160005272229:
5202202170755180004997873:
5202202170755200004937490:
5202202170755220004167842:
5202202170755240009230754:
5202202170755270004922969:
5202202170755450004158137:
5202202170755500004967073:
5202202170756070008512216:
5202202170756090005272110:
5202202170756240004937390:
5202202170756290005272110:
5202202170756320009282809:
5202202170756340009324076:
5202202170756360004966418:
5202202170756380008496310:
5202202170756410004957428:
5202202170756430004934727:
5202202170756460004972420:
5202202170756480006030142:
5202202170756520005248386:
5202202170756540009252984:
5202202170757000009240533:
5202202170757020008497774:
5202202170757040004963630:
5202202170757050008718216:
5202202170757070008918420:
5202202170757090008967428:
5202202170757110004154825:
5202202170757130005268311:
5202202170757140004963035:
5202202170757160005272107:
5202202170757170009321334:
5202202170757190003920040:
5202202170757210004165757:
5202202170757230004966986:
5202202170757240009340824:
5202202170757280008951519:
5202202170757320009351308:
5202202170757350005258468:
5202202170757370004167847:
5202202170757530009351823:
5202202170757540005262048:
5202202170757560009339211:
5202202170757580005248880:
5202202170758040005012946:
5202202170758070004966750:
5202202170758090009236810:
5202202170758110008977012:
5202202170758150008991601:
5202202170758290008503171:
5202202170758330005262554:
5202202170758350004997809:
5202202170758370005253450:
5202202170758380009232653:
5202202170758420008510090:
5202202170758430008954021:
5202202170758480006033090:
5202202170758500005252358:
5202202170758520004957545:
5202202170759020006028797:
5202202170759050004995654:
5202202170759110005258216:
5202202170759180004158333:
5202202170759230009000482:
5202202170759260004966802:
5202202170759280008699606:
5202202170759300004932362:
5202202170759310008699606:
5202202170759330008954073:
5202202170759370004992723:
5202202170759390005005056:
5202202170759470006018006:
5202202170759490004968004:
5202202170800090004927329:
5202202170800250009297056:
5202202170800270009321395:
5202202170800290008512859:
5202202170800310008962045:
5202202170800340004599825:
5202202170800360007414082:
5202202170800370009253846:
5202202170801050004921536:
5202202170801190007398914:
5202202170801390009281814:
5202202170801410008692560:
5202202170801450005251556:
5202202170802020006036876:
5202202170802240008978946:
5202202170802280008960401:
5202202170802320004924182:
5202202170802370004932359:
5202202170802390009354401:
5202202170802440004155440:
5202202170802460008493750:
5202202170803170008701083:
5202202170803190008717926:
5202202170803220008958510:
5202202170803590007402194:
5202202170804010009347607:
5202202170804200008942210:
5202202170804350009246193:
5202202170804410009280491:
5202202170804580005262501:
5202202170804590004159572:
5202202170805370008986822:
5202202170805480009226392:
5202202170806350008951250:
5202202170806530009305197:
5202202170808470009001082:
5202202170808520008961547:
5202202170809300008917739:
5202202170811400009354001:
5202202170815120008956976:
5202202170816310005251564:
5202202170816480008500113:
5202202170817560009340820:
5202202170818490008967751:
5202202170825260004933649:
5202202170826000009339803:
5202202170841480009298073:
5202202170842570007407502:
5202202170858320005263973:
5202202170909280006016277:
5202202171658420004951327:
5202202171723110005254540:
5202202171724310005253450:
5202202171843390009310727:
5202202171843400009298073:
5202202171903540004966903:
5202202171914180005252148:
5202202171955480008960401:
5202202171956300005004855:
5202202171956480008958510:
5202202171959280008696238:
5202202171959300008692560:
5202202172000021513645885:
5202202172000300008962045:
5202202172000490009339837:
5202202172001020008495616:
5202202172001050008690529:
5202202172001070004997809:
5202202172001170004167715:
5202202172001330009252984:
5202202172001380005251355:
5202202172001430005272229:
5202202172001500009252984:
5202202172003280009348543:
5202202172006260008961547:
5202202172006320008995263:
5202202172010290004160016:
5202202172010330009339803:
5202202172012410008505663:
5202202172012440006042277:
5202202172008120009339824:
5202202172009380004957428:
5202202172006470009286624:
5202202172201030008709369:
5202202172201040005248387:
5202202172201060004165757:
5202202172205050005271884:
5202202172300020005251556:
5202202172300210004931257:
5202202172301440006030145:
5202202172302530006018006:
6202202170000010005264380:
6202202170000030005267482:
6202202170000060004604852:
6202202170000080008923718:
6202202170000110004167851:
6202202170000130005273381:
6202202170000180005253081:
6202202170000330004596348:
6202202170000380004164226:
6202202170000450005259224:
6202202170000470008961655:
6202202170000510004596348:
6202202170000550008677773:
6202202170001040004165525:
6202202170001070008680900:
6202202170001090008715839:
6202202170001110005270168:
6202202170001210004948881:
6202202170004050004967900:
6202202170013300004599832:
6202202170007300004167851:
6202202170100240009336990:
6202202170107290006039506:
6202202170200360004990953:
6202202170258240008698315:
6202202170258260009226952:
6202202170258470009279481:
6202202170258490006016090:
6202202170259000009279481:
6202202170259200009343149:
6202202170259270003132773:
6202202170259310009308083:
6202202170259370005264727:
6202202170259430008698795:
6202202170300030006017488:
6202202170300210003126147:
6202202170300250005272112:
6202202170301210008997563:
6202202170310390005248395:
6202202170310420004968173:
6202202170311040006039129:
6202202170311090007402498:
6202202170311130005258224:
6202202170302300005252016:
6202202170302340008494964:
6202202170500010004159573:
6202202170500040008923736:
6202202170502130005263968:
6202202170502400004605852:
6202202170502480005263968:
6202202170504490005264381:
6202202170504510005262500:
6202202170722240005273377:
6202202170722260004938202:
6202202170722280004599827:
6202202170722320004986846:
6202202170722340004599827:
6202202170722380009232629:
6202202170724030005272292:
6202202170724060004938202:
6202202170724110004596345:
6202202170724130004163935:
6202202170731240004951327:
6202202170732390007404782:
6202202170733200004163933:
6202202170734110004992307:
6202202170736390005272292:
6202202170736430004596345:
6202202170736480004938202:
6202202170736500004986846:
6202202170736510005273377:
6202202170736530004163935:
6202202170736550004599827:
6202202170737080009232629:
6202202170737300005263968:
6202202170737340004605852:
6202202170740250008933970:
6202202170740270005268995:
6202202170741020005272189:
6202202170741120005257617:
6202202170744150005257312:
6202202170744280005270716:
6202202170744330005267482:
6202202170744350004158136:
6202202170744400005262500:
6202202170745190005270983:
6202202170745250004162134:
6202202170745350004929937:
6202202170746010008943401:
6202202170746030004946192:
6202202170746090005267345:
6202202170746130008683421:
6202202170746200005272915:
6202202170746290008508441:
6202202170747160008978489:
6202202170747260004596346:
6202202170747390004949140:
6202202170748010008715839:
6202202170748240007402498:
6202202170748260008962067:
6202202170748290004604852:
6202202170748330004605849:
6202202170748350005268451:
6202202170748380008994824:
6202202170748420005270416:
6202202170748450005258224:
6202202170748490000431430:
6202202170749170004998074:
6202202170749280005252148:
6202202170749310004990979:
6202202170749340005265079:
6202202170749410004926646:
6202202170749440004164230:
6202202170749480005249706:
6202202170749520004164228:
6202202170749530004164225:
6202202170750120005258757:
6202202170750200004936685:
6202202170750230005272117:
6202202170750250008976381:
6202202170750280005269841:
6202202170750290004961022:
6202202170750320008992114:
6202202170750520008690234:
6202202170750550008960178:
6202202170750590008492776:
6202202170751020008961655:
6202202170751040005251019:
6202202170751060008492776:
6202202170751090008950380:
6202202170751130008999199:
6202202170751150008984774:
6202202170751180007418333:
6202202170751200004961644:
6202202170751220009000878:
6202202170751250004988378:
6202202170751270009002142:
6202202170751290005250567:
6202202170751390008692117:
6202202170751420005254537:
6202202170751440005257314:
6202202170751450004605847:
6202202170751470008916558:
6202202170751490004965866:
6202202170751540004928175:
6202202170751560008508290:
6202202170751580008978936:
6202202170752010008982515:
6202202170752030009241075:
6202202170752060004161988:
6202202170752070009287614:
6202202170752100005268686:
6202202170752130005263969:
6202202170752150005001068:
6202202170752160004160313:
6202202170752180008959698:
6202202170752190004994314:
6202202170752210008949810:
6202202170752240004968544:
6202202170752250006021994:
6202202170752270005272099:
6202202170752290004976589:
6202202170752310005263444:
6202202170752360008942591:
6202202170752370008992134:
6202202170752430005253081:
6202202170752450009325535:
6202202170752470004167851:
6202202170752480006039510:
6202202170752510005012521:
6202202170752530004927539:
6202202170752550004975690:
6202202170753050009283931:
6202202170753080009253739:
6202202170753110004952471:
6202202170753130006018008:
6202202170753150005254540:
6202202170753170009002553:
6202202170753190005254540:
6202202170753200005271892:
6202202170753220008945301:
6202202170753230009002602:
6202202170753250004948585:
6202202170753270005254540:
6202202170753310005012405:
6202202170753330005254540:
6202202170753360004160017:
6202202170753380005254929:
6202202170753400004162748:
6202202170753420004165528:
6202202170753430004165753:
6202202170753450005249712:
6202202170753470004967296:
6202202170753490004998544:
6202202170753500008950823:
6202202170753520005270174:
6202202170753540008972647:
6202202170753550008492065:
6202202170753570008917848:
6202202170753590004167713:
6202202170754010005262498:
6202202170754030004976000:
6202202170754050005267474:
6202202170754090005258531:
6202202170754110005262094:
6202202170754120004998544:
6202202170754140008689944:
6202202170754150005270173:
6202202170754170004948585:
6202202170754180009348776:
6202202170754210004969304:
6202202170754260005248664:
6202202170754310008498188:
6202202170754340004162162:
6202202170754360008992097:
6202202170754380004999443:
6202202170754410004167715:
6202202170754420005008853:
6202202170754460004923159:
6202202170754480004168208:
6202202170754500008951706:
6202202170754520001087528:
6202202170754530009324629:
6202202170754550004163931:
6202202170754560005259967:
6202202170754580004168205:
6202202170754590005266258:
6202202170755010008985007:
6202202170755030004931257:
6202202170755050007412611:
6202202170755070005258553:
6202202170755080009233704:
6202202170755110008984912:
6202202170755130005267752:
6202202170755150004164226:
6202202170755160005248396:
6202202170755180004165521:
6202202170755190008949626:
6202202170755200004167844:
6202202170755230005264728:
6202202170755250008708048:
6202202170755260009252946:
6202202170755280005252149:
6202202170755290004952773:
6202202170755320008916482:
6202202170755330005273379:
6202202170755350008977075:
6202202170755370009226447:
6202202170755380005257316:
6202202170755400008934533:
6202202170755410008506766:
6202202170755430004922029:
6202202170755450005264312:
6202202170755470004605851:
6202202170755480004949598:
6202202170755500005264380:
6202202170755510004162743:
6202202170755540005265555:
6202202170755560003137754:
6202202170755570009284157:
6202202170755590004968592:
6202202170756000005248389:
6202202170756020006037924:
6202202170756030009000923:
6202202170756050008964730:
6202202170756070005259224:
6202202170756080005272228:
6202202170756110009000149:
6202202170756130004596348:
6202202170756150005267481:
6202202170756170008499805:
6202202170756180004165890:
6202202170756200001114611:
6202202170756210005272909:
6202202170756230005257310:
6202202170756250005264379:
6202202170756270008494613:
6202202170756290005261578:
6202202170756300005268447:
6202202170756320005248391:
6202202170756340005257616:
6202202170756360004141622:
6202202170756370008918450:
6202202170756390004599830:
6202202170756410008986193:
6202202170756430008507829:
6202202170756450007419049:
6202202170756460006015460:
6202202170756470005263919:
6202202170756490008709393:
6202202170756500005258213:
6202202170756520004045200:
6202202170756530008994766:
6202202170756550005010999:
6202202170756580009276489:
6202202170757000005268162:
6202202170757010004154823:
6202202170757030009326658:
6202202170757040009254908:
6202202170757060004968100:
6202202170757080004159578:
6202202170757090004961532:
6202202170757100008501795:
6202202170757120005254712:
6202202170757130004961532:
6202202170757150005255628:
6202202170757160005272907:
6202202170757180005267056:
6202202170757190008986792:
6202202170757210008431645:
6202202170757230008916532:
6202202170757240005267056:
6202202170757260004163907:
6202202170757270006023662:
6202202170757290008964376:
6202202170757300009240533:
6202202170757320005262051:
6202202170757330004162749:
6202202170757350008497774:
6202202170757370005268446:
6202202170757380004994575:
6202202170757400008976472:
6202202170757410005270006:
6202202170757430004968194:
6202202170757460008506074:
6202202170757470005248390:
6202202170757480005273380:
6202202170757500006025807:
6202202170757510009278808:
6202202170757530008693920:
6202202170757550005005468:
6202202170757560008695905:
6202202170757580005248878:
6202202170758000005252073:
6202202170758020004952169:
6202202170758030008959816:
6202202170758050005252073:
6202202170758060004952169:
6202202170758080005263716:
6202202170758090005270415:
6202202170758110008511510:
6202202170758120005252073:
6202202170758140005253082:
6202202170758150008511510:
6202202170758170005273378:
6202202170758180004987025:
6202202170758200006033000:
6202202170758210004936557:
6202202170758230005263970:
6202202170758240004958069:
6202202170758260005248988:
6202202170758270005263970:
6202202170758290008496367:
6202202170758300004958069:
6202202170758320008951990:
6202202170758340008968526:
6202202170758350008951990:
6202202170758370005248880:
6202202170758380005270004:
6202202170758400004159579:
6202202170758410008968526:
6202202170758430005272290:
6202202170758450008499149:
6202202170758460005248880:
6202202170758480005272195:
6202202170758500008964289:
6202202170758520004966750:
6202202170758530005251361:
6202202170758550008697063:
6202202170758570009288913:
6202202170758580005262048:
6202202170759000005251561:
6202202170759010005254716:
6202202170759030008695330:
6202202170759040004936557:
6202202170759060004151371:
6202202170759070008965750:
6202202170759090008917776:
6202202170759100008962112:
6202202170759120006022160:
6202202170759130004964878:
6202202170759150009232653:
6202202170759160005258754:
6202202170759180008976575:
6202202170759200005258754:
6202202170759210009001110:
6202202170759230008961590:
6202202170759240004989524:
6202202170759260009232653:
6202202170759270004160011:
6202202170759290004933902:
6202202170759300004162431:
6202202170759320004962579:
6202202170759330004961333:
6202202170759350005251563:
6202202170759360004157151:
6202202170759380005249724:
6202202170759390008497935:
6202202170759410008934659:
6202202170759420004157151:
6202202170759440009286616:
6202202170759470004602281:
6202202170759480008967730:
6202202170759520004967379:
6202202170759560008953960:
6202202170759570004158333:
6202202170759590008953960:
6202202170800010004953650:
6202202170800030004967379:
6202202170800050004980976:
6202202170800070004967379:
6202202170800080004164864:
6202202170800100009001279:
6202202170800110005254706:
6202202170800130003132773:
6202202170800140005009021:
6202202170800160006018006:
6202202170800180008932231:
6202202170800190005272190:
6202202170800200004936413:
6202202170800220008986681:
6202202170800230006033720:
6202202170800250005266099:
6202202170800270005258756:
6202202170800290005266099:
6202202170800310004927029:
6202202170800330005258756:
6202202170800340008923718:
6202202170800360005273381:
6202202170800370004937089:
6202202170800390004966490:
6202202170800400008492480:
6202202170800420009339837:
6202202170800430009346020:
6202202170800450005006528:
6202202170800470004968886:
6202202170800480008933981:
6202202170800510004163902:
6202202170800520004178213:
6202202170800540005258560:
6202202170800560004935107:
6202202170800570005250645:
6202202170800590005005063:
6202202170801010005258221:
6202202170801020008508757:
6202202170801040009002770:
6202202170801060009292116:
6202202170801070005252020:
6202202170801090009282114:
6202202170801110009339821:
6202202170801120004996445:
6202202170801140004167849:
6202202170801230009342962:
6202202170801330004982680:
6202202170801350004929645:
6202202170801370009003655:
6202202170801390005272115:
6202202170801410004929016:
6202202170801430009309829:
6202202170801460008696238:
6202202170801470008974060:
6202202170801530009322590:
6202202170801540005272113:
6202202170801560005249654:
6202202170801580009339144:
6202202170802000008692560:
6202202170802020004923771:
6202202170802030004951477:
6202202170802050005251022:
6202202170802060002851443:
6202202170802100004975477:
6202202170802300005252022:
6202202170802370008698795:
6202202170802390005252150:
6202202170802410004927727:
6202202170803250005261503:
6202202170803400005272104:
6202202170803430005258214:
6202202170803490005264378:
6202202170803540008962082:
6202202170804100008710216:
6202202170804130004165755:
6202202170804140005267443:
6202202170804160005273787:
6202202170804180005265083:
6202202170804200005256125:
6202202170804220004923617:
6202202170804230005265082:
6202202170804270009234240:
6202202170804330005254708:
6202202170804360004599832:
6202202170804380005264543:
6202202170804500004160638:
6202202170804590005006239:
6202202170805010008933930:
6202202170805390008698121:
6202202170807230008932286:
6202202170809160008703345:
6202202170810540005264720:
6202202170813240009309504:
6202202170813290009298223:
6202202170843100005259620:
6202202170858130004921785:
6202202170909190005262496:
6202202170909520005248393:
6202202171706240009343149:
6202202171710310005251565:
6202202171702510005254540:
6202202171801250005258531:
6202202171801290008992134:
6202202171801310008942591:
6202202171809390005254540:
6202202171858390008711197:
6202202171902560005268447:
6202202171904410005264728:
6202202171918150007411315:
6202202171945170009283931:
6202202171955490008977075:
6202202171956410004160017:
6202202171957030008962049:
6202202171957220008695905:
6202202171957430005258551:
6202202171958090008709488:
6202202171958180005250645:
6202202171958210004927727:
6202202171958220008696238:
6202202171959020005011155:
6202202171959040008692560:
6202202171959050008696238:
6202202171959070008951990:
6202202171959080008497774:
6202202171959160004967296:
6202202171959360005268162:
6202202171959420004967296:
6202202171959490004962972:
6202202171959560004162749:
6202202172000000008496367:
6202202172000020005268686:
6202202172000030008506074:
6202202172000050004162743:
6202202172000060004961644:
6202202172000080009286616:
6202202172000090004962972:
6202202172000130004961644:
6202202172000140005253082:
6202202172000160005266258:
6202202172000170005267752:
6202202172000190009252946:
6202202172000200009339837:
6202202172000220004996445:
6202202172000230008697063:
6202202172000250005270716:
6202202172000260008917776:
6202202172000280008933981:
6202202172000300009002602:
6202202172000310009278808:
6202202172000330005248880:
6202202172000340009282114:
6202202172000360008951706:
6202202172000380005248880:
6202202172000390004167844:
6202202172000410008501795:
6202202172000430004167715:
6202202172000450004962579:
6202202172000460008932231:
6202202172000480005263970:
6202202172000500008994766:
6202202172000510004167715:
6202202172000530005261578:
6202202172000540005258558:
6202202172000560004159579:
6202202172000570006018008:
6202202172000590008933981:
6202202172001000008986681:
6202202172001020008933970:
6202202172001030005265555:
6202202172001050004958069:
6202202172001070008986805:
6202202172001090005265555:
6202202172001110008689944:
6202202172001130008502189:
6202202172001150008511510:
6202202172001160008992114:
6202202172001180005272290:
6202202172001190008511510:
6202202172001210009335539:
6202202172001220005267056:
6202202172001240008960178:
6202202172001260004949598:
6202202172001270004937089:
6202202172001310005258553:
6202202172001330004599830:
6202202172001340005267056:
6202202172001360004599830:
6202202172001380008962112:
6202202172001390009233695:
6202202172001410004163931:
6202202172001430006037924:
6202202172001440004976000:
6202202172001480005267443:
6202202172001490009322602:
6202202172001520005272106:
6202202172001530008975519:
6202202172001560005264164:
6202202172002110004163907:
6202202172002130004952169:
6202202172002171513409863:
6202202172002210008975427:
6202202172002370005248389:
6202202172002560009280051:
6202202172003000009232653:
6202202172003010004164230:
6202202172003060008986193:
6202202172003140009348543:
6202202172003450004975477:
6202202172004220008918450:
6202202172004260008507829:
6202202172004350008934659:
6202202172004370005272315:
6202202172008310004990979:
6202202172009500005251022:
6202202172010490005272228:
6202202172012260008498188:
6202202172012420008918443:
6202202172013140004163933:
6202202172014000004989794:
6202202172006130005008846:
6202202172006450004993595:
6202202172007120004953650:
6202202172007140004929419:
6202202172001470004968592:
6202202172006390004160638:
6202202172007450004162744:
6202202172101020008680900:
6202202172102240008959766:
6202202172103200004961532:
6202202172109040005258227:
6202202172112070008985007:
6202202172106100009298749:
6202202172106510009298749:
6202202172154160005251357:
6202202172155450007407502:
6202202172159120004935446:
6202202172159140004986942:
6202202172159460005272104:
6202202172200010004165755:
6202202172200050008962082:
6202202172200070005265083:
6202202172200090005272104:
6202202172200120005258214:
6202202172200140005270416:
6202202172200160009343592:
6202202172200190005249559:
6202202172200230005251557:
6202202172200240008951210:
6202202172200290004165529:
6202202172200310005248499:
6202202172200320009254212:
6202202172200370005001262:
6202202172200410005248501:
6202202172200430004168205:
6202202172200440009295891:
6202202172200550004953135:
6202202172200570008503303:
6202202172200590005249560:
6202202172201070004939835:
6202202172201140009290264:
6202202172201160005265082:
6202202172201210005273787:
6202202172201550005248664:
6202202172202510005256125:
6202202172202560005258559:
6202202172203020009309829:
6202202172203400005252030:
6202202172203570008686117:
6202202172203590004154823:
6202202172204040004160638:
6202202172204480008713215:
6202202172204510004160638:
6202202172205070008714113:
6202202172207020006030480:
6202202172207570005251353:
6202202172212550004163899:
6202202172213210005261061:
6202202172216220008984774:
6202202172216260004968555:
6202202172244100004162134:
6202202172255370004975841:
6202202172256010008500401:
6202202172257550004955828:
6202202172259590009331842:
6202202172300020004178213:
6202202172300030004931257:
6202202172300040005252021:
6202202172300060004605851:
6202202172300080005012405:
6202202172300090005249706:
6202202172300130005262051:
6202202172300150004605849:
6202202172300170004961022:
6202202172300220008992097:
6202202172300240009339144:
6202202172300260005266257:
6202202172300280004162432:
6202202172300450004958669:
6202202172301110005264380:
6202202172301320005267482:
6202202172301380005273380:
6202202172301400005263968:
6202202172301490004165524:
6202202172301510003137754:
6202202172301550005265079:
6202202172301570004604852:
6202202172301590008974060:
6202202172302020004929016:
6202202172302040005008693:
6202202172302060004604852:
6202202172302090005265079:
6202202172302100004596348:
6202202172302120008431645:
6202202172302140004167851:
6202202172302170004165521:
6202202172302200008923718:
6202202172302220006018006:
6202202172302300005253081:
6202202172302480004162747:
6202202172302500005270419:
6202202172302520004965170:
6202202172302570004164226:
6202202172303010005259224:
6202202172303050008961655:
6202202172303080005259965:
6202202172303150005264312:
6202202172303200004164226:
6202202172303340005272917:
6202202172303360005258213:
6202202172304430007407459:
6202202172305380004923159:
6202202172309570008968526:
6202202172310210005264381:
6202202172358360008698315:
6202202172358540008495468:
6202202172359030009226952:
6202202172359050004968544:
6202202172359070004965502:
8202202170003030004967900:
8202202170025350005252021:
8202202170025370007396382:
8202202170025490006036994:
8202202170026030005263971:
8202202170026220005264545:
8202202170746120006015165:
8202202170746230004154147:
8202202170747100004968173:
8202202170747490008961557:
8202202170747530004159570:
8202202170749520008716113:
8202202170750080007396382:
8202202170750490008931959:
8202202170750510005266586:
8202202170751050005264545:
8202202170751330008986673:
8202202170751360004163900:
8202202170751380008504234:
8202202170751420008496149:
8202202170751500004936688:
8202202170751530005257315:
8202202170752170008690224:
8202202170752200009273291:
8202202170752240004990686:
8202202170752380008500626:
8202202170752500008511681:
8202202170752530008994873:
8202202170752540001087543:
8202202170752580005252017:
8202202170753010009346340:
8202202170753150007407499:
8202202170753230008677903:
8202202170753320008916557:
8202202170753370004927575:
8202202170753500009296645:
8202202170753580005001262:
8202202170754000008986273:
8202202170754030004932608:
8202202170754060004963073:
8202202170754070005264166:
8202202170754140004935638:
8202202170754170007407459:
8202202170754190009002606:
8202202170754210005248457:
8202202170754290004596344:
8202202170754310009000866:
8202202170754340004605843:
8202202170755000008699709:
8202202170755050004981013:
8202202170755070005266872:
8202202170755090005249711:
8202202170755110004155442:
8202202170755130004162160:
8202202170755150009346055:
8202202170755180004953437:
8202202170755210004989259:
8202202170755230004929419:
8202202170755250008951535:
8202202170755270008495426:
8202202170755290009311280:
8202202170755360008959766:
8202202170755530005248602:
8202202170755550005264382:
8202202170755570005264521:
8202202170755590008511222:
8202202170756030008493340:
8202202170756160005265078:
8202202170756190008923939:
8202202170756220004967114:
8202202170756240005254710:
8202202170756260004957311:
8202202170756310008975399:
8202202170756340004941228:
8202202170756380005272116:
8202202170756400004154153:
8202202170756420005263971:
8202202170756440006028799:
8202202170756470005251356:
8202202170756490005264311:
8202202170756500004974233:
8202202170756520005258488:
8202202170756530004967900:
8202202170756550005251017:
8202202170756550008982226:
8202202170756590008953872:
8202202170757020006022158:
8202202170757030005268443:
8202202170757050005008693:
8202202170757070005252021:
8202202170757090004996716:
8202202170757100004968592:
8202202170757120009324118:
8202202170757130009234249:
8202202170757150009252994:
8202202170757160008710875:
8202202170757260004179142:
8202202170757380009326600:
8202202170757410000424146:
8202202170757430009283323:
8202202170757440009336959:
8202202170757510009246202:
8202202170757530009327620:
8202202170757550003126360:
8202202170758000000431385:
8202202170758080009341511:
8202202170758160005259965:
8202202170758190004965343:
8202202170758310008918443:
8202202170758470008949319:
8202202170758520005258478:
8202202170759020005250927:
8202202170759160005270982:
8202202170759270009300590:
8202202170759310004965170:
8202202170759400004951868:
8202202170759540008499867:
8202202170759570009301802:
8202202170800020004966591:
8202202170800070005261505:
8202202170800100005006315:
8202202170800460006030145:
8202202170800540005266257:
8202202170801130004974727:
8202202170801170008950400:
8202202170801180009226433:
8202202170801300005258556:
8202202170802020005259621:
8202202170802040005270181:
8202202170802060009003527:
8202202170803040009247696:
8202202170834510009233697:
8202202171700040009273291:
8202202171705120006022158:
8202202171959570004936058:
8202202171959580005272116:
8202202172000000009324629:
8202202172000010008695597:
8202202172000040006028799:
8202202172000060008493340:
8202202172000100008500626:
8202202172000110006028799:
8202202172000130008494201:
8202202172000140008690224:
8202202172000190009234240:
8202202172000250009226797:
8202202172000270008494427:
8202202172000290005270181:
8202202172000300009296645:
8202202172000320004981013:
8202202172000340008499867:
8202202172000350009252994:
8202202172000370005251017:
8202202172000390005248602:
8202202172000410009354581:
8202202172000430004957311:
8202202172000460005268443:
8202202172000480006020192:
8202202172000500004957855:
8202202172000520008512783:
8202202172000540009301802:
8202202172000560009339821:
8202202172000590008975399:
8202202172001030008916557:
8202202172001050008975399:
8202202172001080005248457:
8202202172001110004927575:
8202202172001230004935638:
8202202172001260009327620:
8202202172001280005266872:
8202202172001310000431385:
8202202172002050004952471:
8202202172002170008500493:
8202202172002390008934659:
8202202172002490005265084:
8202202172002560005272315:
8202202172003110005257315:
8202202172003170009342143:
8202202172003410008950400:
8202202172003460004991542:
8202202172004230004162160:
8202202172005290004164864:
8202202172006470004951868:
8202202172010150005010999:
8202202172014180005258478:
8202202172014430004974233:
8202202172000510004968592:
8202202172005510004179142:
8202202172104210008502693:
8202202172104250005258227:
8202202172158580004939835:
8202202172200010004927939:
8202202172200030005005802:
8202202172200050008992214:
8202202172200060004939835:
8202202172200080008710875:
8202202172200100005249712:
8202202172200110009339930:
8202202172200130004993409:
8202202172200140005255676:
8202202172200160009342981:
8202202172200170009326600:
8202202172200190009000168:
8202202172200210000424146:
8202202172200230009342962:
8202202172200250000424146:
8202202172200270004596344:
8202202172200290004953788:
8202202172200310008699709:
8202202172200360009346340:
8202202172200390004989259:
8202202172201210004936688:
8202202172201250004141622:
8202202172201440009234249:
8202202172201470008986673:
8202202172203120008986688:
8202202172203280009341511:
8202202172203290005261060:
8202202172203310009346055:
8202202172204420006036336:
8202202172204540005254710:
8202202172209390005004848:
8202202172212060008994873:
8202202172258390008496149:
8202202172258410004967114:
8202202172258430005264382:
8202202172258450008975428:
8202202172258460004154147:
8202202172258480005252021:
8202202172258490008978067:
8202202172258510005266674:
8202202172258520008986273:
8202202172258560007396382:
8202202172259000002854367:
8202202172259080004154153:
8202202172300010005250927:
8202202172300030008504234:
8202202172300040004169060:
8202202172300060004154153:
8202202172300080005252017:
8202202172300100004990375:
8202202172300110008495426:
8202202172300170005254534:
8202202172300190005263971:
8202202172300200005264545:
8202202172300220004165756:
8202202172300240005251559:
8202202172300260001087543:
8202202172300280003137754:
8202202172300310005270982:
8202202172300350008949319:
8202202172300370005270075:
8202202172300390009295454:
8202202172300410004990686:
8202202172300430005008693:
8202202172300440004605843:
8202202172300460009341742:
8202202172300480004159570:
8202202172300490005251020:
8202202172300510006028957:
8202202172300530004163900:
8202202172300550008501835:
8202202172300560004167849:
8202202172300580005264521:
8202202172301010004045200:
8202202172301040005267723:
8202202172301050004996716:
8202202172301070009226817:
8202202172301090008982226:
8202202172301100004941228:
8202202172301180005264171:
8202202172301230009226821:
8202202172301240005261505:
8202202172301320005264311:
8202202172301340005264170:
8202202172301360004988966:
8202202172301380005251356:
8202202172301400005259965:
8202202172301540008931959:
8202202172301560004965343:
8202202172301580006015165:
8202202172302010009246202:
8202202172302030006041875:
8202202172302050008923939:
8202202172302070008511222:
8202202172302390007401131:
8202202172303030009002606:
8202202172306120005254424:
