2202201240000000005249648:
2202201240000020005272807:
2202201240000040006021875:
2202201240000060008978529:
2202201240000070004924346:
2202201240000090008681883:
2202201240000110005268165:
2202201240000120004997665:
2202201240000140008985026:
2202201240000150005252997:
2202201240000170002851478:
2202201240000180008950982:
2202201240000200004997665:
2202201240000210002851478:
2202201240000240008950650:
2202201240000260000431412:
2202201240000270008701527:
2202201240000300000431412:
2202201240000330004967967:
2202201240000350005263922:
2202201240000370004967967:
2202201240000400005249650:
2202201240000420008701527:
2202201240000540005263922:
2202201240000570005266871:
2202201240000590008979729:
2202201240001010005249650:
2202201240001070008701527:
2202201240001080008429638:
2202201240001110004604850:
2202201240001120008701527:
2202201240001150005249650:
2202201240001170005268444:
2202201240001190004604850:
2202201240001240005255715:
2202201240001250004162745:
2202201240001270008497463:
2202201240001290009324604:
2202201240001300005251558:
2202201240001320008508219:
2202201240001350009236810:
2202201240001380004605848:
2202201240001400004160637:
2202201240001420009307388:
2202201240001450004165757:
2202201240001470008964427:
2202201240001490006029990:
2202201240001510005251355:
2202201240001530004604853:
2202201240001580004930389:
2202201240002000004966050:
2202201240002050008694944:
2202201240002080009226393:
2202201240002100009326618:
2202201240002120005273382:
2202201240002150005255716:
2202201240002190009326618:
2202201240002220005255716:
2202201240002250005273382:
2202201240002260009226393:
2202201240002300005268310:
2202201240002320005257308:
2202201240002340005252356:
2202201240002370001079879:
2202201240002450005270977:
2202201240002530007398914:
2202201240002570004966050:
2202201240002590009297569:
2202201240003020007398914:
2202201240003060009307388:
2202201240003090008686663:
2202201240003120004929491:
2202201240003180009293911:
2202201240003260004160637:
2202201240003300004155438:
2202201240003400009339828:
2202201240004110004993146:
2202201240004140009293911:
2202201240004290009339828:
2202201240555390005267343:
2202201240555400005271889:
2202201240728490009254926:
2202201240729350008497657:
2202201240735080009000169:
2202201240736270004929937:
2202201240736450004992307:
2202201240739060005248504:
2202201240739100004998138:
2202201240739150004975531:
2202201240739200004998138:
2202201240739230004975531:
2202201240739410008978167:
2202201240740100005266872:
2202201240740160008698044:
2202201240740410005270171:
2202201240741340004993674:
2202201240742311513645885:
2202201240742410005269999:
2202201240742540004937490:
2202201240742570004924019:
2202201240743000004961787:
2202201240743060005266871:
2202201240743590004940674:
2202201240744380005255711:
2202201240745040008698279:
2202201240745310004989528:
2202201240745420009305457:
2202201240746010005251352:
2202201240746140004936149:
2202201240746190004155438:
2202201240746570005252149:
2202201240747080006021875:
2202201240747220005249710:
2202201240747270009297569:
2202201240747480004604850:
2202201240747510004924346:
2202201240747550005249560:
2202201240748110004932362:
2202201240748180005270977:
2202201240748230004968394:
2202201240748250008494564:
2202201240748320005272371:
2202201240748390004167715:
2202201240748470004922969:
2202201240748520004160637:
2202201240748550004995938:
2202201240748580004950845:
2202201240749020004946775:
2202201240749100004989073:
2202201240749130008985026:
2202201240749150004932362:
2202201240749170005257618:
2202201240749190009236809:
2202201240749230005258530:
2202201240749270001108277:
2202201240749470005272372:
2202201240749510005248392:
2202201240750150004605848:
2202201240750170009341030:
2202201240750230006014349:
2202201240750270004158137:
2202201240750300009284157:
2202201240750330009341030:
2202201240750460009346362:
2202201240750510004164226:
2202201240750560004958379:
2202201240750580009351823:
2202201240751000004958379:
2202201240751040005256328:
2202201240751060004966418:
2202201240751090004958379:
2202201240751130004937390:
2202201240751160008681883:
2202201240751180006022160:
2202201240751200005264164:
2202201240751220009226393:
2202201240751230004941773:
2202201240751260005255628:
2202201240751290009347607:
2202201240751310005273382:
2202201240751330008690529:
2202201240751350004163932:
2202201240751380005255715:
2202201240751410009283296:
2202201240751430004957738:
2202201240751440008717926:
2202201240751470006029990:
2202201240751490005258213:
2202201240751530005266259:
2202201240751570005248386:
2202201240752000007402498:
2202201240752010009339273:
2202201240752040008697836:
2202201240752050008676811:
2202201240752070008950354:
2202201240752090009296798:
2202201240752120001079879:
2202201240752170006022439:
2202201240752180004997665:
2202201240752200009226826:
2202201240752230005252356:
2202201240752270006751664:
2202201240752280005258489:
2202201240752310004969726:
2202201240752330009233710:
2202201240752360004969726:
2202201240752370004972171:
2202201240752390005254709:
2202201240752410007402500:
2202201240752431513631101:
2202201240752450004963630:
2202201240752470005257313:
2202201240752480004605842:
2202201240752510004154825:
2202201240752530005272229:
2202201240752540005264381:
2202201240752560006030142:
2202201240752570008493750:
2202201240752590005248395:
2202201240753010005251351:
2202201240753030008978946:
2202201240753040004155441:
2202201240753070005272316:
2202201240753090005249645:
2202201240753110005006528:
2202201240753130003137754:
2202201240753160008709369:
2202201240753180004966903:
2202201240753200009352009:
2202201240753220005270002:
2202201240753240008513950:
2202201240753270008950839:
2202201240753290005271890:
2202201240753310008503915:
2202201240753330008516236:
2202201240753350008503915:
2202201240753370005004855:
2202201240753400006030135:
2202201240753410009326618:
2202201240753440004994314:
2202201240753450007421690:
2202201240753470005252032:
2202201240753480004163899:
2202201240753500005264380:
2202201240753510004605851:
2202201240753530009226447:
2202201240753550004164227:
2202201240753570009253739:
2202201240753590009252984:
2202201240754010005252997:
2202201240754020005264374:
2202201240754040005270174:
2202201240754050009230781:
2202201240754070004960782:
2202201240754110004159572:
2202201240754120004960782:
2202201240754150004980727:
2202201240754170005270839:
2202201240754200005268448:
2202201240754220008692450:
2202201240754230006039493:
2202201240754250004163906:
2202201240754260005263922:
2202201240754280005248880:
2202201240754290005262050:
2202201240754310008709061:
2202201240754330004164223:
2202201240754340009283296:
2202201240754360004981830:
2202201240754380005272908:
2202201240754400005249648:
2202201240754410009351308:
2202201240754430004950937:
2202201240754460004972420:
2202201240754470008701527:
2202201240754490005270984:
2202201240754510009276908:
2202201240754520004963659:
2202201240754540009340824:
2202201240754550004158333:
2202201240754570005012946:
2202201240754590008506766:
2202201240755010005257308:
2202201240755020005012946:
2202201240755040004935446:
2202201240755060004992022:
2202201240755080004935446:
2202201240755090004158333:
2202201240755110004986942:
2202201240755120004994074:
2202201240755140009321334:
2202201240755150001079288:
2202201240755170004994074:
2202201240755190008500401:
2202201240755200009282809:
2202201240755220004162745:
2202201240755240006033001:
2202201240755260004989232:
2202201240755280005272914:
2202201240755300009339219:
2202201240755320004959001:
2202201240755330004966050:
2202201240755350008503171:
2202201240755360009282809:
2202201240755380005265313:
2202201240755400008699606:
2202201240755410005257613:
2202201240755430004163901:
2202201240755460002851478:
2202201240755480003920040:
2202201240755500009236810:
2202201240755510009243147:
2202201240755530002851478:
2202201240755550008512216:
2202201240755560004966591:
2202201240755580008512216:
2202201240755590004987744:
2202201240756010008686663:
2202201240756020008718216:
2202201240756040004930389:
2202201240756050005270981:
2202201240756070008510716:
2202201240756080006036336:
2202201240756100006021994:
2202201240756110005272117:
2202201240756130008709011:
2202201240756140004164225:
2202201240756160004164228:
2202201240756180004180013:
2202201240756190005254536:
2202201240756210005268165:
2202201240756220004966986:
2202201240756240004160640:
2202201240756250008950982:
2202201240756270008982515:
2202201240756280005258216:
2202201240756300004163936:
2202201240756320004982680:
2202201240756330006033000:
2202201240756350004949598:
2202201240756370004968004:
2202201240756380008694659:
2202201240756400008496310:
2202201240756410005263919:
2202201240756430004927329:
2202201240756440008496367:
2202201240756460008979729:
2202201240756480001083110:
2202201240756490004968544:
2202201240756510006033090:
2202201240756530005272191:
2202201240756550004165890:
2202201240756560004957545:
2202201240756580004168207:
2202201240757010009226391:
2202201240757030004969598:
2202201240757040009352010:
2202201240757060008978529:
2202201240757080004933649:
2202201240757090009302534:
2202201240757110005248387:
2202201240757120004986846:
2202201240757140005255716:
2202201240757150008978529:
2202201240757170005258468:
2202201240757180005255716:
2202201240757180009339828:
2202201240757210004167848:
2202201240757230005263012:
2202201240757270009293911:
2202201240757280004961532:
2202201240757300004604853:
2202201240757310004946517:
2202201240757330004161986:
2202201240757340004961532:
2202201240757370005272110:
2202201240757390004929491:
2202201240757410008429638:
2202201240757430009292038:
2202201240757450004946517:
2202201240757460006029988:
2202201240757480004927029:
2202201240757490005249573:
2202201240757510008511510:
2202201240757520004965814:
2202201240757540008511510:
2202201240757550009321395:
2202201240757570007411321:
2202201240757580008510090:
2202201240758000004968592:
2202201240758010004961221:
2202201240758030009342959:
2202201240758040009225481:
2202201240758060004163937:
2202201240758070007402482:
2202201240758090005251355:
2202201240758110008952036:
2202201240758120009346170:
2202201240758140004934727:
2202201240758160004967416:
2202201240758170009342959:
2202201240758190004975166:
2202201240758210007407739:
2202201240758220008710216:
2202201240758230004934727:
2202201240758260004921536:
2202201240758270008680442:
2202201240758290004997873:
2202201240758300004967967:
2202201240758320005257309:
2202201240758340008992886:
2202201240758360005255627:
2202201240758380005272190:
2202201240758400005258556:
2202201240758410004997873:
2202201240758430004967967:
2202201240758460004992723:
2202201240758480008498021:
2202201240758490004162433:
2202201240758510005268310:
2202201240758520004165757:
2202201240758540004997809:
2202201240758550006041875:
2202201240758570004975875:
2202201240759010009324076:
2202201240759030004930090:
2202201240759040000431412:
2202201240759060004165757:
2202201240759080009234480:
2202201240759100000431412:
2202201240759110009324076:
2202201240759130004975875:
2202201240759140009354401:
2202201240759160004997809:
2202201240759170005251558:
2202201240759190005249650:
2202201240759200004951445:
2202201240759220004947107:
2202201240759230004967967:
2202201240759250008500312:
2202201240759260004599825:
2202201240759280005264171:
2202201240759290004968555:
2202201240759310008492065:
2202201240759320008991601:
2202201240759340004599825:
2202201240759350004947107:
2202201240759370008500312:
2202201240759380008991601:
2202201240759400005251563:
2202201240759410004954090:
2202201240759430008500312:
2202201240759440009230754:
2202201240759460008964427:
2202201240759490009232653:
2202201240759510004921669:
2202201240759540004160639:
2202201240759560004921669:
2202201240759580005251020:
2202201240759590005272807:
2202201240800010005006768:
2202201240800020004988966:
2202201240800040007419049:
2202201240800060005250644:
2202201240800070008424093:
2202201240800090004932359:
2202201240800140009297664:
2202201240800160004960160:
2202201240800170004932359:
2202201240800190008978094:
2202201240800210006037287:
2202201240800240004970618:
2202201240800260009226433:
2202201240800270005270773:
2202201240800290004970618:
2202201240800300008975427:
2202201240800320004980976:
2202201240800330005262555:
2202201240800350006030118:
2202201240800370009001152:
2202201240800380006037287:
2202201240800400005262554:
2202201240800420004935186:
2202201240800440006041715:
2202201240800460006039497:
2202201240800480009330833:
2202201240800490006041715:
2202201240800530009297056:
2202201240800540006041715:
2202201240800560006022852:
2202201240800570009339524:
2202201240800590004966802:
2202201240801010006037287:
2202201240801030005268444:
2202201240801040004957428:
2202201240801070009326612:
2202201240801090005253450:
2202201240801110005005056:
2202201240801130006017488:
2202201240801150005272111:
2202201240801180008701274:
2202201240801200009281814:
2202201240801210009286624:
2202201240801230004167847:
2202201240801250004929645:
2202201240801260009288913:
2202201240801280008701083:
2202201240801290004941508:
2202201240801310008497463:
2202201240801320005251564:
2202201240801340006022855:
2202201240801350008714113:
2202201240801370005251013:
2202201240801380004155440:
2202201240801400005252022:
2202201240801410005007370:
2202201240801430005264310:
2202201240801440004954665:
2202201240801460006025812:
2202201240801480004162135:
2202201240801490008500184:
2202201240801510004967073:
2202201240801520009354001:
2202201240801540005252358:
2202201240801550004995654:
2202201240801570005006239:
2202201240802000009325535:
2202201240802020009275335:
2202201240802030008950650:
2202201240802050004160311:
2202201240802060009275335:
2202201240802080008950650:
2202201240802090009339821:
2202201240802110004930162:
2202201240802130007395592:
2202201240802160006031525:
2202201240802170004952773:
2202201240802190004141622:
2202201240802200005257616:
2202201240802221513646659:
2202201240802230007395592:
2202201240802250009000482:
2202201240802260006023662:
2202201240802280009253846:
2202201240802300005258218:
2202201240802310006023662:
2202201240802330005272107:
2202201240802350004966802:
2202201240802370004604856:
2202201240802380004929202:
2202201240802400004961404:
2202201240802420005263975:
2202201240802440008493286:
2202201240802460005254534:
2202201240802490008986717:
2202201240802530004931193:
2202201240802550008713215:
2202201240802580005264373:
2202201240803000009226392:
2202201240803030005264720:
2202201240803040004968208:
2202201240803060009340820:
2202201240803070005251354:
2202201240803090009343593:
2202201240803110005251354:
2202201240803130008500889:
2202201240803160005267474:
2202201240803210009280491:
2202201240803230005252016:
2202201240803250008697063:
2202201240803260004943327:
2202201240803280004972793:
2202201240803300004993409:
2202201240803330009307388:
2202201240803370004596350:
2202201240803390004993146:
2202201240803410005251353:
2202201240803420005262049:
2202201240803440006039969:
2202201240803460005273376:
2202201240803480006039969:
2202201240803500004989365:
2202201240803520004991241:
2202201240803540007410282:
2202201240803570009313676:
2202201240803580008975089:
2202201240804010009297664:
2202201240804030007402194:
2202201240804050005267443:
2202201240804070008992214:
2202201240804080005251557:
2202201240804110005254714:
2202201240804130009351758:
2202201240804150004162746:
2202201240804170004958690:
2202201240804180005272192:
2202201240804200005256125:
2202201240804210005273787:
2202201240804230005265082:
2202201240804240005265083:
2202201240804260004167846:
2202201240804280004165755:
2202201240804290009232651:
2202201240804320005261061:
2202201240804330004967312:
2202201240804360005258214:
2202201240804380005270175:
2202201240804400009246193:
2202201240804420005272317:
2202201240804450006036993:
2202201240804470004160018:
2202201240804480009290264:
2202201240804520009234240:
2202201240804560008958510:
2202201240804590004605846:
2202201240805040005257615:
2202201240805260008493028:
2202201240805280005272108:
2202201240805400008698795:
2202201240805430004927727:
2202201240805450008495616:
2202201240805470009254002:
2202201240805560004923617:
2202201240806080009226412:
2202201240806250008702320:
2202201240806270006027540:
2202201240806350009293535:
2202201240806380004955828:
2202201240807000005259622:
2202201240807030004948851:
2202201240807090004604855:
2202201240807140009342183:
2202201240807160004160015:
2202201240807200004975841:
2202201240807230004948881:
2202201240807250009339824:
2202201240807440004160011:
2202201240808060004924182:
2202201240808120006028451:
2202201240808140008505663:
2202201240808290005267475:
2202201240808350008510378:
2202201240808370002851465:
2202201240808410004160638:
2202201240808470007414082:
2202201240808490009298223:
2202201240809150009254000:
2202201240809180009294273:
2202201240809200009324604:
2202201240809370004939835:
2202201240809390009339803:
2202201240809480005270985:
2202201240809520009291663:
2202201240811010008703345:
2202201240811090008508219:
2202201240811120007398914:
2202201240811450009348543:
2202201240812260004979341:
2202201240813130004160309:
2202201240814310008506597:
2202201240815310006042277:
2202201240815380005262497:
2202201240815420008498988:
2202201240815440009346020:
2202201240815460005268446:
2202201240816450007407502:
2202201240816480005273785:
2202201240816500006041103:
2202201240816540008502364:
2202201240816580009309504:
2202201240817030004967606:
2202201240817400004162134:
2202201240817560008506632:
2202201240818260005272109:
2202201240818330004160016:
2202201240818460005004848:
2202201240819440009279728:
2202201240821100004966449:
2202201240823080008504041:
2202201240823410006031526:
2202201240825430008494964:
2202201240830490009346707:
2202201240833130004985430:
2202201240840350009305197:
2202201240853510004967590:
2202201240914470004947963:
2202201241700240005257615:
2202201241701030005273382:
2202201241702260005257313:
2202201241703050004934727:
2202201241704560004162746:
2202201241707180004157829:
2202201241703210009298223:
2202201241806140004160011:
2202201241852000008493028:
2202201241903280005264382:
2202201241902440004985430:
2202201241954061513646659:
2202201241957500005249573:
2202201241959120005262555:
2202201242000050004932362:
2202201242001030009307388:
2202201242001350004162431:
2202201242002180005248389:
2202201242002490005251352:
2202201242002560008965750:
2202201242003030004163932:
2202201242003220005251355:
2202201242003410008964427:
2202201242003460005257613:
2202201242004000004163936:
2202201242006260008992886:
2202201242006280008975427:
2202201242006370004163936:
2202201242006540008686663:
2202201242007470004982680:
2202201242008380008502364:
2202201242009510009309829:
2202201242012490009309504:
2202201242013570004160313:
2202201242014010008982515:
2202201242014030004154825:
2202201242014340008688253:
2202201242007120009253846:
2202201242005080005267343:
2202201242053090004963659:
2202201242055410004963659:
2202201242056260005265313:
2202201242056310005272372:
2202201242107090005272109:
2202201242107350009246193:
2202201242108010004989820:
2202201242104050004957428:
2202201242106110004982114:
2202201242105080004972793:
2202201242129450009286624:
2202201242142590005271889:
2202201242148440008713215:
2202201242152080005255626:
2202201242153240009226392:
2202201242154410004958690:
2202201242155270009283296:
2202201242155300006029990:
2202201242156200004966449:
2202201242157490009236810:
2202201242158060004921669:
2202201242159370005250644:
2202201242200000008985026:
2202201242200030005251558:
2202201242200050005272807:
2202201242200060005252997:
2202201242200080005268165:
2202201242200110005272317:
2202201242200120005270977:
2202201242200160004604853:
2202201242200190004975875:
2202201242200200004954665:
2202201242200220008978529:
2202201242200240004604853:
2202201242200250006021875:
2202201242200270004966802:
2202201242200290005257309:
2202201242200360008681883:
2202201242200380008950650:
2202201242200400004164225:
2202201242200420004164228:
2202201242200430004997665:
2202201242200450008950982:
2202201242200470004163937:
2202201242200480008709369:
2202201242200500004997665:
2202201242200520008950354:
2202201242200540004604855:
2202201242200580009000169:
2202201242201010004924346:
2202201242201030009276908:
2202201242201060004960160:
2202201242201080008709061:
2202201242201100005269999:
2202201242201110004939835:
2202201242201130008709061:
2202201242201140009275335:
2202201242201160006030135:
2202201242201180009297664:
2202201242201200000431412:
2202201242201220006033001:
2202201242201240009275335:
2202201242201260000431412:
2202201242201280005266871:
2202201242201290004165757:
2202201242201310005263922:
2202201242201330005263975:
2202201242201350008979729:
2202201242201360008429638:
2202201242201380005263922:
2202201242201400006016276:
2202201242201410004604850:
2202201242201410004967967:
2202201242201440008979729:
2202201242201460008701527:
2202201242201470004953182:
2202201242201490004604850:
2202201242201500008429638:
2202201242201520005248387:
2202201242201540009232651:
2202201242201550005249650:
2202201242201570009326618:
2202201242202000005257308:
2202201242202040004160639:
2202201242202050005251022:
2202201242202070004162745:
2202201242202090005252356:
2202201242202120004929491:
2202201242202140005255716:
2202201242202190005255715:
2202201242202210009288913:
2202201242202230005255716:
2202201242202250004968394:
2202201242202310008426248:
2202201242202340009297569:
2202201242202360009226393:
2202201242202380001079879:
2202201242202400005255715:
2202201242202410008497657:
2202201242202430005249648:
2202201242202440005270839:
2202201242202460004605848:
2202201242202550005268310:
2202201242203060008506597:
2202201242203090004970618:
2202201242203120004155438:
2202201242204410009339828:
2202201242204460009293911:
2202201242204490009339828:
2202201242204520009293911:
2202201242204580004993146:
2202201242206140004160637:
2202201242214430005249654:
2202201242251190005270985:
2202201242300010004969598:
2202201242300030004966591:
2202201242300050004969598:
2202201242300070004966591:
2202201242300080004969598:
2202201242300160004162744:
2202201242300410008506766:
2202201242303170005265078:
2202201242311350009241075:
2202201242312310005264375:
3202201240729040008501288:
3202201240737140005271888:
3202201240740260005271887:
3202201240741120006031524:
3202201240741290008503303:
3202201240744110004974136:
3202201240744550004968173:
3202201240745210008497634:
3202201240747000004988205:
3202201240747130001099428:
3202201240748010004165524:
3202201240748480008692290:
3202201240748500008687514:
3202201240748530006028957:
3202201240748560006039016:
3202201240749010004602277:
3202201240749030005272315:
3202201240749450004949140:
3202201240749470005258215:
3202201240749530005250568:
3202201240749590009323446:
3202201240750160004998074:
3202201240750220005252718:
3202201240750440005248460:
3202201240750480008708048:
3202201240752110004933136:
3202201240752130005004742:
3202201240752200009306586:
3202201240752360008988448:
3202201240752550009335560:
3202201240752580006025823:
3202201240753000005265851:
3202201240753020009326626:
3202201240753050008492410:
3202201240753070009003527:
3202201240753090004981546:
3202201240753110008951956:
3202201240753140008711197:
3202201240753170005250572:
3202201240753200005272187:
3202201240753230008951287:
3202201240753250005258213:
3202201240753270004949833:
3202201240753400004987910:
3202201240753430004970930:
3202201240753450004923548:
3202201240753480005251560:
3202201240753500008513325:
3202201240753530009346367:
3202201240753550004926955:
3202201240753560004154152:
3202201240753590008680900:
3202201240754010004167709:
3202201240754040009301802:
3202201240754100005251559:
3202201240754150005249720:
3202201240754190008942957:
3202201240754210004165525:
3202201240754220009343149:
3202201240754250004986730:
3202201240754280005262094:
3202201240754300005250567:
3202201240754340009295891:
3202201240754370004942841:
3202201240754390004949437:
3202201240754500005257311:
3202201240754520009327615:
3202201240754540005264920:
3202201240754560004168210:
3202201240755000005248987:
3202201240755030005258559:
3202201240755050004993934:
3202201240755080004163899:
3202201240755180007421690:
3202201240755230009342978:
3202201240755460005255676:
3202201240755470004969304:
3202201240756060005270771:
3202201240756080008707911:
3202201240756100005249720:
3202201240756130005251358:
3202201240756140009234248:
3202201240756160005258551:
3202201240756180009253995:
3202201240756200005254537:
3202201240756220005252069:
3202201240756240004986942:
3202201240756250004935446:
3202201240756280006018008:
3202201240756300005248496:
3202201240756320009339802:
3202201240756340009324879:
3202201240756360004162160:
3202201240756380005264728:
3202201240756390005270075:
3202201240756420008691341:
3202201240756460005262553:
3202201240756490004162162:
3202201240756510004999443:
3202201240756530005271893:
3202201240756550009283931:
3202201240756570005248502:
3202201240756590008699992:
3202201240757000008689944:
3202201240757020004164010:
3202201240757030004962972:
3202201240757050005248502:
3202201240757100009339930:
3202201240757130004167711:
3202201240757150004993672:
3202201240757200005248502:
3202201240757220009342954:
3202201240757240005008358:
3202201240757260005248502:
3202201240757300009331842:
3202201240757340009354349:
3202201240757360005270981:
3202201240757370004989794:
3202201240757400004167712:
3202201240757460008680280:
3202201240757470009348776:
3202201240757510008507829:
3202201240758010009326658:
3202201240758060004965754:
3202201240758140005270982:
3202201240758160004965754:
3202201240758180008717268:
3202201240758240009343384:
3202201240758270004965502:
3202201240758320008692117:
3202201240758380004161986:
3202201240758400004168206:
3202201240758420008984829:
3202201240758460009308083:
3202201240758510006015460:
3202201240759030005271892:
3202201240759130005255674:
3202201240759190008686117:
3202201240759230008967364:
3202201240759250005254706:
3202201240759290005252996:
3202201240759310004165753:
3202201240759330008498188:
3202201240759360004154154:
3202201240759390009230812:
3202201240759410009342997:
3202201240759440004952471:
3202201240759460005259624:
3202201240759490005258756:
3202201240759510009342962:
3202201240759530004966178:
3202201240759560004990107:
3202201240759580005254715:
3202201240759590004973922:
3202201240800020004988378:
3202201240800030004942040:
3202201240800050005267751:
3202201240800070008498021:
3202201240800100008680442:
3202201240800110009309829:
3202201240800130005248597:
3202201240800150008499471:
3202201240800190008698121:
3202201240800220005250569:
3202201240800240003126147:
3202201240800260005270649:
3202201240800290008518736:
3202201240800310004935107:
3202201240800320008711249:
3202201240800340009346033:
3202201240800350005268449:
3202201240800370009226952:
3202201240800390004164864:
3202201240800400003132773:
3202201240800420009230815:
3202201240800440004945980:
3202201240800460009354391:
3202201240800470004167714:
3202201240800490005248596:
3202201240800500008698315:
3202201240800520008495468:
3202201240800530004599514:
3202201240800550008697764:
3202201240800560009339817:
3202201240800580005270417:
3202201240801030006039974:
3202201240801060009233695:
3202201240801090005267344:
3202201240801130004931925:
3202201240801160005261501:
3202201240801200009252970:
3202201240801320008677829:
3202201240801520004949239:
3202201240802010005259966:
3202201240802050005264727:
3202201240802200008934659:
3202201240802290009339144:
3202201240802420008677773:
3202201240803210004141622:
3202201240803460005249722:
3202201240805120005270418:
3202201240809080005254423:
3202201240857140009298073:
3202201241301240008986212:
3202201241701110005258551:
3202201241701140009342978:
3202201241800050008502189:
3202201241900220004988205:
3202201241900430005252022:
3202201241901120008689944:
3202201241901500004973922:
3202201241902200005264382:
3202201241902480005272116:
3202201241902580008501288:
3202201241903130009343384:
3202201241903180009234458:
3202201241903220006028451:
3202201241903490005254537:
3202201241904080005270982:
3202201241904240009354349:
3202201241905020005008846:
3202201241905080005262094:
3202201241905140004930162:
3202201241905310005250568:
3202201241905360005263716:
3202201241905430009252970:
3202201241907050005264920:
3202201241943310008698121:
3202201241958420005251559:
3202201241958440009331842:
3202201241958460005258225:
3202201241958470009331842:
3202201241958490008692117:
3202201241958510005265851:
3202201241958530004158333:
3202201241959120005262553:
3202201241959290009234248:
3202201241959310007418333:
3202201241959320009342954:
3202201241959350008518736:
3202201241959380009324637:
3202201241959400009324879:
3202201241959430001099428:
3202201241959450008687514:
3202201241959480006018008:
3202201241959490009339802:
3202201241959530009233695:
3202201241959540008709488:
3202201241959560009342962:
3202201241959570009226391:
3202201242000010009327615:
3202201242000030004949437:
3202201242000040004933136:
3202201242000060008691341:
3202201242000070005259966:
3202201242000090008967364:
3202201242000110004163899:
3202201242000130005249722:
3202201242000150004161986:
3202201242000160005264728:
3202201242000180005252069:
3202201242000190004931925:
3202201242000220008710875:
3202201242000240009348776:
3202201242000250004945980:
3202201242000270004167709:
3202201242000280008693920:
3202201242000300005270981:
3202201242000310008696388:
3202201242000330005267344:
3202201242000340008951287:
3202201242000360005004742:
3202201242000380008710216:
3202201242000390004167849:
3202201242000410004988079:
3202201242000420004990107:
3202201242000450004154152:
3202201242000470004968544:
3202201242000490004949239:
3202201242000500004998074:
3202201242000520005264727:
3202201242000530005255676:
3202201242000580008498188:
3202201242000590005250646:
3202201242001010008677829:
3202201242001030004164229:
3202201242001040005248496:
3202201242001070004168210:
3202201242001080008680280:
3202201242001100008513325:
3202201242001110005252020:
3202201242001130008711249:
3202201242001150005268449:
3202201242001180008495468:
3202201242001190004949833:
3202201242001210004940881:
3202201242001230009326626:
3202201242001250000424146:
3202201242001270004986730:
3202201242001290005250571:
3202201242001300004164224:
3202201242001320008497634:
3202201242001340004965754:
3202201242001360005249720:
3202201242001400005252718:
3202201242001420004602277:
3202201242001440008693892:
3202201242001460004987910:
3202201242001480005267751:
3202201242001500008951956:
3202201242001510004980976:
3202201242001530005264378:
3202201242001540004980976:
3202201242001560005264378:
3202201242001570004966362:
3202201242001590009302534:
3202201242002010004926955:
3202201242002020006022158:
3202201242002040009322590:
3202201242002060004962972:
3202201242002170005268314:
3202201242002210004164010:
3202201242002320004928640:
3202201242002350004162162:
3202201242002420008500889:
3202201242003330005252996:
3202201242003410004942841:
3202201242003430005270168:
3202201242003590005012521:
3202201242004060005259624:
3202201242004130004167714:
3202201242006340005258556:
3202201242007280009351758:
3202201242007300008513325:
3202201242007410005012741:
3202201242010390005266257:
3202201242012320008498988:
3202201242018030005270175:
3202201242023550004160015:
3202201242032070004935107:
3202201242032110004936149:
3202201242113170008952036:
3202201242115380004924676:
3202201242107100005270171:
3202201242107410008978167:
3202201242143490008508441:
3202201242144000008677773:
3202201242158090005248987:
3202201242158260005273785:
3202201242158280009323446:
3202201242159150005254423:
3202201242159170009343149:
3202201242159210008680900:
3202201242159240004923548:
3202201242159260004154154:
3202201242159280008498021:
3202201242159300003132773:
3202201242159310004999443:
3202201242159330008492410:
3202201242159340006041721:
3202201242159360004935446:
3202201242159380004990953:
3202201242159390004986942:
3202201242159410004165525:
3202201242159430004986942:
3202201242159450005254715:
3202201242159470005272112:
3202201242159490005250569:
3202201242159510008944254:
3202201242200010005250572:
3202201242200030009283931:
3202201242200040004604856:
3202201242200060008503303:
3202201242200080009348748:
3202201242200090004937930:
3202201242200110004168206:
3202201242200120009339930:
3202201242200140005258559:
3202201242200150004942040:
3202201242200170003137991:
3202201242200180005265558:
3202201242200200006031524:
3202201242200220005248597:
3202201242200240008699992:
3202201242200260005248458:
3202201242200280008711197:
3202201242200290005258558:
3202201242200310008711197:
3202201242200320004599514:
3202201242200340004929202:
3202201242200360008680442:
3202201242200370009335560:
3202201242200390008686117:
3202201242200410008697764:
3202201242200430009325535:
3202201242200450004993672:
3202201242200480004165524:
3202201242200500005257314:
3202201242200520005258756:
3202201242200540009243147:
3202201242200570009351768:
3202201242200580008494201:
3202201242201010005258221:
3202201242201030008499556:
3202201242201050009354582:
3202201242201070005254714:
3202201242201090005263920:
3202201242201110009275492:
3202201242201130008703693:
3202201242201150005008358:
3202201242201160005001068:
3202201242201180005267479:
3202201242201220004996481:
3202201242201380008492065:
3202201242201400005261504:
3202201242201420008964411:
3202201242201440005271893:
3202201242201470006039016:
3202201242201490004970930:
3202201242201510009284157:
3202201242202090009343593:
3202201242202120009326658:
3202201242202280008717268:
3202201242202430008679943:
3202201242202580008714113:
3202201242203170007421743:
3202201242203190005271892:
3202201242203230005250567:
3202201242203260005248460:
3202201242203370008692290:
3202201242203390004165753:
3202201242203490004968555:
3202201242203570005248596:
3202201242203580004968555:
3202201242204120005270649:
3202201242204390005272291:
3202201242204430009230815:
3202201242204460009308083:
3202201242204480004162135:
3202201242206100004929645:
3202201242206170008698315:
3202201242206300008707911:
3202201242206340004167712:
3202201242206360008698795:
3202201242207090009226952:
3202201242207130004965502:
3202201242209090009254002:
3202201242216070008942957:
3202201242254340009254002:
3202201242254360009003527:
3202201242255280005271888:
3202201242256390004968472:
3202201242256470005251358:
3202201242259130005254534:
3202201242259150006024859:
3202201242259190006039506:
3202201242259210009236868:
3202201242259250005249712:
3202201242259270009346367:
3202201242259280009286387:
3202201242259300005258215:
3202201242259340005267476:
3202201242259360005258215:
3202201242259390005248502:
3202201242259420005001262:
3202201242259470005252027:
3202201242259500005257311:
3202201242259540009346033:
3202201242300000006015460:
3202201242300020008507829:
3202201242300030009339817:
3202201242300050005258213:
3202201242300060005255416:
3202201242300080005006315:
3202201242300100005254706:
3202201242300120004949140:
3202201242300150009336990:
3202201242300170009233697:
3202201242300290004988378:
3202201242300310006039974:
3202201242300330004141622:
3202201242300350005261060:
3202201242300390004167711:
3202201242300420009281928:
3202201242300450004167711:
3202201242300460004989794:
3202201242300480004967606:
3202201242300500004923617:
3202201242301040004930608:
3202201242301310005263977:
3202201242302400009339144:
3202201242302540006030480:
3202201242303020008988448:
3202201242305220005249723:
4202201240000050005248387:
4202201240000100005270839:
4202201240300020006039129:
4202201240300090008494964:
4202201240300130005252016:
4202201240300260007402498:
4202201240737330005272102:
4202201240741330009234486:
4202201240741410009285513:
4202201240742460009305260:
4202201240742550005254930:
4202201240743020008967361:
4202201240743060005272226:
4202201240743200009285513:
4202201240746500008916557:
4202201240746530005268164:
4202201240747410007398203:
4202201240748170008984774:
4202201240748200005251562:
4202201240748320004157829:
4202201240749070005264545:
4202201240749110005270419:
4202201240749160004990686:
4202201240749200008942699:
4202201240749430005249723:
4202201240749460005264382:
4202201240749480004936688:
4202201240749500004936293:
4202201240749520008932440:
4202201240749550004165522:
4202201240749590008677903:
4202201240750070008504234:
4202201240750090005250927:
4202201240750110004596344:
4202201240750150005251015:
4202201240750230005270169:
4202201240750270005272916:
4202201240750320009311280:
4202201240750340004965170:
4202201240750360005272913:
4202201240750440004989259:
4202201240750470005257312:
4202201240751010008496149:
4202201240751230005257315:
4202201240751290009236868:
4202201240751450005262067:
4202201240752080004981013:
4202201240752190008690224:
4202201240752210004154147:
4202201240752270009234457:
4202201240752300005270720:
4202201240752310004162742:
4202201240752340009241075:
4202201240752390009250787:
4202201240752510001087543:
4202201240752530005267444:
4202201240752570005258531:
4202201240753010007407499:
4202201240753030005259223:
4202201240753060005264166:
4202201240753120006022158:
4202201240753150004967900:
4202201240753170004154153:
4202201240753190004160635:
4202201240753220009004051:
4202201240753240005006315:
4202201240753300009004051:
4202201240753340004935638:
4202201240753430005252355:
4202201240753460004927939:
4202201240753480008445656:
4202201240753500005272103:
4202201240753520005272194:
4202201240753540005272106:
4202201240753570004165528:
4202201240754000002854367:
4202201240754020005248881:
4202201240754040008495426:
4202201240754060005011155:
4202201240754070009346340:
4202201240754090004605843:
4202201240754100004963073:
4202201240754120004929419:
4202201240754130004155442:
4202201240754150008951535:
4202201240754170004989657:
4202201240754190000431430:
4202201240754220005248395:
4202201240754310004162428:
4202201240754330005263924:
4202201240754360004161989:
4202201240754380004163900:
4202201240754410003137754:
4202201240754420006016090:
4202201240754440008509836:
4202201240754460005263971:
4202201240754480005251356:
4202201240755000006015165:
4202201240755050004163905:
4202201240755100009324118:
4202201240755120008494427:
4202201240755140004927539:
4202201240755150006035802:
4202201240755170006036876:
4202201240755200005270174:
4202201240755230005252032:
4202201240755270005264521:
4202201240755290008982226:
4202201240755330009226821:
4202201240755400005252017:
4202201240755510004967114:
4202201240755530008501835:
4202201240755550004936058:
4202201240755560005252021:
4202201240755580004163931:
4202201240756000005249711:
4202201240756020006028797:
4202201240756030009342981:
4202201240756060008699709:
4202201240756080004932608:
4202201240756100004953437:
4202201240756120005263967:
4202201240756130005248394:
4202201240756150004162747:
4202201240756160005267481:
4202201240756180005004322:
4202201240756200008710875:
4202201240756220004968761:
4202201240756240008493340:
4202201240756260008511222:
4202201240756270005259965:
4202201240756290004163907:
4202201240756320005272116:
4202201240756360008932301:
4202201240756380009336959:
4202201240756390009326600:
4202201240756420005251017:
4202201240756460005266586:
4202201240756490004941228:
4202201240756520009252994:
4202201240756550009341511:
4202201240756580004957311:
4202201240757000005248457:
4202201240757010006028799:
4202201240757030005248602:
4202201240757040008499867:
4202201240757100008953914:
4202201240757150004927575:
4202201240757200005251022:
4202201240757230005249654:
4202201240757250004966591:
4202201240757360009346035:
4202201240757450004958669:
4202201240757470004991542:
4202201240757480009342143:
4202201240757510009344566:
4202201240757530009226817:
4202201240757550004165527:
4202201240757570004931038:
4202201240757590004948548:
4202201240758000009283323:
4202201240758060005252030:
4202201240758090008703693:
4202201240758110005250646:
4202201240758140004996986:
4202201240758160005258558:
4202201240758170005264383:
4202201240758190005008693:
4202201240758200007421210:
4202201240758220009226797:
4202201240758230004169060:
4202201240758250005258227:
4202201240758260005268443:
4202201240758280007401131:
4202201240758290007421743:
4202201240758310005268443:
4202201240758330005264311:
4202201240758350005264170:
4202201240758370008950600:
4202201240758390005267473:
4202201240758400008969522:
4202201240758420009246202:
4202201240758430009352010:
4202201240758450009327620:
4202201240758470005270181:
4202201240758490004924676:
4202201240758510008690203:
4202201240758520009234249:
4202201240758540005266257:
4202201240758550003916932:
4202201240758570008975519:
4202201240758580009324605:
4202201240759000004965343:
4202201240759020009341742:
4202201240759030008994766:
4202201240759050004961333:
4202201240759060008497935:
4202201240759080004162748:
4202201240759100004957855:
4202201240759110008506912:
4202201240759130004165756:
4202201240759150008494201:
4202201240759180000431385:
4202201240759200009351768:
4202201240759210007407459:
4202201240759230005265078:
4202201240759250004929713:
4202201240759270004972892:
4202201240759290004162744:
4202201240759300005252147:
4202201240759320004974727:
4202201240759330005263923:
4202201240759350004162748:
4202201240759370005251359:
4202201240759390005252722:
4202201240759520009339818:
4202201240759540008502693:
4202201240759570005267479:
4202201240759590005251016:
4202201240800000006039129:
4202201240800020009354581:
4202201240800050008512783:
4202201240800070005261506:
4202201240800090004951868:
4202201240800110005258556:
4202201240800130005012521:
4202201240800160009295454:
4202201240800210005012741:
4202201240800240004976407:
4202201240800270004936557:
4202201240800290004953650:
4202201240800310005258230:
4202201240800320005272917:
4202201240800370005261502:
4202201240800390004930576:
4202201240800420005005263:
4202201240800440005259968:
4202201240800480004160014:
4202201240800510004599513:
4202201240800530005248665:
4202201240800550004991528:
4202201240800570005005802:
4202201240800590008500493:
4202201240801000004953788:
4202201240801020005249559:
4202201240801030005261505:
4202201240801050004929270:
4202201240801060008975428:
4202201240801100004179142:
4202201240801140005254710:
4202201240801260004159573:
4202201240802040006036994:
4202201240802050009001152:
4202201240802070006036994:
4202201240802110008959701:
4202201240802230005265084:
4202201240802260005250643:
4202201240802300005248661:
4202201240802480009280051:
4202201240802510009274874:
4202201240802530004933960:
4202201240802580004930608:
4202201240802590004964545:
4202201240803130004599512:
4202201240803150005251556:
4202201240803170008978067:
4202201240803230005248459:
4202201240803380005248498:
4202201240803400005272291:
4202201240804270005252016:
4202201240804280005252028:
4202201240804410005010999:
4202201240805020004993409:
4202201240805240005254424:
4202201240806090008950352:
4202201240809460004160638:
4202201240810220006020192:
4202201240841500009305197:
4202201240844170006022420:
4202201240857120005248500:
4202201241118170008519041:
4202201241702400009253995:
4202201241715190004157829:
4202201241733530005270419:
4202201241759500008932301:
4202201241800130008950352:
4202201241900330005252032:
4202201241900470005268443:
4202201241901480004929270:
4202201241902160004967114:
4202201241902170008502693:
4202201241902290004990686:
4202201241902310004163900:
4202201241902340004154153:
4202201241902360005264170:
4202201241902500005007370:
4202201241903420005264521:
4202201241903580008701274:
4202201241905240004163905:
4202201241905290004952471:
4202201241907540009293535:
4202201241908020004948548:
4202201241908150005254710:
4202201241908430009346055:
4202201241909240005008693:
4202201241909260000431385:
4202201241910120009246202:
4202201241910140006041875:
4202201241902590005251359:
4202201241903390005249711:
4202201241959330008969522:
4202201241959380005248881:
4202201241959410005268164:
4202201241959430004163907:
4202201241959450005270169:
4202201241959460005272916:
4202201241959570004163907:
4202201242000000008968526:
4202201242000020005251021:
4202201242000040008934659:
4202201242000060005272226:
4202201242000080008950600:
4202201242000090004155434:
4202201242000110004162747:
4202201242000130008934659:
4202201242000240005248661:
4202201242000340004163931:
4202201242000400005248602:
4202201242000440004989259:
4202201242000460004165527:
4202201242000490005267481:
4202201242000510005267473:
4202201242000520002854367:
4202201242000550005248390:
4202201242000590004163931:
4202201242001030005272228:
4202201242001050008695597:
4202201242001150004932608:
4202201242001180004159570:
4202201242001200009004051:
4202201242001240009346035:
4202201242001260005251015:
4202201242001270009292038:
4202201242001310005272102:
4202201242001330005272106:
4202201242001350005011155:
4202201242001391513631101:
4202201242001440008975519:
4202201242001450005272106:
4202201242001500005264311:
4202201242001530007401131:
4202201242002030008504234:
4202201242002060004965343:
4202201242002090005272191:
4202201242002470008967361:
4202201242003270005270181:
4202201242004170004167713:
4202201242005370005252147:
4202201242005570008509836:
4202201242006030009322602:
4202201242006100005270720:
4202201242006570005251016:
4202201242007000004929713:
4202201242010350004162748:
4202201242010560004179142:
4202201242014320005259965:
4202201242014360009274874:
4202201242014390005259965:
4202201242039440006041103:
4202201242040340008519041:
4202201242116140005272108:
4202201242151030005254930:
4202201242151060004599513:
4202201242157060005251357:
4202201242158430005252030:
4202201242159030005004322:
4202201242159100008976381:
4202201242159120009354581:
4202201242159130005272194:
4202201242159150005258214:
4202201242159170009234457:
4202201242159180004165528:
4202201242159200005252722:
4202201242159220008962082:
4202201242159230005251557:
4202201242159240005252021:
4202201242159260008964432:
4202201242159270005259223:
4202201242159290005272104:
4202201242159310004596344:
4202201242159320005270416:
4202201242159340005248665:
4202201242159360005272913:
4202201242159370008967655:
4202201242159390006028799:
4202201242159400006036994:
4202201242159420005270416:
4202201242159440009326600:
4202201242159460005251561:
4202201242159480006028799:
4202201242159490009324629:
4202201242159510005272103:
4202201242159530005251561:
4202201242159540005248664:
4202201242159560004953788:
4202201242159570009226817:
4202201242159590008932440:
4202201242200000005251013:
4202201242200020004936557:
4202201242200030004162750:
4202201242200050005251013:
4202201242200060004996986:
4202201242200080008699709:
4202201242200090005271887:
4202201242200110005254539:
4202201242200120004154823:
4202201242200140008994766:
4202201242200160005272907:
4202201242200180004165522:
4202201242200210005249559:
4202201242200230005251353:
4202201242200250008494427:
4202201242200260004605852:
4202201242200280005258754:
4202201242200300008516772:
4202201242200320005006747:
4202201242200330005272909:
4202201242200340004952773:
4202201242200360009290264:
4202201242200370004163906:
4202201242200390009226797:
4202201242200400005257312:
4202201242200420004927539:
4202201242200430008500493:
4202201242200450009290264:
4202201242200460005267444:
4202201242200480005258754:
4202201242200490004599512:
4202201242200510004964407:
4202201242200520005262049:
4202201242200540005251020:
4202201242200550005267444:
4202201242200570005264171:
4202201242200590005262049:
4202201242201000005263924:
4202201242201020004974727:
4202201242201030008511222:
4202201242201050005267444:
4202201242201060005272187:
4202201242201080004968761:
4202201242201100005267444:
4202201242201120005272917:
4202201242201140005258230:
4202201242201150004605843:
4202201242201170005248501:
4202201242201180003916932:
4202201242201200008975428:
4202201242201210009305260:
4202201242201220005251556:
4202201242201240004931038:
4202201242201260006020192:
4202201242201270004161988:
4202201242201290005262067:
4202201242201320004957855:
4202201242201330008982226:
4202201242201350004162134:
4202201242201360004972892:
4202201242201380005265555:
4202201242201390005263971:
4202201242201410009352010:
4202201242201430005272315:
4202201242201450004165890:
4202201242201460005265555:
4202201242201480004159573:
4202201242201490004976589:
4202201242201510004965170:
4202201242201520008690234:
4202201242201540005257315:
4202201242201550005272117:
4202201242201570005264545:
4202201242201580009295454:
4202201242202000008953949:
4202201242202020005255674:
4202201242202050005251356:
4202201242202060009234240:
4202201242202080004941228:
4202201242202120001087543:
4202201242202240009226821:
4202201242202270003137754:
4202201242202320004165756:
4202201242202380006039497:
4202201242202470004933960:
4202201242202500004951868:
4202201242202560009230812:
4202201242203020005250927:
4202201242203090006036336:
4202201242203330005251562:
4202201242203360008984774:
4202201242205300005248395:
4202201242205410002851478:
4202201242205510008951535:
4202201242207090005264166:
4202201242208330007398203:
4202201242213580005249654:
4202201242206250000431430:
4202201242206330007407499:
4202201242206350005263923:
4202201242207170004968173:
4202201242258110005252028:
4202201242258590004929419:
4202201242259010005272195:
4202201242259020005251017:
4202201242259060005252017:
4202201242259070004966178:
4202201242259110008677903:
4202201242259150004936293:
4202201242259270004936688:
4202201242259290004953437:
4202201242259310009324118:
4202201242259330005248391:
4202201242300000009342997:
4202201242300050004935638:
4202201242300070009342997:
4202201242300110009253739:
4202201242300140009342997:
4202201242300150009301802:
4202201242300170009342997:
4202201242300190009295891:
4202201242300210009301802:
4202201242300230005266872:
4202201242300240004963073:
4202201242300260004155442:
4202201242300270004957311:
4202201242300300004969304:
4202201242300320009226433:
4202201242300340004941508:
4202201242300350005263919:
4202201242300370005005263:
4202201242300380009250787:
4202201242300400009346340:
4202201242300410005258488:
4202201242300460009354391:
4202201242300470009346340:
4202201242300490008512783:
4202201242300520009341511:
4202201242300530009296645:
4202201242300550009252994:
4202201242300570004927575:
4202201242300580009234249:
4202201242301040004993934:
4202201242301140009311280:
4202201242301170005248457:
4202201242301260009327620:
4202201242301280005266586:
4202201242301370008916557:
4202201242301540009344566:
4202201242301580006025823:
4202201242302030004974233:
4202201242302060004953650:
4202201242302110004164864:
4202201242303150004968208:
4202201242303180004964545:
4202201242303250008716113:
4202201242303390005258224:
4202201242305530005248394:
5202201240001130008497657:
5202201240730310008497657:
5202201240746410008517932:
5202201240757290009226440:
5202201240757310008706494:
5202201240757330005001068:
5202201240757350008702698:
5202201240758080008500312:
5202201240758230004963035:
5202201240758260007407459:
5202201240758290005258488:
5202201240758310005254540:
5202201240758430005268311:
5202201240758460008500113:
5202201240759050004969384:
5202201240759150005259619:
5202201240933310005251360:
5202201240938590005007161:
5202201241659380008494564:
5202201241702330004934727:
5202201241703340004180013:
5202201241705030009225481:
5202201241731050007410282:
5202201241840320004160016:
5202201241900410004987731:
5202201241901300005252358:
5202201241903230004946775:
5202201241904080004993674:
5202201241909380005254540:
5202201241942040008506632:
5202201241959140008499149:
5202201241959260008692117:
5202201242000200006018008:
5202201242000230009342954:
5202201242000250009324637:
5202201242000271513409863:
5202201242000290004991528:
5202201242000320006021994:
5202201242000400005005063:
5202201242000420004160017:
5202201242000460004926646:
5202201242000480005266258:
5202201242000500008691341:
5202201242000520004163899:
5202201242000550009327615:
5202201242000590009282114:
5202201242001210008950600:
5202201242001350006042277:
5202201242001400005248496:
5202201242002020008985007:
5202201242002050008964376:
5202201242002100005253081:
5202201242002370004961644:
5202201242003470008505663:
5202201242004060004167715:
5202201242004270005012521:
5202201242004510004164230:
5202201242004540009348543:
5202201242005110005264312:
5202201242005240004599827:
5202201242009490007404782:
5202201242041410005264720:
5202201242100060005258227:
5202201242101480004953953:
5202201242106200004967312:
5202201242106230005272192:
5202201242115480008493750:
5202201242152220009226392:
5202201242156210004605846:
5202201242156590004991241:
5202201242159070009339837:
5202201242159150008698044:
5202201242159330009297056:
5202201242159430006022855:
5202201242159460008696238:
5202201242159480005252030:
5202201242159500009292116:
5202201242159560005254423:
5202201242159580009343149:
5202201242200010008496367:
5202201242200030008709369:
5202201242200050003132773:
5202201242200060005009021:
5202201242200100008680900:
5202201242200110004968592:
5202201242200130008992214:
5202201242200150009286616:
5202201242200170008492410:
5202201242200190004990953:
5202201242200200008992214:
5202201242200220008496367:
5202201242200230008498021:
5202201242200250008497657:
5202201242200260005267443:
5202201242200270005249713:
5202201242200290005267443:
5202201242200310005261506:
5202201242200320005272104:
5202201242200340008949810:
5202201242200360005261501:
5202201242200370008499805:
5202201242200390005248665:
5202201242200400006033000:
5202201242200420006036994:
5202201242200430005267474:
5202201242200450008492776:
5202201242200470008506074:
5202201242200480009252946:
5202201242200500005263975:
5202201242200510004933902:
5202201242200530005272190:
5202201242200550006016276:
5202201242200560005248396:
5202201242200580008501795:
5202201242200590006016276:
5202201242201010008942591:
5202201242201020004961532:
5202201242201070008932440:
5202201242201090005261502:
5202201242201110004604852:
5202201242201120005267474:
5202201242201140005267056:
5202201242201150005248597:
5202201242201180006025807:
5202201242201190004936557:
5202201242201210008699992:
5202201242201230004927727:
5202201242201250005251361:
5202201242201270005264379:
5202201242201280005249559:
5202201242201300005264379:
5202201242201320005264383:
5202201242201330008692560:
5202201242201350005270006:
5202201242201370004961022:
5202201242201390004159579:
5202201242201410004599830:
5202201242201420004932392:
5202201242201440008923736:
5202201242201450004602281:
5202201242201470004165524:
5202201242201480009339834:
5202201242201500008992097:
5202201242201520008511510:
5202201242201530006033720:
5202201242201560005263969:
5202201242201580005001068:
5202201242202000005255628:
5202201242202030004938202:
5202201242202050008967632:
5202201242202070008494613:
5202201242202080005267479:
5202201242202100005258756:
5202201242202120008508757:
5202201242202140005262500:
5202201242202150005251556:
5202201242202170008703693:
5202201242202200005268167:
5202201242202220004979341:
5202201242202240008695905:
5202201242202260005270075:
5202201242202280005252073:
5202201242202300009278808:
5202201242202310005252073:
5202201242202330005258230:
5202201242202340004931038:
5202201242202360004936685:
5202201242202390007412611:
5202201242202410008690234:
5202201242202480005265555:
5202201242202520005272917:
5202201242202540004958069:
5202201242203020005005468:
5202201242203040004165890:
5202201242203060004159573:
5202201242203080003916932:
5202201242203110004964878:
5202201242203130008497935:
5202201242203150009240533:
5202201242203160006018006:
5202201242203550004931257:
5202201242203570004989670:
5202201242203580005271892:
5202201242204030005250567:
5202201242204060008714113:
5202201242206200008949582:
5202201242214310005249654:
5202201242214460007402482:
5202201242259250006016090:
5202201242259440004981546:
5202201242259460004929419:
5202201242300020008695330:
5202201242300040005264374:
5202201242300070006016090:
5202201242300080008506766:
5202201242300190005252017:
5202201242300210007407459:
5202201242300220005249560:
5202201242300240005248502:
5202201242301130009253739:
5202201242301160004963073:
5202201242301170005266872:
5202201242301190009254908:
5202201242301200008431645:
5202201242301220004935638:
5202201242301290004941508:
5202201242302020005248880:
5202201242302050005258216:
5202201242302270008708048:
5202201242306490005248394:
5202201242311060009241075:
6202201240053370009305197:
6202201240300260005257618:
6202201240300470005262497:
6202201240300500005007161:
6202201240301140008494964:
6202201240725560005265079:
6202201240730090007404782:
6202201240733350004951327:
6202201240737000004953182:
6202201240738400005270983:
6202201240739550005257617:
6202201240740280004165521:
6202201240741260008976381:
6202201240741290004961022:
6202201240741310008976381:
6202201240741330004961022:
6202201240743040008953949:
6202201240743230008933970:
6202201240743270005268995:
6202201240743410005249706:
6202201240743490004946192:
6202201240744020005270716:
6202201240744230004968173:
6202201240744320004168208:
6202201240745070005254929:
6202201240745140004160017:
6202201240745170005254929:
6202201240746090004596348:
6202201240746400005272915:
6202201240746440004961644:
6202201240747160005270416:
6202201240748060008517056:
6202201240748210008960178:
6202201240748240004158136:
6202201240748270005251561:
6202201240748290005262500:
6202201240748330004928640:
6202201240748360008972647:
6202201240749000008978489:
6202201240749020005249560:
6202201240749130004949140:
6202201240749160005272189:
6202201240749190009252946:
6202201240749220005273379:
6202201240749240008508441:
6202201240749270009234458:
6202201240749410004167715:
6202201240749430005006747:
6202201240749510004596346:
6202201240749540005252148:
6202201240749590004998074:
6202201240750040004967296:
6202201240750060004990979:
6202201240750090008708048:
6202201240750130004159576:
6202201240750150009339225:
6202201240750170008999199:
6202201240750200004604852:
6202201240750250005267345:
6202201240750280004596345:
6202201240750360005257310:
6202201240750490004605849:
6202201240751060004163902:
6202201240751080008992097:
6202201240751100005262499:
6202201240751140008683421:
6202201240751180008690234:
6202201240751210005258757:
6202201240751240004965866:
6202201240751280004926646:
6202201240751350005248390:
6202201240751470005263969:
6202201240752070008945301:
6202201240752100004144913:
6202201240752150005012405:
6202201240752180004162431:
6202201240752250005006315:
6202201240752280005263977:
6202201240752320004981546:
6202201240752370004164229:
6202201240752440005005468:
6202201240752470005258213:
6202201240752500008499805:
6202201240752520005252073:
6202201240752540007418333:
6202201240752580005272099:
6202201240753010008942591:
6202201240753040005270173:
6202201240753050000431430:
6202201240753070005248499:
6202201240753100004160313:
6202201240753120004976000:
6202201240753140004976589:
6202201240753160005272228:
6202201240753180006039510:
6202201240753200005258224:
6202201240753220005249712:
6202201240753250005268447:
6202201240753310008492776:
6202201240753430004167851:
6202201240753450005273377:
6202201240753480005254707:
6202201240753500004168205:
6202201240753540005262094:
6202201240753560005257316:
6202201240753560009286387:
6202201240753590005248391:
6202201240754040009233704:
6202201240754060004949437:
6202201240754090009233704:
6202201240754100008977075:
6202201240754120005272907:
6202201240754160004154823:
6202201240754180005270415:
6202201240754230009000149:
6202201240754270005248664:
6202201240754300004993934:
6202201240754310004159578:
6202201240754330005258559:
6202201240754340005264312:
6202201240754370004938202:
6202201240754390005268451:
6202201240754430005248501:
6202201240754450009342978:
6202201240754480008949810:
6202201240754530005254712:
6202201240754550005262498:
6202201240754570005268314:
6202201240755000004932392:
6202201240755020005251019:
6202201240755050005273380:
6202201240755070005248396:
6202201240755090005251021:
6202201240755120008959695:
6202201240755140007412611:
6202201240755180008508290:
6202201240755190007412611:
6202201240755210005254539:
6202201240755230008707911:
6202201240755240001087528:
6202201240755260005268686:
6202201240755270005248880:
6202201240755300004952169:
6202201240755310005253081:
6202201240755330004163930:
6202201240755360006016276:
6202201240755390004987025:
6202201240755400005273378:
6202201240755420004167713:
6202201240755470005257314:
6202201240755500005248389:
6202201240755530006018008:
6202201240755540009324879:
6202201240755560005264728:
6202201240755580004975690:
6202201240755590005270075:
6202201240756010004996481:
6202201240756030005268167:
6202201240756060005267056:
6202201240756100008506766:
6202201240756120008679943:
6202201240756170006037924:
6202201240756190005271893:
6202201240756210005248502:
6202201240756230008689944:
6202201240756240004965031:
6202201240756260004167711:
6202201240756270004962579:
6202201240756290005262051:
6202201240756300008699992:
6202201240756320005262048:
6202201240756340005248878:
6202201240756370004987731:
6202201240756380005270168:
6202201240756400004162750:
6202201240756410008693920:
6202201240756430004987731:
6202201240756440008709488:
6202201240756470009324637:
6202201240756480006030480:
6202201240756500008431645:
6202201240756510005008358:
6202201240756530004989794:
6202201240756550004922029:
6202201240757000005272117:
6202201240757020005272112:
6202201240757040005261578:
6202201240757050004165527:
6202201240757070003137991:
6202201240757080006021994:
6202201240757100009348776:
6202201240757110005270004:
6202201240757140004928175:
6202201240757150008507829:
6202201240757170008497774:
6202201240757180009254908:
6202201240757200004968100:
6202201240757210008986193:
6202201240757230004936685:
6202201240757250005272290:
6202201240757260005261060:
6202201240757280008986212:
6202201240757290000424146:
6202201240757310005258225:
6202201240757320004155434:
6202201240757340009275492:
6202201240757360005264378:
6202201240757380008976472:
6202201240757400005252357:
6202201240757410004167844:
6202201240757440005266258:
6202201240757460004990111:
6202201240757490008965750:
6202201240757510004949598:
6202201240757531513409863:
6202201240757570004163933:
6202201240757590008494613:
6202201240758010008693892:
6202201240758020009278808:
6202201240758040005267476:
6202201240758050005264379:
6202201240758070006041721:
6202201240758090004974233:
6202201240758100004165890:
6202201240758120005264379:
6202201240758130008506074:
6202201240758140006015460:
6202201240758160004164224:
6202201240758170009278808:
6202201240758190004159579:
6202201240758200004969598:
6202201240758220005250571:
6202201240758230005251361:
6202201240758250008695905:
6202201240758270004599830:
6202201240758280009335539:
6202201240758300009230812:
6202201240758310006025807:
6202201240758330008695905:
6202201240758350009292116:
6202201240758360008944254:
6202201240758380004961532:
6202201240758400005251361:
6202201240758420005252027:
6202201240758430004966362:
6202201240758440005272292:
6202201240758460005254706:
6202201240758480008923736:
6202201240758490006018006:
6202201240758510005263968:
6202201240758520004967379:
6202201240758540009342997:
6202201240758550004964878:
6202201240758570004952471:
6202201240758590005267482:
6202201240759000005270006:
6202201240759020001114611:
6202201240759050004605852:
6202201240759060008512859:
6202201240759080008501795:
6202201240759090005253082:
6202201240759110005272195:
6202201240759120005258756:
6202201240759140005264376:
6202201240759160003126147:
6202201240759180005264376:
6202201240759190005263444:
6202201240759230008511510:
6202201240759240004602281:
6202201240759250005263444:
6202201240759270005259967:
6202201240759290005267751:
6202201240759300008516772:
6202201240759320004602281:
6202201240759330009281928:
6202201240759350005259967:
6202201240759360004989524:
6202201240759380009354582:
6202201240759400008499471:
6202201240759410005258560:
6202201240759430004976407:
6202201240759440004989524:
6202201240759460009354582:
6202201240759470004948585:
6202201240759490005005063:
6202201240759500008968526:
6202201240759510005272115:
6202201240759530008697764:
6202201240759540005248596:
6202201240759560005265558:
6202201240759570003132773:
6202201240759590005263970:
6202201240800000005265558:
6202201240800020008499149:
6202201240800040008698315:
6202201240800050004994575:
6202201240800070008968526:
6202201240800080004162743:
6202201240800100008709393:
6202201240800110008492480:
6202201240800130005258560:
6202201240800140009346055:
6202201240800170008984912:
6202201240800180008495468:
6202201240800200009282114:
6202201240800210004045200:
6202201240800230004167842:
6202201240800240009234480:
6202201240800270004178213:
6202201240800290008967730:
6202201240800300004178213:
6202201240800310009240533:
6202201240800330008696238:
6202201240800350009286616:
6202201240800360008692560:
6202201240800380005273381:
6202201240800390009252970:
6202201240800410004929016:
6202201240800420005254716:
6202201240800440008692560:
6202201240800450009232653:
6202201240800470005263716:
6202201240800490009348748:
6202201240800500005248458:
6202201240800520005265555:
6202201240800530004937089:
6202201240800550004966490:
6202201240800560005009021:
6202201240800580004951489:
6202201240800590005264543:
6202201240801010005008846:
6202201240801030004599832:
6202201240801050005008846:
6202201240801070004982114:
6202201240801080004966750:
6202201240801110005249708:
6202201240801140004933902:
6202201240801150006033720:
6202201240801170004599827:
6202201240801190008499556:
6202201240801200004599827:
6202201240801220004937930:
6202201240801230008502189:
6202201240801250005258221:
6202201240801280004989670:
6202201240801300004931257:
6202201240801310005250645:
6202201240801330004980976:
6202201240801350004968886:
6202201240801370008688253:
6202201240801400005264375:
6202201240801440005263920:
6202201240801460008985007:
6202201240801480008696388:
6202201240801500008695330:
6202201240801510004968472:
6202201240801530006024859:
6202201240801540009339144:
6202201240801560005249713:
6202201240801580009322590:
6202201240801590004990953:
6202201240802010009339837:
6202201240802040004164230:
6202201240802070004940881:
6202201240802140004928581:
6202201240802210004929645:
6202201240802280005272909:
6202201240802330005258754:
6202201240802350005255416:
6202201240802370005261504:
6202201240802450009339211:
6202201240802470005006239:
6202201240802490009325535:
6202201240803020005268450:
6202201240803080005257616:
6202201240803190004604856:
6202201240803210009339834:
6202201240803240004951477:
6202201240803370008508757:
6202201240804080009336990:
6202201240804250005272104:
6202201240804280004167849:
6202201240804320004596350:
6202201240804410005255626:
6202201240804430004936854:
6202201240804530009233697:
6202201240804560004993595:
6202201240805070004161988:
6202201240805210005263715:
6202201240805360009287614:
6202201240806280004927727:
6202201240806400004958069:
6202201240806410005272108:
6202201240807070005251357:
6202201240807150004989820:
6202201240808460004948881:
6202201240809540008949582:
6202201240811120004923771:
6202201240822570004921785:
6202201240833250005259620:
6202201240857020009310727:
6202201240903210005248393:
6202201240903260005262496:
6202201240906200005266099:
6202201240911440005269841:
6202201240912430004988079:
6202201241659490008945301:
6202201241659550005269841:
6202201241701490009342978:
6202201241703150004968194:
6202201241705520005250643:
6202201241707050004994575:
6202201241800220008502189:
6202201241801390004160011:
6202201241851280009310727:
6202201241851330009298073:
6202201241900200004987731:
6202201241900430004988205:
6202201241901080005251563:
6202201241901440008689944:
6202201241903040005272116:
6202201241909120005254540:
6202201241909130005272099:
6202201241916300005248393:
6202201241926460006022420:
6202201241932300004921785:
6202201241932490008504041:
6202201241954360004955828:
6202201241959240005270174:
6202201241959270005248878:
6202201242000000004165755:
6202201242000020005270173:
6202201242000040008976472:
6202201242000060004989524:
6202201242000070004163930:
6202201242000090008978489:
6202201242000100005005063:
6202201242000120006021994:
6202201242000140005268450:
6202201242000150005270415:
6202201242000170009233704:
6202201242000180004160017:
6202201242000200009324879:
6202201242000210005252357:
6202201242000210005262498:
6202201242000240009233695:
6202201242000250004162431:
6202201242000280004962579:
6202201242000290004926646:
6202201242000310005266258:
6202201242000320005006528:
6202201242000340004933136:
6202201242000350008984912:
6202201242000350009282114:
6202201242000380008497774:
6202201242000400004161986:
6202201242000420005264728:
6202201242000430005254716:
6202201242000450008710875:
6202201242000460009348776:
6202201242000480008977075:
6202201242000500001087528:
6202201242000520005270004:
6202201242001010008942699:
6202201242001060004167849:
6202201242001110004159578:
6202201242001130004998074:
6202201242001150004162743:
6202201242001170005264727:
6202201242001210005248496:
6202201242001230004167715:
6202201242001250004990979:
6202201242001260008964376:
6202201242001270008985007:
6202201242001290008680280:
6202201242001310005268446:
6202201242001330004968544:
6202201242001350005252149:
6202201242001370005272908:
6202201242001400005253081:
6202201242001420005268995:
6202201242001440005272292:
6202201242001460008933970:
6202201242001480005263967:
6202201242001500009335539:
6202201242001530005270417:
6202201242001560005262048:
6202201242001580004965754:
6202201242002000004167844:
6202201242002020008497634:
6202201242002040008965750:
6202201242002050004976407:
6202201242002070004165521:
6202201242002120004928175:
6202201242002160004948585:
6202201242002170004961644:
6202201242002190004976000:
6202201242002200005267751:
6202201242002220005264378:
6202201242002230001114611:
6202201242002250004967296:
6202201242002270009232653:
6202201242002290009226447:
6202201242002310004966750:
6202201242002330005252148:
6202201242002360005253082:
6202201242002380005249720:
6202201242002400005264164:
6202201242002430006037924:
6202201242002460004596348:
6202201242002480004965031:
6202201242002510004949598:
6202201242002590004987025:
6202201242003010005263715:
6202201242003050005267482:
6202201242003090005263968:
6202201242003340004158136:
6202201242003440005272115:
6202201242003460004159576:
6202201242003470005263970:
6202201242004220004968100:
6202201242004310004164230:
6202201242004350009348543:
6202201242004490005264312:
6202201242004590004599827:
6202201242005360005264376:
6202201242005520008517056:
6202201242005560005273380:
6202201242006220005265079:
6202201242006330005254536:
6202201242006340005270716:
6202201242006470008992134:
6202201242006490008492480:
6202201242006510004990111:
6202201242006530005258556:
6202201242007050004937089:
6202201242007500004993409:
6202201242009310007404782:
6202201242011030004168208:
6202201242011070005266257:
6202201242011360004929016:
6202201242013180005262499:
6202201242013590008688253:
6202201242014420004951477:
6202201242011140007421210:
6202201242014200008703345:
6202201242006490005261061:
6202201242012310007407502:
6202201242012460004992307:
6202201242017310004923771:
6202201242017320008500401:
6202201242100020004923159:
6202201242100050006014349:
6202201242103100005249708:
6202201242107130004989820:
6202201242109270005257316:
6202201242107450005259620:
6202201242109190004975841:
6202201242111520004967312:
6202201242111570005272109:
6202201242156400004991241:
6202201242157130004928581:
6202201242158080006028797:
6202201242158450009339837:
6202201242158490004948881:
6202201242158540004965866:
6202201242159000009346020:
6202201242159240008696238:
6202201242159260009292116:
6202201242159420005273381:
6202201242159550008702698:
6202201242159590005254712:
6202201242200020005265083:
6202201242200040004167846:
6202201242200050005265083:
6202201242200070005006239:
6202201242200080004933902:
6202201242200100004167846:
6202201242200110005256125:
6202201242200130005006239:
6202201242200150004952169:
6202201242200150006025807:
6202201242200180005263444:
6202201242200190004933902:
6202201242200210008492776:
6202201242200230004144913:
6202201242200250005248396:
6202201242200260004961532:
6202201242200280004952169:
6202201242200290008942591:
6202201242200310005249706:
6202201242200320004952169:
6202201242200340004961532:
6202201242200350008960178:
6202201242200370005268686:
6202201242200390004953182:
6202201242200400005251361:
6202201242200420004159579:
6202201242200430008508290:
6202201242200450008992097:
6202201242200460004159579:
6202201242200480004604852:
6202201242200490005266099:
6202201242200510004599830:
6202201242200520005267056:
6202201242200540005266099:
6202201242200550005270006:
6202201242200570008923736:
6202201242200580004599830:
6202201242201010005273787:
6202201242201020004961022:
6202201242201040004932392:
6202201242201050009288913:
6202201242201060008692560:
6202201242201080004961022:
6202201242201090005254707:
6202201242201120004164226:
6202201242201140005257616:
6202201242201160005265082:
6202201242201170009325535:
6202201242201190008511510:
6202201242201200006033720:
6202201242201220005268451:
6202201242201250005258757:
6202201242201270005263969:
6202201242201280008511510:
6202201242201300005268451:
6202201242201310008683421:
6202201242201330008697764:
6202201242201340008967632:
6202201242201350004938202:
6202201242201370008686117:
6202201242201390005255628:
6202201242201400005262500:
6202201242201420009278808:
6202201242201430008494613:
6202201242201450005264543:
6202201242201460005258756:
6202201242201480005273379:
6202201242201490005251019:
6202201242201510005248499:
6202201242201530005012405:
6202201242201540008508757:
6202201242201560004178213:
6202201242201580005250645:
6202201242202010004922029:
6202201242202020005261578:
6202201242202030008695905:
6202201242202050004596346:
6202201242202070004922029:
6202201242202080005252073:
6202201242202100005254929:
6202201242202110004994314:
6202201242202130004946192:
6202201242202140005272290:
6202201242202160005254929:
6202201242202170004975690:
6202201242202190004168205:
6202201242202200004936685:
6202201242202220007412611:
6202201242202240008959695:
6202201242202250008506597:
6202201242202300004958069:
6202201242202310004976589:
6202201242202330009343593:
6202201242202350008510378:
6202201242202360005005468:
6202201242202380008497935:
6202201242202390006022160:
6202201242202410006018006:
6202201242202430004964878:
6202201242202440009240533:
6202201242202460004964878:
6202201242202470005272117:
6202201242202490008512859:
6202201242202500009287614:
6202201242202530005273378:
6202201242202550007419049:
6202201242203090005272915:
6202201242203100004931257:
6202201242203130005258560:
6202201242203170004163902:
6202201242203190005272915:
6202201242203210006039510:
6202201242203230004968886:
6202201242203250004967379:
6202201242203270004989670:
6202201242203290004927029:
6202201242203310005273377:
6202201242203330004167851:
6202201242203390005271892:
6202201242203430004986846:
6202201242203530005259622:
6202201242204030007421743:
6202201242204060004165753:
6202201242204220008984829:
6202201242204230009339225:
6202201242204250005264380:
6202201242204270004605851:
6202201242204280005268447:
6202201242204300004596345:
6202201242204320004605849:
6202201242204480005267345:
6202201242204500004596350:
6202201242205040009308083:
6202201242205330005262051:
6202201242205440008972647:
6202201242205480005257310:
6202201242206080005248395:
6202201242206380006036876:
6202201242206410008698315:
6202201242206570008707911:
6202201242207310004965502:
6202201242208190008967730:
6202201242208250005264381:
6202201242208270004599832:
6202201242209340007398203:
6202201242211140005007161:
6202201242211210008999199:
6202201242212350004951327:
6202201242214220005249654:
6202201242206300005264373:
6202201242208050004968173:
6202201242211470006017488:
6202201242249190005248504:
6202201242258440004981546:
6202201242258530004936854:
6202201242259460009286387:
6202201242259490005249712:
6202201242300010007407459:
6202201242300040006023662:
6202201242300050005249560:
6202201242300070006023662:
6202201242300080007402498:
6202201242300110005001262:
6202201242300200006015460:
6202201242300230005252027:
6202201242300250008507829:
6202201242300260009339817:
6202201242300280005255416:
6202201242300320005258213:
6202201242300400004949140:
6202201242300420005254706:
6202201242300440005006315:
6202201242300480009336990:
6202201242300530009254908:
6202201242300550008431645:
6202201242300580008697063:
6202201242301030004141622:
6202201242301060004167711:
6202201242301080004989794:
6202201242301100004923617:
6202201242301230005248880:
6202201242301240005263919:
6202201242301260004966490:
6202201242301280005248880:
6202201242301310004961333:
6202201242301340009000149:
6202201242301470008986193:
6202201242301500005258216:
6202201242301530005259967:
6202201242302130008708048:
6202201242302290008916557:
6202201242303250006030480:
6202201242303270009339144:
6202201242304080004162742:
6202201242304170005258224:
6202201242307190009339211:
6202201242359230004989365:
8202201240743410009305260:
8202201240747130008916557:
8202201240749120004159570:
8202201240749380005264545:
8202201240750070005264382:
8202201240750210008504234:
8202201240750330005250927:
8202201240750360004596344:
8202201240750370005251015:
8202201240750550004965170:
8202201240750570009311280:
8202201240751010004989259:
8202201240751110008496149:
8202201240751450005257315:
8202201240751530009236868:
8202201240752030008511681:
8202201240752200009324629:
8202201240752310009273291:
8202201240752370004981013:
8202201240752430008690224:
8202201240752510005270720:
8202201240753000009250787:
8202201240753080001087543:
8202201240753200007407499:
8202201240753220005264166:
8202201240753260004967900:
8202201240753350006022158:
8202201240753410004154153:
8202201240753470004163904:
8202201240754080008445656:
8202201240754110005272103:
8202201240754180008500626:
8202201240754210002854367:
8202201240754230009346340:
8202201240754250009296645:
8202201240754270005011155:
8202201240754290004605843:
8202201240754300004963073:
8202201240754320004929419:
8202201240754330008951535:
8202201240754370005258224:
8202201240754390004989657:
8202201240754540005263924:
8202201240754560004161989:
8202201240754590004162428:
8202201240755000004163900:
8202201240755060008509836:
8202201240755100005263971:
8202201240755120005251356:
8202201240755160006015165:
8202201240755320009324118:
8202201240755360004927539:
8202201240755450005264521:
8202201240755500008982226:
8202201240756040005252017:
8202201240756110004967114:
8202201240756160003126360:
8202201240756180005252021:
8202201240756200005249711:
8202201240756220005001262:
8202201240756240004932608:
8202201240756390008695597:
8202201240756420004953437:
8202201240756430008710875:
8202201240756450005248394:
8202201240756470004968761:
8202201240756490008511222:
8202201240756510005272116:
8202201240756530005259965:
8202201240756550008493340:
8202201240757000004941228:
8202201240757020005266586:
8202201240757060009336959:
8202201240757090009252994:
8202201240757130005251017:
8202201240757140004957311:
8202201240757170009341511:
8202201240757190005248457:
8202201240757200005248602:
8202201240757220006028799:
8202201240757260008499867:
8202201240757310004927575:
8202201240758150004991542:
8202201240758160004931038:
8202201240758410005008693:
8202201240758460004948548:
8202201240759020005264311:
8202201240759110009246202:
8202201240759120004924676:
8202201240759150005270181:
8202201240759160009234249:
8202201240759180005266257:
8202201240759210004965343:
8202201240759300004165756:
8202201240759320009292038:
8202201240759450005265078:
8202201240759480004974727:
8202201240759510004929713:
8202201240759530005263923:
8202201240800180008502693:
8202201240800200005251016:
8202201240800220005267479:
8202201240800320004951868:
8202201240800480004953650:
8202201240800500005012741:
8202201240801010005005263:
8202201240801350005254710:
8202201240803040009280051:
8202201240803110009300590:
8202201240803290005251556:
8202201240803310008978067:
8202201240804430005252028:
8202201240804480005252016:
8202201240810310006020192:
8202201241800350004927939:
8202201241800480005005802:
8202201241900230005268443:
8202201241901080008495426:
8202201241901100005248459:
8202201241901120004929270:
8202201241901450008502693:
8202201241901490004967114:
8202201241902020004154153:
8202201241902060004990686:
8202201241902090003126360:
8202201241902100004163900:
8202201241902120005264170:
8202201241902300005007370:
8202201241903230004163904:
8202201241903280005264521:
8202201241905080004952471:
8202201241907270004948548:
8202201241907580005254710:
8202201241908210009346055:
8202201241909000000431385:
8202201241909020005008693:
8202201241909530009246202:
8202201241909540006041875:
8202201241913150005249711:
8202201242000010009336959:
8202201242000030009306586:
8202201242000040005263972:
8202201242000050005248602:
8202201242000080008942569:
8202201242000170002854367:
8202201242000200004989259:
8202201242000220005251560:
8202201242000230004974136:
8202201242000290008506912:
8202201242000310009292038:
8202201242000470004045200:
8202201242000490005251015:
8202201242000540004932608:
8202201242001020005011155:
8202201242001250005264311:
8202201242001270008959701:
8202201242001390008504234:
8202201242001420004965343:
8202201242001440006028957:
8202201242002220008500626:
8202201242002250004162160:
8202201242003020005270181:
8202201242003220009283323:
8202201242004150004981013:
8202201242005430008509836:
8202201242005480005270720:
8202201242006360005251016:
8202201242006400004929713:
8202201242013590005259965:
8202201242014360008499471:
8202201242158370009326600:
8202201242158420009234457:
8202201242158480004161989:
8202201242158500005252021:
8202201242158570004596344:
8202201242159010006036994:
8202201242159030006028799:
8202201242159040005272103:
8202201242159060009324629:
8202201242159080006035802:
8202201242159100008690224:
8202201242159110004154147:
8202201242159130009226817:
8202201242159140004936058:
8202201242159180008493340:
8202201242159200004936058:
8202201242159210008493340:
8202201242200010009342981:
8202201242200040008690203:
8202201242200050009226797:
8202201242200070008500493:
8202201242200090009290264:
8202201242200100004927539:
8202201242200120009273291:
8202201242200140009341742:
8202201242200170005263924:
8202201242200190004964407:
8202201242200210004599512:
8202201242200220009339821:
8202201242200240005251020:
8202201242200260004974727:
8202201242200270009280051:
8202201242200290005264171:
8202201242200310008511222:
8202201242200320005272187:
8202201242200340008445656:
8202201242200360004968761:
8202201242200380008501835:
8202201242200390005261505:
8202201242200410009305260:
8202201242200430004605843:
8202201242200440008975428:
8202201242200460006030145:
8202201242200480009352010:
8202201242200490004931038:
8202201242200510006020192:
8202201242200520005251556:
8202201242200540005270075:
8202201242200550004957855:
8202201242200570009324605:
8202201242200590008496149:
8202201242201000008982226:
8202201242201020005265084:
8202201242201040008978067:
8202201242201050004972892:
8202201242201070003126147:
8202201242201080005263971:
8202201242201100004965170:
8202201242201110005272315:
8202201242201130009339818:
8202201242201150005257315:
8202201242201170004988966:
8202201242201180005264545:
8202201242201200008511681:
8202201242201220005248498:
8202201242201250005270418:
8202201242201270004169060:
8202201242201290009295454:
8202201242201310005270771:
8202201242201330005255674:
8202201242201360005251356:
8202201242201380004162428:
8202201242201390009234240:
8202201242201460006015165:
8202201242201480004941228:
8202201242201500001087543:
8202201242202030009226821:
8202201242202060003137754:
8202201242202100004165756:
8202201242202130005259968:
8202201242202300004951868:
8202201242202360009230812:
8202201242202380005250927:
8202201242202490006036336:
8202201242205320008951535:
8202201242206520005264166:
8202201242216050007407499:
8202201242216090005263923:
8202201242216470000431430:
8202201242216520004968173:
8202201242229340004958669:
8202201242235530004991542:
8202201242237020005004848:
8202201242257460004160635:
8202201242257540005252028:
8202201242300000004957311:
8202201242300000004963073:
8202201242300030009226433:
8202201242300040004969304:
8202201242300060004155442:
8202201242300080009346340:
8202201242300100005005263:
8202201242300120009250787:
8202201242300140005258488:
8202201242300160008499867:
8202201242300180009354391:
8202201242300200009296645:
8202201242300210008512783:
8202201242300250009342143:
8202201242300260009341511:
8202201242300280009252994:
8202201242300290004927575:
8202201242300310009234249:
8202201242300330005265078:
8202201242300340005010999:
8202201242300360004993934:
8202201242300390009311280:
8202201242300400005248457:
8202201242300590009327620:
8202201242301000005266586:
8202201242301040008709393:
8202201242301230004164864:
8202201242301270004974233:
8202201242301330004953650:
8202201242301510005254424:
8202201242302380004968208:
8202201242302400008716113:
8202201242305370005248394:
