2202201210115090004162135:
2202201210115110005259620:
2202201210115170008949582:
2202201210116100008978167:
2202201210305130009326612:
2202201210358400009340824:
2202201210358430004968004:
2202201210359450005249710:
2202201210359540005271890:
2202201210400090004940674:
2202201210400130004961221:
2202201210400150004940674:
2202201210400220005259619:
2202201210400240004964719:
2202201210400280004969726:
2202201210400370004160640:
2202201210400400004992723:
2202201210400440004932359:
2202201210400460008951519:
2202201210400480004997873:
2202201210400510006030142:
2202201210400550005248386:
2202201210400570008718216:
2202201210400590004992022:
2202201210401010005005056:
2202201210401070004950937:
2202201210401090005005056:
2202201210401120009282809:
2202201210401200004950845:
2202201210401260006032924:
2202201210401310005255627:
2202201210401340009305457:
2202201210401360005266259:
2202201210401390005272316:
2202201210401510009226412:
2202201210402120004961404:
2202201210459130009294273:
2202201210459180004972420:
2202201210512000004966050:
2202201210512020008508219:
2202201210512060009300596:
2202201210512230007398914:
2202201210756000009341030:
2202201210756030004966761:
2202201210756240009252984:
2202201210756290004960782:
2202201210756330008496310:
2202201210756360009230754:
2202201210756460005249645:
2202201210756500004980727:
2202201210756530008493286:
2202201210756560009330833:
2202201210757140005262555:
2202201210757170008697836:
2202201210757580008706494:
2202201210758280004167848:
2202201210758300009226826:
2202201210758380004931193:
2202201210758400004160311:
2202201210758560004959001:
2202201210759290006029988:
2202201210759310004162433:
2202201210759560008510090:
2202201210802430009326612:
2202201210803190008702320:
2202201210803220006041715:
2202201210803440001083110:
2202201210803460004168207:
2202201210804230006036993:
2202201210806380008495616:
2202201210807350008500312:
2202201210812450009342183:
2202201210903070007410282:
2202201210920370004967590:
2202201211011230002851465:
2202201211040090007398914:
2202201211304350009300596:
2202201211606480008516236:
2202201211601170004967590:
2202201211659090001083110:
2202201211659120004967073:
2202201211659140003920040:
2202201211659170004167842:
2202201211659250004941773:
2202201211659290003920040:
2202201211659320005268448:
2202201211659340004167842:
2202201211659360008692450:
2202201211659380003920040:
2202201211659410004941773:
2202201211659430008692450:
2202201211659450008493750:
2202201211659470004966418:
2202201211659480004164223:
2202201211659500005249645:
2202201211659520008493750:
2202201211659540007402194:
2202201211659560004951489:
2202201211700000004924182:
2202201211700030004180013:
2202201211700050004967073:
2202201211700070004921536:
2202201211700090004959001:
2202201211700100008494564:
2202201211700120008500184:
2202201211700140009226826:
2202201211700150004975166:
2202201211700180009346362:
2202201211700200004975166:
2202201211700220004927329:
2202201211700250007402500:
2202201211700260009330833:
2202201211700280005248392:
2202201211700300004935186:
2202201211700320004163901:
2202201211700350004164227:
2202201211700360004966761:
2202201211700390006041715:
2202201211700410004989528:
2202201211700440005004855:
2202201211700460008496310:
2202201211700470004960782:
2202201211700500004961787:
2202201211700530008496310:
2202201211700560004961787:
2202201211700580006029988:
2202201211700590004960782:
2202201211701010009230754:
2202201211701020005254709:
2202201211701040004987744:
2202201211701050009321334:
2202201211701070008694659:
2202201211701080009230754:
2202201211701100004159572:
2202201211701110006025812:
2202201211701150005258489:
2202201211701160008500312:
2202201211701180008500184:
2202201211701190004160311:
2202201211701230004981830:
2202201211701250005262050:
2202201211701310009321334:
2202201211701330005262050:
2202201211701350004995938:
2202201211701390005258530:
2202201211701420005264310:
2202201211701440008503171:
2202201211701460005268311:
2202201211701500008517932:
2202201211701550004967416:
2202201211701580009296798:
2202201211702030004972171:
2202201211702050005270002:
2202201211702070004937390:
2202201211702100006022855:
2202201211702130009297056:
2202201211702150004966986:
2202201211702170007410282:
2202201211702200009280491:
2202201211702240004924019:
2202201211702270004155440:
2202201211702290004998138:
2202201211702310005270773:
2202201211702340004975531:
2202201211702490004934727:
2202201211703020009354401:
2202201211703040004994074:
2202201211703080009346707:
2202201211703130008500113:
2202201211703150009341030:
2202201211703240009252984:
2202201211704090005272371:
2202201211707240004933649:
2202201211707290008706494:
2202201211707340004168207:
2202201211709550008503915:
2202201211709390004943327:
2202201211709440009324076:
2202201211701520009326612:
2202201211800270009342959:
2202201211800400008702320:
2202201211800440008493286:
2202201211800470009342959:
2202201211800500008676811:
2202201211800560004162433:
2202201211801000008510090:
2202201211801040004160018:
2202201211801060008510090:
2202201211801080001079288:
2202201211801110005251354:
2202201211801300005272110:
2202201211801360005251354:
2202201211801420009354001:
2202201211801440009342183:
2202201211801470008495616:
2202201211801500006036993:
2202201211801540005272111:
2202201211842240009339803:
2202201211847340008497463:
2202201211900330004931193:
2202201211915190009324604:
2202201211909390007398914:
2202201211901070007398914:
2202201211901180007398914:
5202201210008310005251564:
5202201210142560004168207:
5202201210250470005263012:
5202201210305180008978094:
5202201210350290009285513:
5202201210350310008500113:
5202201210357550004968004:
5202201210358100009340824:
5202201210358170005249653:
5202201210359020005249710:
5202201210359320005259619:
5202201210359340005251351:
5202201210359460009351823:
5202201210359560004969726:
5202201210400040004160640:
5202201210400070004992723:
5202201210400090004997873:
5202201210400110008978946:
5202201210400120006032924:
5202201210400150004932359:
5202201210400160008951519:
5202201210400190004932362:
5202201210400210008718216:
5202201210400240006030142:
5202201210400250009321395:
5202201210400270005005056:
5202201210400290004932362:
5202201210400310004950937:
5202201210400330004995654:
5202201210400360009282809:
5202201210400390005253450:
5202201210400410004992022:
5202201210400420006033090:
5202201210400440007414082:
5202201210400460004950845:
5202201210400480009236809:
5202201210400490007414082:
5202201210400510004957545:
5202201210400530009230781:
5202201210400560005266259:
5202201210400590005272316:
5202201210401010005255627:
5202201210401030009305457:
5202201210401060005256328:
5202201210401080005272914:
5202201210401100009226412:
5202201210401140009226440:
5202201210401160004599825:
5202201210401190004961404:
5202201210401210009351308:
5202201210403200008709011:
5202201210458280009294273:
5202201210458290008690529:
5202201210458310006022852:
5202201210458370004972420:
5202201210459110009339803:
5202201210459250006039969:
5202201210500030008950839:
5202201210500060006039969:
5202201210500100004963035:
5202201210500120004954090:
5202201210500180004947107:
5202201210511050005268444:
5202201210511370009324604:
5202201210555110005254930:
5202201210555160004967900:
5202201210555220005264166:
5202201210740020008698279:
5202201210740040004924019:
5202201210740060004989528:
5202201210740080008676811:
5202201210740100004998138:
5202201210740150004975531:
5202201210741420004933649:
5202201210742370008493750:
5202201210742390004937390:
5202201210742420004154825:
5202201210745530008512216:
5202201210745580004957738:
5202201210746090005268311:
5202201210746120004935186:
5202201210746150005268311:
5202201210746170004935186:
5202201210746190005268448:
5202201210746410004958379:
5202201210746580008517932:
5202201210748270005272110:
5202201210748290005254709:
5202201210748320004966418:
5202201210748330005258530:
5202201210748370008494564:
5202201210748420004995938:
5202201210749280004993595:
5202201210750020005270773:
5202201210750180009347607:
5202201210750240005248392:
5202201210750510009296798:
5202201210750580009346362:
5202201210751030004994074:
5202201210751210004966986:
5202201210751320004975166:
5202201210751350007402500:
5202201210751380004951445:
5202201210751420004921536:
5202201210751590004967416:
5202201210752110005272371:
5202201210753030008499208:
5202201210753200008692450:
5202201210753220004972171:
5202201210753260005270002:
5202201210753310004159572:
5202201210753340004941773:
5202201210754150004155441:
5202201210754300008503171:
5202201210754330004160018:
5202201210754400007402194:
5202201210754440004164227:
5202201210754460008503915:
5202201210754480004927329:
5202201210755080004163901:
5202201210755180004965814:
5202201210755200008694659:
5202201210755380004981830:
5202201210755520009321334:
5202201210756110008699606:
5202201210756130004180013:
5202201210756240004155440:
5202201210756250005004855:
5202201210756350004966761:
5202201210756410001079288:
5202201210756430009341030:
5202201210756540009252984:
5202201210756590004167842:
5202201210757010005262050:
5202201210757100004960782:
5202201210757120008496310:
5202201210757140009297056:
5202201210757230003920040:
5202201210757290004980727:
5202201210757540005262555:
5202201210757570004961787:
5202201210758240004605842:
5202201210758280004924182:
5202201210758340008706494:
5202201210759010006025812:
5202201210759050008500184:
5202201210759080009342959:
5202201210759110009354401:
5202201210759130004160311:
5202201210759380008500113:
5202201210759500009324076:
5202201210759510005258489:
5202201210759530004967073:
5202201210800220005264310:
5202201210800250009346707:
5202201210800280004951489:
5202201210800350004158137:
5202201210801020004164223:
5202201210801080008497463:
5202201210801280005252358:
5202201210801310004987744:
5202201210802160009280491:
5202201210803200006030118:
5202201210807090008516236:
5202201210808090005251354:
5202201210808590005272111:
5202201210809370004943327:
5202201210813520009354001:
5202201210833350004934727:
5202201210846370004605842:
5202201210956170006022855:
5202201210959180009300596:
6202201210102200005007161:
6202201210102240006042277:
6202201210102260008505663:
6202201210115080009234486:
6202201210359400004964719:
6202201210400000005272229:
6202201210400020004995654:
6202201210400040009321395:
6202201210400050004950937:
6202201210400070005262554:
6202201210400110009236809:
6202201210400130005248386:
6202201210400170005248386:
6202201210400190005262554:
6202201210400220004992022:
6202201210555550009241075:
6202201210555590004967900:
6202201210555070005264375:
6202201210555110005264166:
6202201210555340007402498:
6202201210753350009285513:
6202201211000050009241075:
6202201211003050008508441:
6202201211008290005248393:
6202201211021430006016277:
6202201211652490009285513:
6202201211659380005262555:
6202201211659420004965814:
6202201211659460004958379:
6202201211659480005262555:
6202201211659500004154825:
6202201211700000005272371:
6202201211700020008699606:
6202201211700070008699606:
6202201211700090004167848:
6202201211700140004951445:
6202201211700160008499208:
6202201211700180004981830:
6202201211700210004957738:
6202201211700230009347607:
6202201211700260004980727:
6202201211700310004995938:
6202201211700330005268311:
6202201211700340008512216:
6202201211700370008698279:
6202201211700430008512216:
6202201211700440005252358:
6202201211700480004972171:
6202201211700510005270002:
6202201211700530004167842:
6202201211700540008692450:
6202201211700560008697836:
6202201211701020008517932:
6202201211701030006030118:
6202201211701050005252358:
6202201211701070004155441:
6202201211701090004998138:
6202201211701110004967416:
6202201211701130004937390:
6202201211701150004966986:
6202201211701200004975531:
6202201211701230005270773:
6202201211701260004998138:
6202201211701280004158137:
6202201211701470009241075:
6202201211701500009341030:
6202201211701580004934727:
6202201211702000009354401:
6202201211702020004994074:
6202201211702040009346707:
6202201211702270009252984:
6202201211759350004993595:
6202201211759360006042277:
