2202201130000000006021875:
2202201130000030004599831:
2202201130000050005268165:
2202201130000070004924346:
2202201130000090009307388:
2202201130000180005248387:
2202201130000200000431412:
2202201130000220009307388:
2202201130000250000431412:
2202201130000270008681883:
2202201130000280005263922:
2202201130000300000431412:
2202201130000320004604850:
2202201130000330008681883:
2202201130000340000431412:
2202201130000370005266871:
2202201130000380005263922:
2202201130000400000431412:
2202201130000410004604850:
2202201130000430009314286:
2202201130000440005255716:
2202201130000460004997665:
2202201130000500005249650:
2202201130000520009326618:
2202201130000540005272807:
2202201130000570005249650:
2202201130000590004997665:
2202201130001010005255716:
2202201130001030005272807:
2202201130001040005268310:
2202201130001090004968394:
2202201130001110005270977:
2202201130001120004604853:
2202201130001140004605848:
2202201130001190005273382:
2202201130001210005251558:
2202201130001230009307295:
2202201130001270005268310:
2202201130001300005249648:
2202201130001320009307295:
2202201130001340004162745:
2202201130001380005268310:
2202201130001400005252356:
2202201130001420008497657:
2202201130001450005251558:
2202201130001480009297569:
2202201130001510009293911:
2202201130001520009226393:
2202201130001540009307388:
2202201130001560005252072:
2202201130001580004929491:
2202201130002000005252072:
2202201130002020004993146:
2202201130002050004160639:
2202201130002070009307295:
2202201130002090004970618:
2202201130002110009226393:
2202201130002130005257313:
2202201130002150001079879:
2202201130002170004160637:
2202201130002200009339828:
2202201130002220004160641:
2202201130002250004155438:
2202201130301020009230781:
2202201130729570009254926:
2202201130731440004929937:
2202201130734480004992307:
2202201130734590008497657:
2202201130739180009300590:
2202201130739230005271889:
2202201130739440004988378:
2202201130741210005252356:
2202201130742380004963659:
2202201130742420009307295:
2202201130743100008677773:
2202201130743160004972793:
2202201130744420009226393:
2202201130745350004924346:
2202201130745370004604850:
2202201130745510004163932:
2202201130745560005257618:
2202201130745590004981261:
2202201130746010004937490:
2202201130746120004936149:
2202201130746290004967900:
2202201130746550009284157:
2202201130747010008513325:
2202201130747160005269999:
2202201130747280005270773:
2202201130747340008424093:
2202201130747360005252072:
2202201130747390004160637:
2202201130747460006021875:
2202201130747530009341030:
2202201130747560005012521:
2202201130748070005263972:
2202201130748340008698044:
2202201130748490008681883:
2202201130749310005272372:
2202201130749360006029988:
2202201130749400005255715:
2202201130749420007421690:
2202201130749540009297569:
2202201130749570005272115:
2202201130750000008702698:
2202201130750020005251558:
2202201130750080004940674:
2202201130750120004605848:
2202201130750150005270174:
2202201130750180005273382:
2202201130750310004968004:
2202201130750340004966050:
2202201130750370007402523:
2202201130750550004933649:
2202201130750590005270985:
2202201130751040004960782:
2202201130751120005251352:
2202201130751140005249645:
2202201130751180006751664:
2202201130751210009300596:
2202201130751241513631101:
2202201130751270004986846:
2202201130751390009340824:
2202201130751520005258468:
2202201130751580004605847:
2202201130752010005264374:
2202201130752030004958165:
2202201130752100008697836:
2202201130752120008709061:
2202201130752140009326618:
2202201130752160004964719:
2202201130752180004963073:
2202201130752200006022439:
2202201130752320005255716:
2202201130752340004165753:
2202201130752360005254539:
2202201130752380004599831:
2202201130752400005248878:
2202201130752410007421743:
2202201130752430004163936:
2202201130752460004997665:
2202201130752490005267474:
2202201130752520005272190:
2202201130752550004160641:
2202201130752580008496367:
2202201130752590004155438:
2202201130753020004997665:
2202201130753040005264721:
2202201130753060004155438:
2202201130753090004968394:
2202201130753100005257308:
2202201130753130008500184:
2202201130753140005248396:
2202201130753160009226447:
2202201130753180005264380:
2202201130753200004605851:
2202201130753230005258555:
2202201130753260005270720:
2202201130753340004994314:
2202201130753360009226826:
2202201130753390009276489:
2202201130753410009226412:
2202201130753440008717926:
2202201130753460006030142:
2202201130753470009226412:
2202201130753490004936419:
2202201130753510004180013:
2202201130753530004155439:
2202201130753550004980727:
2202201130753570004973922:
2202201130753590004970618:
2202201130754010009253739:
2202201130754030004994575:
2202201130754050007421690:
2202201130754150005272907:
2202201130754170005271892:
2202201130754190004989365:
2202201130754220005251355:
2202201130754230005249648:
2202201130754250005270977:
2202201130754270009314286:
2202201130754280005266871:
2202201130754300007407459:
2202201130754320005254540:
2202201130754340004154823:
2202201130754360004167711:
2202201130754390004599512:
2202201130754410005270839:
2202201130754440005254710:
2202201130754460004163937:
2202201130754470000424167:
2202201130754490006021994:
2202201130754500009226391:
2202201130754530004165527:
2202201130754550004961221:
2202201130754570004162748:
2202201130754590009305260:
2202201130755010004167848:
2202201130755020009290365:
2202201130755040004165890:
2202201130755050009252984:
2202201130755070004967967:
2202201130755090005272911:
2202201130755100004966761:
2202201130755120000431412:
2202201130755130008496310:
2202201130755150004986942:
2202201130755160005263922:
2202201130755180004968208:
2202201130755200000431412:
2202201130755210004967416:
2202201130755240006022158:
2202201130755250005272113:
2202201130755270005007370:
2202201130755290008709369:
2202201130755300004967967:
2202201130755320004937390:
2202201130755350002851478:
2202201130755370008694944:
2202201130755380005248880:
2202201130755400004968592:
2202201130755410008500401:
2202201130755430007414082:
2202201130755450008506766:
2202201130755470005265313:
2202201130755490008701527:
2202201130755500005004322:
2202201130755520005257309:
2202201130755530005258213:
2202201130755560008506912:
2202201130755570009352010:
2202201130755590005249650:
2202201130756000004976407:
2202201130756020004932362:
2202201130756030004948585:
2202201130756050005272191:
2202201130756060005263977:
2202201130756080004165757:
2202201130756090005266872:
2202201130756110005252149:
2202201130756130009288913:
2202201130756150004947963:
2202201130756160005272110:
2202201130756180005268165:
2202201130756190009230754:
2202201130756210005253082:
2202201130756220009276908:
2202201130756240004164223:
2202201130756250004968298:
2202201130756270004605852:
2202201130756290001079879:
2202201130756310007407739:
2202201130756330004928175:
2202201130756350004162745:
2202201130756360005263970:
2202201130756380004596350:
2202201130756400005272195:
2202201130756420004961532:
2202201130756440005254536:
2202201130756470006022160:
2202201130756480004964407:
2202201130756500004151371:
2202201130756510009293911:
2202201130756530004964407:
2202201130756540004931193:
2202201130756560004974233:
2202201130756570009339828:
2202201130756590005250644:
2202201130757010008680442:
2202201130757030007418333:
2202201130757040005248389:
2202201130757060008680442:
2202201130757070004949598:
2202201130757090004991528:
2202201130757100006033000:
2202201130757120004155434:
2202201130757130008516772:
2202201130757150004936557:
2202201130757170008507829:
2202201130757210005248386:
2202201130757270008499149:
2202201130757280006033001:
2202201130757300008516772:
2202201130757320004604853:
2202201130757340005258488:
2202201130757360005248387:
2202201130757370005006528:
2202201130757400005268444:
2202201130757420009281928:
2202201130757440008695905:
2202201130757460009302534:
2202201130757480005255628:
2202201130757500004968544:
2202201130757510009344566:
2202201130757530008707911:
2202201130757540004930389:
2202201130757550005251562:
2202201130757570005251020:
2202201130757580008497463:
2202201130758020008500312:
2202201130758040005272807:
2202201130758060008492065:
2202201130758090004980976:
2202201130758100006028451:
2202201130758120009321395:
2202201130758140005270980:
2202201130758150004931925:
2202201130758170004159573:
2202201130758180007402482:
2202201130758200009292116:
2202201130758220008692560:
2202201130758230005249720:
2202201130758250008715839:
2202201130758260006036993:
2202201130758280008696238:
2202201130758290005009021:
2202201130758310005257313:
2202201130758320009243147:
2202201130758340009343593:
2202201130758350005264171:
2202201130758380009297664:
2202201130758420004967379:
2202201130758430007395592:
2202201130758450004967379:
2202201130758460009330833:
2202201130758480004934727:
2202201130758500006033090:
2202201130758510004934727:
2202201130758530004160311:
2202201130758550006039497:
2202201130758560009230815:
2202201130758580004929491:
2202201130759000005267344:
2202201130759010005263967:
2202201130759030004929202:
2202201130759040004939835:
2202201130759060009297664:
2202201130759080004953650:
2202201130759090004604856:
2202201130759110004993595:
2202201130759120005009382:
2202201130759140005270006:
2202201130759150008511510:
2202201130759170004164864:
2202201130759180004982680:
2202201130759190009279481:
2202201130759210005252032:
2202201130759230004996481:
2202201130759250004951537:
2202201130759260008502693:
2202201130759280009343592:
2202201130759290005262048:
2202201130759310008711249:
2202201130759320006039541:
2202201130759340009232653:
2202201130759350004963035:
2202201130759370004167714:
2202201130759380004954665:
2202201130759400004960160:
2202201130759410005268449:
2202201130759430005258221:
2202201130759450004163906:
2202201130759470006039541:
2202201130759480009339821:
2202201130759500005251016:
2202201130759510005259621:
2202201130759540009282114:
2202201130759570006014349:
2202201130759590004157829:
2202201130800010004943327:
2202201130800020008494333:
2202201130800040004599513:
2202201130800060009253846:
2202201130800080004162434:
2202201130800090005270171:
2202201130800110006031525:
2202201130800130004160639:
2202201130800150004941508:
2202201130800170006041715:
2202201130800200004993146:
2202201130800220009339524:
2202201130800240008492480:
2202201130800250009339817:
2202201130800270005272917:
2202201130800290005268310:
2202201130800310009339144:
2202201130800330004162744:
2202201130800340007411321:
2202201130800350004968555:
2202201130800370005252022:
2202201130800380008498021:
2202201130800400009324637:
2202201130800420004936413:
2202201130800430004167849:
2202201130800450004165756:
2202201130800460004968886:
2202201130800480005006768:
2202201130800500006024859:
2202201130800520003132773:
2202201130800540004158333:
2202201130800560008510378:
2202201130800570009309829:
2202201130800590008508757:
2202201130801010004948881:
2202201130801040009339834:
2202201130801060005272292:
2202201130801080009326612:
2202201130801090004969598:
2202201130801110006033720:
2202201130801120006017488:
2202201130801140005252020:
2202201130801160005006239:
2202201130801180006021991:
2202201130801200009286624:
2202201130801210004997608:
2202201130801250004996445:
2202201130801270004927029:
2202201130801280005272291:
2202201130801300005257613:
2202201130801320004952773:
2202201130801330004947107:
2202201130801350005265558:
2202201130801370004966490:
2202201130801390005265558:
2202201130801410004162134:
2202201130801490005008846:
2202201130801520006039506:
2202201130801550005272192:
2202201130801580005271891:
2202201130802000009339837:
2202201130802050009342962:
2202201130802070005254715:
2202201130802120006025823:
2202201130802150005264376:
2202201130802170006016090:
2202201130802190005252016:
2202201130802210008494964:
2202201130802230008497774:
2202201130802250004155437:
2202201130802270005264373:
2202201130802300004921669:
2202201130802350009234089:
2202201130802370005272188:
2202201130802390007410282:
2202201130802410004966802:
2202201130802420008495616:
2202201130802470008702320:
2202201130802530009307388:
2202201130802590008500889:
2202201130803060007422489:
2202201130803100005267343:
2202201130803130008498988:
2202201130803150005254534:
2202201130803170004979341:
2202201130803190005249644:
2202201130803220004168207:
2202201130803240004141622:
2202201130803260005257616:
2202201130803290004995116:
2202201130803340005257615:
2202201130803360008505663:
2202201130803380008688253:
2202201130803410009254002:
2202201130803460006036876:
2202201130804030004958690:
2202201130804050009274443:
2202201130804070006039969:
2202201130804090009232629:
2202201130804120007402194:
2202201130804160005256125:
2202201130804180005273785:
2202201130804200005264375:
2202201130804220005265083:
2202201130804240005273787:
2202201130804260005265082:
2202201130804280005267479:
2202201130804300005267443:
2202201130804330005254714:
2202201130804370009232651:
2202201130804390004936854:
2202201130804420009246193:
2202201130804440005272317:
2202201130804490008493028:
2202201130804520004929270:
2202201130804540009226392:
2202201130804560002851465:
2202201130804580008512859:
2202201130805000008713215:
2202201130805030004167846:
2202201130805050004165755:
2202201130805070005251557:
2202201130805090004923617:
2202201130805110004991241:
2202201130805170005249708:
2202201130805250007407502:
2202201130805280005271884:
2202201130805310004990085:
2202201130805380004966178:
2202201130805570008493286:
2202201130806260005263973:
2202201130806400005264383:
2202201130807240004975841:
2202201130807270007402196:
2202201130807350004604855:
2202201130807380006036505:
2202201130807410004160309:
2202201130807470009291663:
2202201130808180009290264:
2202201130808210005251357:
2202201130808480004967606:
2202201130809190009309504:
2202201130809220009339824:
2202201130810050008703345:
2202201130810090008506632:
2202201130810120004955828:
2202201130811270009313676:
2202201130811350005273376:
2202201130812140004975069:
2202201130813310008504041:
2202201130813360006019315:
2202201130814220006031526:
2202201130814340004967590:
2202201130815020009324604:
2202201130817470004948851:
2202201130819160006042277:
2202201130819290004985430:
2202201130821090009310727:
2202201130821410009254000:
2202201130822170009282101:
2202201130827040008508219:
2202201130829170006022855:
2202201130829310009298073:
2202201130830270005259620:
2202201130856000005267475:
2202201130915140009290471:
2202201130918290007411315:
2202201130921050009298223:
2202201130935510005007161:
2202201131656390009276489:
2202201131657300004990085:
2202201131700590004968208:
2202201131701160008510716:
2202201131722120004985430:
2202201131746080006751664:
2202201131901320004163932:
2202201131956490005250644:
2202201131959460009331842:
2202201132000080005272317:
2202201132000100006041875:
2202201132000120004967967:
2202201132000140005251558:
2202201132000390004160639:
2202201132000490009309829:
2202201132002360005266871:
2202201132003060005248389:
2202201132003390009297664:
2202201132004170005267475:
2202201132004210009297664:
2202201132005150005265313:
2202201132005190005272372:
2202201132005220005265313:
2202201132005550005257613:
2202201132006110004157829:
2202201132006160005251556:
2202201132008340004958165:
2202201132010400005257615:
2202201132014190005271889:
2202201132007270005272109:
2202201132007430009309504:
2202201132011180009226392:
2202201132009400004993595:
2202201132048520004975255:
2202201132103150008698044:
2202201132107480009298223:
2202201132109230004963659:
2202201132112290008505663:
2202201132112310006042277:
2202201132112470004972793:
2202201132143020009226392:
2202201132143140009246193:
2202201132144000004921669:
2202201132148300006029990:
2202201132152120004921669:
2202201132152160009307388:
2202201132154070004966802:
2202201132155280009236810:
2202201132156360005271884:
2202201132157470006028797:
2202201132158170004604855:
2202201132159120004604853:
2202201132159250009232651:
2202201132159560005252356:
2202201132159570005264374:
2202201132159590005268165:
2202201132200010004604855:
2202201132200020005269999:
2202201132200040006021875:
2202201132200060005268165:
2202201132200070005270977:
2202201132200150005249648:
2202201132200180004924346:
2202201132200200004960160:
2202201132200230004163936:
2202201132200250005257309:
2202201132200280009314286:
2202201132200300004604850:
2202201132200320009314286:
2202201132200340008681883:
2202201132200350004604850:
2202201132200370008681883:
2202201132200390004165757:
2202201132200410004997665:
2202201132200420008709369:
2202201132200450009276908:
2202201132200460004930389:
2202201132200480004997665:
2202201132200490006033001:
2202201132200560004968394:
2202201132200580006033001:
2202201132201000000431412:
2202201132201040004968394:
2202201132201050000431412:
2202201132201080005263922:
2202201132201090000431412:
2202201132201130004981261:
2202201132201160009226393:
2202201132201170008701527:
2202201132201200008709061:
2202201132201220005270839:
2202201132201230005249650:
2202201132201250008709061:
2202201132201290009326618:
2202201132201300004162745:
2202201132201320008709061:
2202201132201340005251355:
2202201132201360005273382:
2202201132201380004599831:
2202201132201400004970618:
2202201132201420004929491:
2202201132201440004970618:
2202201132201470005257308:
2202201132201480005251352:
2202201132201510009226393:
2202201132201530009307295:
2202201132201570005255715:
2202201132202000009307295:
2202201132202020005255716:
2202201132202060005268310:
2202201132202090005255716:
2202201132202120009297569:
2202201132202140005252028:
2202201132202180005268310:
2202201132202210004605848:
2202201132202230009339828:
2202201132202260004993146:
2202201132202290009293911:
2202201132202310004155438:
2202201132202340004160641:
2202201132202390008686663:
2202201132207010005254714:
2202201132216100005264375:
2202201132313510004933960:
2202201132308130004968472:
3202201130248290009298223:
3202201130257430005271888:
3202201130259380006016090:
3202201130259410004162135:
3202201130259450006039541:
3202201130259490005255674:
3202201130259500006039541:
3202201130300020005270771:
3202201130300040008680280:
3202201130300050008688253:
3202201130300070004998074:
3202201130309240006025823:
3202201130309280005252016:
3202201130309320005262497:
3202201130309370008494964:
3202201130735570006031524:
3202201130736270004165524:
3202201130739080004165524:
3202201130739180004974136:
3202201130741000008501288:
3202201130742010001099428:
3202201130742120004163904:
3202201130742500009234458:
3202201130742550005272315:
3202201130743360005271887:
3202201130745320008497634:
3202201130745540008503303:
3202201130746050005006315:
3202201130746090004968173:
3202201130747030004159574:
3202201130747230008692290:
3202201130748130006039016:
3202201130748160005004742:
3202201130748270004998074:
3202201130748310005258225:
3202201130748350005250567:
3202201130748480007407499:
3202201130748530009323446:
3202201130749240005250571:
3202201130749280005263972:
3202201130749300004164229:
3202201130749420004928640:
3202201130750250004988205:
3202201130750300005251560:
3202201130750400005268314:
3202201130751090004951868:
3202201130751170008711197:
3202201130751270005258215:
3202201130751290004969304:
3202201130751370009335560:
3202201130751530005250572:
3202201130752000004949833:
3202201130752060004162160:
3202201130752170004993672:
3202201130752270005272187:
3202201130752370009348776:
3202201130752460006028957:
3202201130753020008492410:
3202201130753050004933136:
3202201130753150005248457:
3202201130753210009326626:
3202201130753250005011155:
3202201130753300005250568:
3202201130753450009301802:
3202201130753520005262094:
3202201130753550004989657:
3202201130754040009346367:
3202201130754060004165753:
3202201130754080007421743:
3202201130754110004168206:
3202201130754120005271888:
3202201130754150009253995:
3202201130754210004165525:
3202201130754290008689944:
3202201130754410009342978:
3202201130754430009295891:
3202201130754450008687514:
3202201130754480008703693:
3202201130754490008504091:
3202201130754510008717268:
3202201130754540009336959:
3202201130754560004154154:
3202201130754590008691341:
3202201130755010009327615:
3202201130755030009339802:
3202201130755050004162162:
3202201130755070004993934:
3202201130755090005265851:
3202201130755110004942841:
3202201130755130004949437:
3202201130755140004965502:
3202201130755160004986730:
3202201130755180004168210:
3202201130755210005251559:
3202201130755240009343384:
3202201130755270004952471:
3202201130755280009339930:
3202201130755300005248460:
3202201130755330005271892:
3202201130755370005249713:
3202201130755390004163899:
3202201130755450008697764:
3202201130755500005270075:
3202201130755530005255676:
3202201130756110004935446:
3202201130756140009226391:
3202201130756160005264728:
3202201130756220005252027:
3202201130756250005271893:
3202201130756320005264727:
3202201130756330005008358:
3202201130756350004599514:
3202201130756370005008358:
3202201130756390004945980:
3202201130756500004981546:
3202201130756520006030480:
3202201130756570008686117:
3202201130757000009226952:
3202201130757170004988079:
3202201130757200009326658:
3202201130757220004989794:
3202201130757290009234248:
3202201130757310005251358:
3202201130757330005258551:
3202201130757360009230812:
3202201130757380009233695:
3202201130757410005252021:
3202201130757430006018008:
3202201130757460008698121:
3202201130757490005264378:
3202201130757510005270981:
3202201130757530005258559:
3202201130757550005249722:
3202201130757580009287195:
3202201130758000008499165:
3202201130758030004935107:
3202201130758100006041721:
3202201130758120004164224:
3202201130758200006039974:
3202201130758420005258213:
3202201130758460005248597:
3202201130758550004949239:
3202201130758560006015460:
3202201130759010005261060:
3202201130759130004167712:
3202201130800040009324879:
3202201130800080005254706:
3202201130800130004931925:
3202201130800150004949140:
3202201130800230008495468:
3202201130800310005265078:
3202201130800420009308083:
3202201130801100004975477:
3202201130802170009322602:
3202201130803200005252718:
3202201130901190005248393:
3202201130915580005254423:
3202201130919530004162135:
3202201131700020005006315:
3202201131702560004154152:
3202201131708390005263967:
3202201131747190008698121:
3202201131800060005271887:
3202201131840370004935107:
3202201131859370005252022:
3202201131859390009234458:
3202201131859410008691341:
3202201131859420005254537:
3202201131900010005263972:
3202201131901390009324879:
3202201131905570009339818:
3202201131958450009327615:
3202201131958500006041875:
3202201131959320008679943:
3202201131959350005009382:
3202201131959410005250568:
3202201131959550005248597:
3202201131959570004163904:
3202201132000120005250567:
3202201132000160007395592:
3202201132000180005004742:
3202201132000210007395592:
3202201132000280004933136:
3202201132000320004159574:
3202201132000430005263716:
3202201132000550005272315:
3202201132000570008686117:
3202201132001000004986730:
3202201132001050008689944:
3202201132001080008697764:
3202201132001110004949437:
3202201132001120008693920:
3202201132001140008693892:
3202201132001180004988079:
3202201132001200009226391:
3202201132001240008499165:
3202201132001280008687514:
3202201132001380004949239:
3202201132001390008680442:
3202201132001430004945980:
3202201132001470005250571:
3202201132001510005271893:
3202201132001540004164224:
3202201132001550004980976:
3202201132001580006041721:
3202201132002000008501288:
3202201132002040008497634:
3202201132002190005249720:
3202201132002220008499556:
3202201132002240005249722:
3202201132002250008499556:
3202201132002270005249720:
3202201132002290004966362:
3202201132002300004164229:
3202201132002320009343384:
3202201132002340004923548:
3202201132002360004988205:
3202201132002420005267479:
3202201132002440008690224:
3202201132002520005258756:
3202201132003020005267479:
3202201132003060005258756:
3202201132003100009279481:
3202201132003170008518736:
3202201132003260005268314:
3202201132003290005262553:
3202201132003380008502189:
3202201132004000005252718:
3202201132004100004045200:
3202201132004250005266257:
3202201132004390005252718:
3202201132004520004168210:
3202201132005050004167709:
3202201132005320004162160:
3202201132005510004931925:
3202201132005530006024859:
3202201132007330009302534:
3202201132012380005255676:
3202201132014570005264728:
3202201132039250008504041:
3202201132039290004921785:
3202201132040080006022420:
3202201132054350008498988:
3202201132103150004965502:
3202201132103170009226952:
3202201132109230005252021:
3202201132112370005008358:
3202201132157220004966449:
3202201132157240005270175:
3202201132159380009342962:
3202201132159410009324637:
3202201132159490001099428:
3202201132159540009323446:
3202201132159560009348776:
3202201132159590004991528:
3202201132200030006018008:
3202201132200170009254212:
3202201132200190009326626:
3202201132200210000424146:
3202201132200240005258225:
3202201132200260008710875:
3202201132200340005270075:
3202201132201040009286387:
3202201132201080005254534:
3202201132201310004167714:
3202201132201340004164010:
3202201132201430004162162:
3202201132201490008699992:
3202201132202360005254736:
3202201132202430008492065:
3202201132202440004929645:
3202201132202470005254736:
3202201132202550004935446:
3202201132203070008711249:
3202201132203100005268449:
3202201132204030004141622:
3202201132204120005272112:
3202201132204300009343593:
3202201132204340008506597:
3202201132204440009354391:
3202201132204570009234248:
3202201132205210008492410:
3202201132205300005262094:
3202201132205360005270980:
3202201132206500008513325:
3202201132207370005272291:
3202201132207480009308083:
3202201132208380004999443:
3202201132216160008703693:
3202201132207040004154824:
3202201132207100005267723:
3202201132259200009344566:
3202201132259270004966591:
3202201132259290005249712:
3202201132259310005252150:
3202201132259370008696388:
3202201132259400009230815:
3202201132259410007418333:
3202201132259430005267751:
3202201132259460005248596:
3202201132259470004975477:
3202201132259490004993672:
3202201132259520005259966:
3202201132259540005264378:
3202201132259560005258215:
3202201132259570005255416:
3202201132300000008503303:
3202201132300010008715839:
3202201132300030008507829:
3202201132300040006015460:
3202201132300050008707911:
3202201132300070005252027:
3202201132300080005257311:
3202201132300110004965754:
3202201132300130008504091:
3202201132300150009342954:
3202201132300170004161986:
3202201132300190009339802:
3202201132300220005001068:
3202201132300240006028451:
3202201132300260004940881:
3202201132300290005270981:
3202201132300320009230812:
3202201132300350005267344:
3202201132300360004989794:
3202201132300430008495468:
3202201132300480008498188:
3202201132300570005252020:
3202201132300590008710216:
3202201132301020006039974:
3202201132301040004923617:
3202201132301080004167711:
3202201132301110009275492:
3202201132301180008692290:
3202201132302070005270168:
3202201132302190005271891:
3202201132304340005254706:
3202201132304370005258556:
3202201132308090009300590:
3202201132308490004165753:
3202201132309050004929937:
3202201132310420005263920:
3202201132359110009351758:
3202201132359560009280051:
4202201130300590009344566:
4202201130301030006039129:
4202201130738120009234486:
4202201130740200005254930:
4202201130740230005252722:
4202201130745430006015165:
4202201130745460003137754:
4202201130746000005270978:
4202201130747050007396382:
4202201130747250009280051:
4202201130747290005267481:
4202201130747540005264166:
4202201130748200005264545:
4202201130748480004965170:
4202201130748500005272226:
4202201130748530004167710:
4202201130748560005251015:
4202201130749140005257312:
4202201130749170005272189:
4202201130749520008445656:
4202201130749540005272117:
4202201130749580005262067:
4202201130749590001087543:
4202201130750010005272117:
4202201130750030005272099:
4202201130750050005249724:
4202201130750070006035802:
4202201130750080004596344:
4202201130750100008494427:
4202201130750120009234457:
4202201130750140005263924:
4202201130750160005258230:
4202201130750180005259223:
4202201130750200005268164:
4202201130750240005272916:
4202201130750280005272099:
4202201130750290005270169:
4202201130750330008496149:
4202201130751220004981013:
4202201130751260005272103:
4202201130751430005272106:
4202201130751450008690224:
4202201130751490004154147:
4202201130751510005272103:
4202201130751520004154153:
4202201130751550005272106:
4202201130751560005267444:
4202201130752120009346340:
4202201130752230005272194:
4202201130752360009236868:
4202201130752400004163931:
4202201130752450004164225:
4202201130752460004164228:
4202201130752480008495426:
4202201130752510007398203:
4202201130752530004941228:
4202201130752580004605843:
4202201130753000004932608:
4202201130753020005249712:
4202201130753030004159570:
4202201130753050004957311:
4202201130753060009234249:
4202201130753080005264311:
4202201130753170004927939:
4202201130753210004952531:
4202201130753240005248602:
4202201130753380004974727:
4202201130753440009324118:
4202201130753460005258478:
4202201130753490004929419:
4202201130753520006030145:
4202201130753550009324629:
4202201130753580005248395:
4202201130753590004161988:
4202201130754030004927575:
4202201130754040009250787:
4202201130754060009342143:
4202201130754070009283323:
4202201130754100005251356:
4202201130754110005263971:
4202201130754130009311280:
4202201130754140008699709:
4202201130754170004154824:
4202201130754190004155442:
4202201130754200005272913:
4202201130754260005251021:
4202201130754280004990686:
4202201130754330008695597:
4202201130754430004160014:
4202201130754460004163905:
4202201130754520004958669:
4202201130754570009342997:
4202201130755000005005802:
4202201130755010005270720:
4202201130755030002854367:
4202201130755050004931038:
4202201130755090005258531:
4202201130755130006036336:
4202201130755190009326600:
4202201130755330004968761:
4202201130755410004930608:
4202201130755440005258227:
4202201130755460004967114:
4202201130755480008501835:
4202201130755500005251017:
4202201130755520005249723:
4202201130755540005005263:
4202201130756000008493340:
4202201130756060004927539:
4202201130756080009226821:
4202201130756140005272116:
4202201130756180004163900:
4202201130756200004165527:
4202201130756230004996716:
4202201130756250008710875:
4202201130756260006028799:
4202201130756280005263923:
4202201130756300005250927:
4202201130756310005252017:
4202201130756330004989259:
4202201130756340004599512:
4202201130756360000424167:
4202201130756380009305260:
4202201130756400005254710:
4202201130756410004162747:
4202201130756430009226817:
4202201130756450004948548:
4202201130756470005254424:
4202201130756490009346055:
4202201130756500005248662:
4202201130756520005248394:
4202201130756530009252994:
4202201130756550004953788:
4202201130756570009252994:
4202201130756580005258556:
4202201130757020004953437:
4202201130757100005270181:
4202201130757110005268443:
4202201130757130005008693:
4202201130757140008504234:
4202201130757160009341511:
4202201130757180005004322:
4202201130757260008690203:
4202201130757290005251022:
4202201130757310005249654:
4202201130757320005264164:
4202201130757340005268163:
4202201130757350009339818:
4202201130757380009354581:
4202201130757400006041875:
4202201130757430005249651:
4202201130757470005266586:
4202201130757490004957855:
4202201130757520009274874:
4202201130757560005264382:
4202201130757580005252355:
4202201130758140003916932:
4202201130758160009226797:
4202201130758170009324605:
4202201130758190004154155:
4202201130758210004966591:
4202201130758230004993409:
4202201130758240005270982:
4202201130758260005251359:
4202201130758290005252028:
4202201130758310005264170:
4202201130758340009341742:
4202201130758350004965343:
4202201130758370009292038:
4202201130758390004972892:
4202201130758400000431385:
4202201130758420004982114:
4202201130758440004936557:
4202201130758450004964545:
4202201130758470008500493:
4202201130758490008512783:
4202201130759100009295454:
4202201130759250005012741:
4202201130759320004179142:
4202201130759400005265084:
4202201130759530005270175:
4202201130759550007402498:
4202201130759570005264171:
4202201130759590009327620:
4202201130800010005266257:
4202201130800020007402498:
4202201130800060005267723:
4202201130800070005251565:
4202201130800090009246202:
4202201130800110004163907:
4202201130800160008511222:
4202201130800200008519041:
4202201130800230000431430:
4202201130800260004966449:
4202201130800280000431430:
4202201130800300005263967:
4202201130801000009241075:
4202201130801300004599513:
4202201130801390004160635:
4202201130801550004990375:
4202201130802200008509836:
4202201130802350005270979:
4202201130802400004969598:
4202201130803040005251556:
4202201130803210004160015:
4202201130805120005272108:
4202201130805480005267479:
4202201130806100005251353:
4202201130806120005262049:
4202201130806230005250643:
4202201130826060004921785:
4202201131305240009348543:
4202201131701100005263975:
4202201131701240005248602:
4202201131702420009342978:
4202201131707100004179142:
4202201131709280004167710:
4202201131900260005270979:
4202201131900280005248881:
4202201131900370009339821:
4202201131900410005008693:
4202201131900420009346055:
4202201131900440005270181:
4202201131900550005251017:
4202201131900560004929419:
4202201131901290004160014:
4202201131901310004163905:
4202201131901370004165528:
4202201131901410005248665:
4202201131901430005251565:
4202201131902090005268443:
4202201131902120004951868:
4202201131902210005251020:
4202201131902240005007370:
4202201131902290004952471:
4202201131902460004993409:
4202201131903110004965170:
4202201131903170000431385:
4202201131903480004599513:
4202201131904230004160638:
4202201131904460006022158:
4202201131905180005270416:
4202201131906110004155437:
4202201131907230005270978:
4202201131908090005251561:
4202201131908400004989657:
4202201131909100008509836:
4202201131958200005012521:
4202201131959040005267477:
4202201131959210009324118:
4202201132000020004953437:
4202201132000040009341511:
4202201132000060004958669:
4202201132000090004957311:
4202201132000110005010999:
4202201132000220009346340:
4202201132000240005252017:
4202201132000270009250787:
4202201132000290009283931:
4202201132000300004991542:
4202201132000320009252994:
4202201132000340005001262:
4202201132000350004968761:
4202201132000370004927575:
4202201132000380009296645:
4202201132000430009234249:
4202201132000450008512783:
4202201132000540004967114:
4202201132000590004952531:
4202201132001000005259965:
4202201132001040004990686:
4202201132001060009343592:
4202201132001080005012741:
4202201132001090005264382:
4202201132001110004162750:
4202201132001140004165527:
4202201132001170005251016:
4202201132001190008496149:
4202201132001210004154147:
4202201132001220009351768:
4202201132001300004929270:
4202201132001330004163900:
4202201132001370009292038:
4202201132001480008504234:
4202201132001501513631101:
4202201132001510004996716:
4202201132001530005252355:
4202201132001560005258478:
4202201132001580005261060:
4202201132002000004972892:
4202201132002030008502693:
4202201132002120005250927:
4202201132002140001087543:
4202201132002370007402196:
4202201132002390004988966:
4202201132002460004154153:
4202201132003010005251560:
4202201132003170005257312:
4202201132003480005249651:
4202201132004010005251556:
4202201132004240004162434:
4202201132004300004157829:
4202201132004410005272226:
4202201132004440005272190:
4202201132005110004163907:
4202201132005180004969304:
4202201132005200005249559:
4202201132005290008695597:
4202201132005310004167849:
4202201132006180005272106:
4202201132006200005272102:
4202201132006220005272106:
4202201132006390005272099:
4202201132007050008500493:
4202201132008120005254737:
4202201132008280005270982:
4202201132014160005270982:
4202201132000050005251022:
4202201132104240004928604:
4202201132101050005272108:
4202201132138210009274874:
4202201132200020004948548:
4202201132200030005258754:
4202201132200060004927939:
4202201132200080005005802:
4202201132200100005267444:
4202201132200120005258531:
4202201132200130005267444:
4202201132200150005258754:
4202201132200180005267444:
4202201132200210004932608:
4202201132200240006022160:
4202201132200270004929713:
4202201132200300005258214:
4202201132200320005249724:
4202201132200350004963073:
4202201132200370005264164:
4202201132200380004169060:
4202201132200400005249724:
4202201132200410004167713:
4202201132200430005267476:
4202201132200440005270720:
4202201132200470008708048:
4202201132201110004953788:
4202201132201140004981013:
4202201132201150005264545:
4202201132201180007396382:
4202201132201210009295454:
4202201132201220004931038:
4202201132201240004989259:
4202201132201270003137754:
4202201132201300009336959:
4202201132201320005254710:
4202201132201360004965343:
4202201132201430005251015:
4202201132201510009295891:
4202201132201530004941228:
4202201132201540006015165:
4202201132201570009327620:
4202201132202000004993934:
4202201132202040005272916:
4202201132202200004969598:
4202201132202220005248391:
4202201132202230005251356:
4202201132202250005263971:
4202201132202260005248390:
4202201132202280009287195:
4202201132202290005248390:
4202201132202310005251353:
4202201132202320007407499:
4202201132202340004957855:
4202201132202360005264311:
4202201132202380009226797:
4202201132202400004927539:
4202201132202440006028799:
4202201132202460009233695:
4202201132202540009305260:
4202201132203100005264171:
4202201132203120009226821:
4202201132203190009346035:
4202201132203210008699709:
4202201132203230008493340:
4202201132203250009324629:
4202201132203260006035802:
4202201132204280005011155:
4202201132204550009341742:
4202201132205080004161988:
4202201132207260004163931:
4202201132209160009287614:
4202201132209450005263923:
4202201132259010005272913:
4202201132259030009354581:
4202201132259040005272913:
4202201132259080005270169:
4202201132259110005250643:
4202201132259170005268163:
4202201132259190005272194:
4202201132259220005249654:
4202201132259240005004322:
4202201132259290005252722:
4202201132259320005272191:
4202201132259350005267481:
4202201132259390005268164:
4202201132259410004162747:
4202201132259430005267474:
4202201132300050004974233:
4202201132300090005262067:
4202201132300140005259223:
4202201132300170009342997:
4202201132300230005272907:
4202201132300260005258230:
4202201132300300005272912:
4202201132300350005258213:
4202201132300390005251359:
4202201132300520007407459:
4202201132300540004953135:
4202201132301000004155442:
4202201132301020004953650:
4202201132301040004164864:
4202201132301140004162748:
4202201132301260004968173:
4202201132301280000431430:
4202201132301540004162428:
4202201132301580005263919:
4202201132302000005248457:
4202201132302020009236868:
4202201132302400005262049:
4202201132302450007421690:
4202201132303360009311280:
4202201132306130003916932:
4202201132359310009234457:
5202201130000000002851478:
5202201130000040006033001:
5202201130000050008709369:
5202201130000070006033001:
5202201130000100005255715:
5202201130000130004165757:
5202201130000150005255715:
5202201130000170008709369:
5202201130000190004165757:
5202201130000210004966050:
5202201130000250004155439:
5202201130000270008508219:
5202201130000300007402523:
5202201130000320008497463:
5202201130001180009339803:
5202201130001340009300596:
5202201130002280009286624:
5202201130259210004941773:
5202201130300040004981830:
5202201130300070004966178:
5202201130300110004959001:
5202201130300160006016090:
5202201130300190009230781:
5202201130300220007402500:
5202201130300250009326612:
5202201130300280009236809:
5202201130413040005264375:
5202201130413100004967900:
5202201130735470008497657:
5202201130736330004998138:
5202201130736370004975531:
5202201130739520004924019:
5202201130742080005255711:
5202201130742120008698279:
5202201130742360009305457:
5202201130742390004989528:
5202201130743310008494564:
5202201130743510004162433:
5202201130744300009236809:
5202201130745120005249710:
5202201130745390006032924:
5202201130745550009296798:
5202201130746010005272371:
5202201130746130005254709:
5202201130746240004159574:
5202201130746270004937490:
5202201130746290008517932:
5202201130746350004946775:
5202201130746370004158137:
5202201130746590004967900:
5202201130747010005264166:
5202201130747080009339273:
5202201130747140004990979:
5202201130747230008499208:
5202201130747250009351823:
5202201130747370005263969:
5202201130747520004950845:
5202201130747590004958379:
5202201130748090008676811:
5202201130748190004989073:
5202201130748200004966903:
5202201130748240005012521:
5202201130748320005258530:
5202201130748340009341030:
5202201130748440009346170:
5202201130749020005258230:
5202201130749080005258218:
5202201130749100004932359:
5202201130749140004154825:
5202201130749160009341030:
5202201130749320005001068:
5202201130749350004957738:
5202201130749370004995938:
5202201130749390009339792:
5202201130749420008690529:
5202201130749440005272229:
5202201130749530004922969:
5202201130750180005272316:
5202201130750280004931257:
5202201130750340005251351:
5202201130750390004923159:
5202201130750410009285513:
5202201130750500005248392:
5202201130750540004976589:
5202201130750560004994074:
5202201130750590004969726:
5202201130751000006036336:
5202201130751030004968004:
5202201130751080005248395:
5202201130751180004938202:
5202201130751240005271890:
5202201130751380004998544:
5202201130751400005272102:
5202201130751441513645885:
5202201130751500009346362:
5202201130751521513645885:
5202201130751540005012946:
5202201130751570001083110:
5202201130752000007402500:
5202201130752060004950937:
5202201130752100005258489:
5202201130752110009340824:
5202201130752130008699606:
5202201130752240009233710:
5202201130752260005256328:
5202201130752280005258468:
5202201130752390004961787:
5202201130752460004964719:
5202201130752480009234480:
5202201130752500004963073:
5202201130752520009352009:
5202201130752540004946517:
5202201130752560005255627:
5202201130752570004160640:
5202201130752590004997873:
5202201130753000006039493:
5202201130753030009305197:
5202201130753100008516236:
5202201130753160004966418:
5202201130753230004160314:
5202201130753290008694659:
5202201130753310004993674:
5202201130753330005268448:
5202201130753350008692450:
5202201130753370004972171:
5202201130753390005270002:
5202201130753410005249573:
5202201130753430005004855:
5202201130753450004159572:
5202201130753490005266259:
5202201130753520008503171:
5202201130753540002854367:
5202201130753570004947159:
5202201130753590005258531:
5202201130754000008718216:
5202201130754020008503915:
5202201130754040005262050:
5202201130754100006025812:
5202201130754120004963630:
5202201130754140005262050:
5202201130754160004155440:
5202201130754180009347607:
5202201130754200004953135:
5202201130754220004154152:
5202201130754240004162162:
5202201130754250006030142:
5202201130754270008500113:
5202201130754290004936419:
5202201130754310004980727:
5202201130754330004162431:
5202201130754360008513950:
5202201130754380004968761:
5202201130754420009230781:
5202201130754450007412611:
5202201130754470004155441:
5202201130754520005271892:
5202201130754540005268169:
5202201130754570009351308:
5202201130754590009335539:
5202201130755000004157151:
5202201130755020006037924:
5202201130755040004968194:
5202201130755050001108277:
5202201130755070004163899:
5202201130755090001108277:
5202201130755110009346707:
5202201130755140004972420:
5202201130755160005272116:
5202201130755170004167711:
5202201130755200005254540:
5202201130755210007407459:
5202201130755230008696388:
5202201130755240008510716:
5202201130755260001079288:
5202201130755270004996716:
5202201130755310008706494:
5202201130755320004965814:
5202201130755340006028799:
5202201130755360009282809:
5202201130755370009339219:
5202201130755390005250927:
5202201130755400005270984:
5202201130755420009252984:
5202201130755430004165890:
5202201130755450004992022:
5202201130755470006021994:
5202201130755490004966986:
5202201130755510005267056:
5202201130755520004968100:
5202201130755540004966761:
5202201130755550004989232:
5202201130755570005272911:
5202201130755590008496310:
5202201130756000005272914:
5202201130756020009321334:
5202201130756030005272107:
5202201130756050004957428:
5202201130756060004967416:
5202201130756080008701083:
5202201130756100009254908:
5202201130756120004937390:
5202201130756130006025807:
5202201130756150003920040:
5202201130756160000000957:
5202201130756180009324076:
5202201130756200004951489:
5202201130756220009226440:
5202201130756230007414082:
5202201130756250004927329:
5202201130756270008494201:
5202201130756290005006101:
5202201130756310004965754:
5202201130756330004157441:
5202201130756350008512216:
5202201130756360003137991:
5202201130756380004167842:
5202201130756400009352010:
5202201130756410008510090:
5202201130756430006041875:
5202201130756440005249647:
5202201130756460004932362:
5202201130756470004929713:
5202201130756490004921536:
5202201130756510009288913:
5202201130756520005254929:
5202201130756540008699992:
5202201130756560004999443:
5202201130756570005272110:
5202201130756590005267476:
5202201130757000004163901:
5202201130757020004169060:
5202201130757040004997809:
5202201130757050004996986:
5202201130757080004927727:
5202201130757100005264382:
5202201130757110005258559:
5202201130757130005270168:
5202201130757160004992723:
5202201130757180005264543:
5202201130757190005259619:
5202201130757211513409863:
5202201130757220005258216:
5202201130757240008506766:
5202201130757250004997809:
5202201130757270009342981:
5202201130757280004993409:
5202201130757300005272908:
5202201130757310004975166:
5202201130757330008710216:
5202201130757340009225481:
5202201130757360004924182:
5202201130757370009292038:
5202201130757390005258560:
5202201130757400004167847:
5202201130757420004951445:
5202201130757430004981830:
5202201130757450004990111:
5202201130757460004602281:
5202201130757480009297056:
5202201130757500004964878:
5202201130757520009346035:
5202201130757540005258213:
5202201130757550006033000:
5202201130757580005248597:
5202201130758010004975875:
5202201130758030008518736:
5202201130758040005268446:
5202201130758060004161986:
5202201130758080004930090:
5202201130758090005255416:
5202201130758110009342954:
5202201130758130009331842:
5202201130758140004167712:
5202201130758170008494613:
5202201130758190005272912:
5202201130758200005264379:
5202201130758220005006528:
5202201130758230005005063:
5202201130758250004936058:
5202201130758260008695905:
5202201130758280005012741:
5202201130758290008707911:
5202201130758310005251020:
5202201130758330005259624:
5202201130758350005268447:
5202201130758370005251562:
5202201130758410009340820:
5202201130758420009342959:
5202201130758440005265084:
5202201130758460004599825:
5202201130758480004987744:
5202201130758490009324879:
5202201130758510008695330:
5202201130758520004931925:
5202201130758540009292116:
5202201130758560009327620:
5202201130758580004929016:
5202201130758590005251354:
5202201130759010005266257:
5202201130759020004988966:
5202201130759040005253450:
5202201130759050008698315:
5202201130759070005252358:
5202201130759090004954090:
5202201130759100004967073:
5202201130759120008495468:
5202201130759140004957545:
5202201130759160004599827:
5202201130759180008511222:
5202201130759200004599827:
5202201130759210004966362:
5202201130759230006022852:
5202201130759250005251013:
5202201130759260004935186:
5202201130759280008686663:
5202201130759290008502189:
5202201130759310009236810:
5202201130759320005268311:
5202201130759340005252150:
5202201130759350004934727:
5202201130759370005264310:
5202201130759390005248458:
5202201130759410007395592:
5202201130759420004934727:
5202201130759440004959001:
5202201130759460007419049:
5202201130759470005263919:
5202201130759490004929645:
5202201130759500008499471:
5202201130759520008493750:
5202201130759530004937089:
5202201130759550005273381:
5202201130759560008502189:
5202201130759580009247696:
5202201130759590004996481:
5202201130800010004923548:
5202201130800030005251564:
5202201130800050004975477:
5202201130800070005272111:
5202201130800080008497935:
5202201130800100004961333:
5202201130800120009348543:
5202201130800130009232653:
5202201130800170004963035:
5202201130800310005263920:
5202201130800350005264720:
5202201130800380006028797:
5202201130800450005268167:
5202201130800520004178213:
5202201130800580005272917:
5202201130801020006029990:
5202201130801040009354001:
5202201130801120006030118:
5202201130801150004162742:
5202201130801200007421210:
5202201130801220005259622:
5202201130801310004160018:
5202201130801400009339834:
5202201130801420006033720:
5202201130802120008697063:
5202201130802470004164230:
5202201130803130005010999:
5202201130803170004966802:
5202201130803550005257616:
5202201130804020009280491:
5202201130804170006041103:
5202201130804210005263715:
5202201130804450006039969:
5202201130804470009281814:
5202201130804550005264375:
5202201130805290009226392:
5202201130805450008426248:
5202201130806130005004848:
5202201130808290009339803:
5202201130824310004160016:
5202201130858500006016277:
5202201131306370009348543:
5202201131700300008510716:
5202201131703360008698279:
5202201131716340004959001:
5202201131727060005251357:
5202201131730380004167710:
5202201131736490004930576:
5202201131756030004951327:
5202201131804430005251354:
5202201131816140009310727:
5202201131900140008691341:
5202201131900510004987731:
5202201131901120008692560:
5202201131901140002854367:
5202201131901530004946775:
5202201131903110005263715:
5202201131903230006016276:
5202201131903340007412611:
5202201131903410004596346:
5202201131905190008494613:
5202201131907580004958069:
5202201131909480008509836:
5202201131913010004975069:
5202201131957490004966903:
5202201131958210005272107:
5202201131959110009327615:
5202201131959120009331842:
5202201131959250005005263:
5202201131959500008508757:
5202201132000010004987025:
5202201132000030005267477:
5202201132000040005012521:
5202201132000060006036336:
5202201132000120004605849:
5202201132000130004158333:
5202201132000150009309829:
5202201132000170005009382:
5202201132000180004962972:
5202201132000210005248597:
5202201132000370009232653:
5202201132000380004160016:
5202201132000400008680280:
5202201132000410005248396:
5202201132000450004989670:
5202201132000480004976407:
5202201132000500006039506:
5202201132000520007395592:
5202201132000560004605851:
5202201132000580005264721:
5202201132001020005262498:
5202201132001040007404782:
5202201132001070004946192:
5202201132001120009253739:
5202201132001190007414082:
5202201132001580001079879:
5202201132002030004167715:
5202201132002060005257313:
5202201132002330005248389:
5202201132002480005267475:
5202201132003040005005063:
5202201132003270004926646:
5202201132003450008517056:
5202201132003550005265555:
5202201132004070001087528:
5202201132004260008502189:
5202201132005550005254540:
5202201132006040005258756:
5202201132006220005251557:
5202201132006290005249559:
5202201132007210005272102:
5202201132008120005264543:
5202201132008150004160637:
5202201132008530004163933:
5202201132035240004160016:
5202201132101460008698044:
5202201132102360005252072:
5202201132104300009354001:
5202201132114350004982114:
5202201132115360004957428:
5202201132153000005259622:
5202201132158480004163937:
5202201132159120005270174:
5202201132159130008497657:
5202201132159220002851478:
5202201132159260006033001:
5202201132159360008702698:
5202201132159490002851478:
5202201132159570004954665:
5202201132159580005272807:
5202201132200000009286624:
5202201132200010005272807:
5202201132200030006033001:
5202201132200040005248387:
5202201132200060008709369:
5202201132200080004942039:
5202201132200170009324637:
5202201132200210008499805:
5202201132200230005252073:
5202201132200260005256125:
5202201132200310004928175:
5202201132200410005251361:
5202201132200490006018008:
5202201132201080009226447:
5202201132201130004948548:
5202201132201200004963073:
5202201132201230005258531:
5202201132201260005252028:
5202201132201310005253082:
5202201132201410005270720:
5202201132201490005272192:
5202201132202100008492776:
5202201132202220009286624:
5202201132203180004929645:
5202201132203220009278808:
5202201132203390008516772:
5202201132203480004949598:
5202201132204130008508290:
5202201132204140005268686:
5202201132204210005259968:
5202201132205010004157151:
5202201132205040009339834:
5202201132205060005259968:
5202201132205110008506597:
5202201132207120004164230:
5202201132207540007421743:
5202201132210150009287614:
5202201132210510004162744:
5202201132211040005248880:
5202201132215420005264375:
5202201132215510005272917:
5202201132206570009305197:
5202201132300000009288913:
5202201132300020005257616:
5202201132300060008697063:
5202201132300220005248596:
5202201132300240004993672:
5202201132300320009301802:
5202201132300330004975477:
5202201132300350004967606:
5202201132300370004941508:
5202201132300390005272908:
5202201132300400004604852:
5202201132300420005264380:
5202201132300440005255416:
5202201132300460005264379:
5202201132300470005265079:
5202201132300490004965754:
5202201132300510008511510:
5202201132300530006015460:
5202201132300550004161986:
5202201132300570005257311:
5202201132300590004164226:
5202201132301030005012405:
5202201132301040008504091:
5202201132301070009254908:
5202201132301090008431645:
5202201132301120004936557:
5202201132301160004932392:
5202201132301200004165890:
5202201132301290005272907:
5202201132301360005263969:
5202201132301370004605847:
5202201132301390005264312:
5202201132302090004998544:
5202201132302120005272915:
5202201132302160009240533:
5202201132302180004964878:
5202201132302200009281928:
5202201132302350000431430:
5202201132302400004976589:
5202201132303450007421690:
5202201132304320008690234:
5202201132305210004961532:
5202201132309290004165753:
5202201132359480004930576:
6202201130259310004966178:
6202201130300160005264373:
6202201130300180005255674:
6202201130300210005270771:
6202201130300270004998074:
6202201130300290008688253:
6202201130300300008680280:
6202201130309590005252016:
6202201130310000005007161:
6202201130310040008494964:
6202201130412280007402498:
6202201130412330004968173:
6202201130412360009241075:
6202201130412400005258224:
6202201130412450005264375:
6202201130412470005258224:
6202201130412500004967900:
6202201130729240004951327:
6202201130738000005257617:
6202201130738020004167715:
6202201130738110005257617:
6202201130738140004167715:
6202201130739040005251561:
6202201130739080004159576:
6202201130739140004163902:
6202201130739410004933960:
6202201130739530004163933:
6202201130741320005270716:
6202201130742210007404782:
6202201130742430004596348:
6202201130742480007404782:
6202201130744140004961022:
6202201130744190005272915:
6202201130744220004961022:
6202201130744260004165522:
6202201130744490004168208:
6202201130745280004936688:
6202201130745320005006315:
6202201130745380004968173:
6202201130746220008683421:
6202201130746430004946192:
6202201130747330004990979:
6202201130747550005263969:
6202201130747580004961644:
6202201130748020008499805:
6202201130748100008517056:
6202201130748130004998074:
6202201130748160005252073:
6202201130748180007407499:
6202201130748210005006747:
6202201130748320004604852:
6202201130748370005251019:
6202201130748440004605849:
6202201130748470005270983:
6202201130749060004596346:
6202201130749090005248390:
6202201130749270005267345:
6202201130749460008708048:
6202201130749480005001068:
6202201130749500005249706:
6202201130749530005254707:
6202201130750210005008853:
6202201130750240004926646:
6202201130750280004165528:
6202201130750340004158136:
6202201130750400004596345:
6202201130750430005262500:
6202201130750460005263968:
6202201130750490005267482:
6202201130750520008508290:
6202201130750540005268686:
6202201130750570004931257:
6202201130750580004144913:
6202201130751020005270174:
6202201130751110004976589:
6202201130751160009283931:
6202201130751200005012405:
6202201130751230004965866:
6202201130751260005257316:
6202201130751360006039510:
6202201130751430004163931:
6202201130751480005248881:
6202201130751570004998544:
6202201130752000005272102:
6202201130752040008492776:
6202201130752070005270000:
6202201130752100004975255:
6202201130752110009348776:
6202201130752130008492776:
6202201130752150004162750:
6202201130752220004987025:
6202201130752290004965031:
6202201130752390004967296:
6202201130752430005248457:
6202201130752490005262499:
6202201130752520004605847:
6202201130753030005257311:
6202201130753150005251361:
6202201130753180004159579:
6202201130753200005262094:
6202201130753220004596347:
6202201130753240009287614:
6202201130753280004164226:
6202201130753360008690234:
6202201130753430001087528:
6202201130753500008679943:
6202201130753520005272112:
6202201130753550008693920:
6202201130753570009339225:
6202201130753580009278808:
6202201130754000005264721:
6202201130754000008689944:
6202201130754040008508441:
6202201130754070009342978:
6202201130754080005262498:
6202201130754120004976000:
6202201130754140004932392:
6202201130754160005248396:
6202201130754190005262498:
6202201130754210004928604:
6202201130754240005265079:
6202201130754270005273379:
6202201130754300009252946:
6202201130754330004993934:
6202201130754370004965502:
6202201130754380004949437:
6202201130754400009233704:
6202201130754530004162431:
6202201130754580005264312:
6202201130755050004952471:
6202201130755070007412611:
6202201130755090004970930:
6202201130755100005272907:
6202201130755130004160313:
6202201130755170004922029:
6202201130755200005270075:
6202201130755220004157151:
6202201130755260004968194:
6202201130755290004154823:
6202201130755310004163930:
6202201130755360005252148:
6202201130755380004987731:
6202201130755400004162748:
6202201130755430000424146:
6202201130755460004167851:
6202201130755480004168205:
6202201130755500005264728:
6202201130755520005254712:
6202201130755540005271893:
6202201130755550005268312:
6202201130755580005273380:
6202201130756030005248391:
6202201130756050005270173:
6202201130756070005252357:
6202201130756100006016276:
6202201130756130004161985:
6202201130756150004968100:
6202201130756160004981546:
6202201130756190004952169:
6202201130756210008686117:
6202201130756240005248880:
6202201130756260009254908:
6202201130756280009275492:
6202201130756300005248596:
6202201130756320005270771:
6202201130756340005255674:
6202201130756360004933902:
6202201130756380004966750:
6202201130756400004989670:
6202201130756420004599830:
6202201130756440004975690:
6202201130756470004962972:
6202201130756500004989794:
6202201130756520008431645:
6202201130756540004164010:
6202201130756560004965754:
6202201130756570005257314:
6202201130756590005254537:
6202201130757000009233695:
6202201130757020004167844:
6202201130757040009230812:
6202201130757060005273378:
6202201130757070004159578:
6202201130757090006018008:
6202201130757120005252149:
6202201130757140008699992:
6202201130757160005254929:
6202201130757170009286387:
6202201130757190005253082:
6202201130757200005267476:
6202201130757230008506074:
6202201130757250005250645:
6202201130757270004928175:
6202201130757280008693892:
6202201130757300008498188:
6202201130757320004961532:
6202201130757340004160017:
6202201130757360004961532:
6202201130757370004927727:
6202201130757390008501795:
6202201130757420001114611:
6202201130757430006039974:
6202201130757450005253081:
6202201130757460004935629:
6202201130757480004045200:
6202201130757510004160011:
6202201130757530006018006:
6202201130757540009240533:
6202201130757560009351768:
6202201130757580004962579:
6202201130758000005272290:
6202201130758020005265078:
6202201130758030008507829:
6202201130758050005258560:
6202201130758070008709393:
6202201130758090004964878:
6202201130758110004949598:
6202201130758130009286616:
6202201130758150005261578:
6202201130758180005261060:
6202201130758190006015460:
6202201130758210005270004:
6202201130758230004161986:
6202201130758260004162749:
6202201130758280005255416:
6202201130758310004968472:
6202201130758330009331842:
6202201130758350009342954:
6202201130758360008494613:
6202201130758400008499556:
6202201130758410005264379:
6202201130758440004949140:
6202201130758460005268162:
6202201130758500005268447:
6202201130758530004989524:
6202201130758570005005063:
6202201130758590005266258:
6202201130759010004167709:
6202201130759050004980976:
6202201130759060009324879:
6202201130759090005254706:
6202201130759120006039129:
6202201130759140005258224:
6202201130759180009354391:
6202201130759200003126147:
6202201130759230005249720:
6202201130759250000431430:
6202201130759270008698315:
6202201130759290004167709:
6202201130759310008692560:
6202201130759330005265555:
6202201130759350008696238:
6202201130759400009343593:
6202201130759410004162432:
6202201130759430004966362:
6202201130759460004940881:
6202201130759470009348748:
6202201130759490005263716:
6202201130759510004165521:
6202201130759530005258754:
6202201130759540005267344:
6202201130759560009254212:
6202201130759570005251013:
6202201130759590004162743:
6202201130800010004167713:
6202201130800030009308083:
6202201130800050005262051:
6202201130800060009354582:
6202201130800080004167713:
6202201130800090008511510:
6202201130800110004937930:
6202201130800120004929645:
6202201130800210005262048:
6202201130801220009322590:
6202201130801450009351758:
6202201130801500005268450:
6202201130802090005263975:
6202201130802220004160638:
6202201130802340004948881:
6202201130803020004164230:
6202201130803570005257310:
6202201130804190005272909:
6202201130804330005258214:
6202201130805000009339211:
6202201130805120005264375:
6202201130805200004989820:
6202201130805350004958069:
6202201130805450005266099:
6202201130806220005264381:
6202201130806290005255626:
6202201130806320008506597:
6202201130808260004967312:
6202201130809380005262497:
6202201130816390004924676:
6202201130820070004928581:
6202201130858380005258557:
6202201130858450005262496:
6202201130900480004162428:
6202201130910060005248393:
6202201130912240005262501:
6202201130915370005254423:
6202201130916010006022420:
6202201131304210009348543:
6202201131700310005006315:
6202201131703400005272117:
6202201131705210005268447:
6202201131716370009339792:
6202201131751240005006239:
6202201131815580009310727:
6202201131900030005254537:
6202201131900210004967296:
6202201131900230008499149:
6202201131900310004987731:
6202201131900400004160313:
6202201131900450005254712:
6202201131900470008692560:
6202201131900550002854367:
6202201131901030005009021:
6202201131901330004990979:
6202201131901570005270415:
6202201131902000004990979:
6202201131902020009339837:
6202201131902090008696238:
6202201131902150005273378:
6202201131902170008683421:
6202201131902210005257617:
6202201131902230004596346:
6202201131902290004996445:
6202201131902490007412611:
6202201131902530008497774:
6202201131903030006016276:
6202201131903140006018006:
6202201131903150004929016:
6202201131903290005268312:
6202201131903390004937089:
6202201131904040004168208:
6202201131905020008494613:
6202201131905130004168205:
6202201131905300005264376:
6202201131905530005251562:
6202201131907200004160017:
6202201131907370004958069:
6202201131907500004163906:
6202201131908410004154823:
6202201131910000004159570:
6202201131910240005248662:
6202201131903110009241075:
6202201131959320008508757:
6202201131959350004161985:
6202201131959590004159576:
6202201132000050005252148:
6202201132000070004159576:
6202201132000080004155434:
6202201132000100005262499:
6202201132000110004965031:
6202201132000130009232653:
6202201132000140004159579:
6202201132000160005257316:
6202201132000170005270004:
6202201132000190008680280:
6202201132000200005248396:
6202201132000220009233704:
6202201132000250005270000:
6202201132000270004158136:
6202201132000280009233704:
6202201132000300004976407:
6202201132000310004599827:
6202201132000320005264721:
6202201132000340005267752:
6202201132000350004599827:
6202201132000380005262498:
6202201132000410004599827:
6202201132000430004946192:
6202201132000460005250567:
6202201132000470007404782:
6202201132000500004975690:
6202201132000520005252357:
6202201132000570004602281:
6202201132001020004976000:
6202201132001070005266258:
6202201132001310008689944:
6202201132001330004949437:
6202201132001350004167844:
6202201132001370008697764:
6202201132001380004162743:
6202201132001400004167715:
6202201132001420008686117:
6202201132001440005273380:
6202201132001460005008853:
6202201132001470004162431:
6202201132001550004961333:
6202201132001580008497935:
6202201132002000006021994:
6202201132002090004961644:
6202201132002140004952169:
6202201132002190008695905:
6202201132002210005270173:
6202201132002250004994314:
6202201132002270004952169:
6202201132002290004968886:
6202201132002300004922029:
6202201132002320004961644:
6202201132002360008497634:
6202201132002390005271893:
6202201132002430005005063:
6202201132002450005264727:
6202201132002540004160011:
6202201132002590005262501:
6202201132003010004926646:
6202201132003030009282114:
6202201132003160004952773:
6202201132003210004965866:
6202201132003220008517056:
6202201132003340005265555:
6202201132003360005267479:
6202201132003390005258756:
6202201132003410004968194:
6202201132003430005262048:
6202201132003470001087528:
6202201132003500005258227:
6202201132003540004982680:
6202201132003560004165522:
6202201132004040008502189:
6202201132004230005272290:
6202201132004510005266257:
6202201132004580005251559:
6202201132005330005254540:
6202201132007430004163933:
6202201132007460005264543:
6202201132007480008492480:
6202201132007500004163933:
6202201132009080006033000:
6202201132011540004151371:
6202201132012030005272113:
6202201132015200005264728:
6202201132021120004989524:
6202201132040130009254000:
6202201132041260004975841:
6202201132043370004955828:
6202201132059500007407502:
6202201132059520006019315:
6202201132059540006041103:
6202201132059560005264720:
6202201132102350005249708:
6202201132103410004965502:
6202201132114520005248878:
6202201132106350008500401:
6202201132100030008713215:
6202201132139350005261061:
6202201132158590005270174:
6202201132159060005254536:
6202201132200010005268450:
6202201132200040005256125:
6202201132200060005273787:
6202201132200080005265083:
6202201132200090005265082:
6202201132200110005267443:
6202201132200120004928175:
6202201132200150005006239:
6202201132200180004596347:
6202201132200200004178213:
6202201132200220004163930:
6202201132200230004178213:
6202201132200250005251361:
6202201132200260005268451:
6202201132200280005262051:
6202201132200330006018008:
6202201132200340005268451:
6202201132200360005006528:
6202201132200380005251019:
6202201132200400004165521:
6202201132200440005272115:
6202201132200470005262051:
6202201132200490009226447:
6202201132200500008710875:
6202201132200520005261578:
6202201132200540009335539:
6202201132200560004931257:
6202201132200580004966750:
6202201132200590005252149:
6202201132201140005253082:
6202201132201150004967379:
6202201132201170005255628:
6202201132201190004162749:
6202201132201210008496367:
6202201132201220004948585:
6202201132201260004962579:
6202201132201290005272909:
6202201132201420008709393:
6202201132201450004994575:
6202201132201470008492776:
6202201132201480008709393:
6202201132201530004990111:
6202201132201550004968100:
6202201132202000004933902:
6202201132202140008708048:
6202201132202180001114611:
6202201132202200008699992:
6202201132202410006039510:
6202201132202510008506074:
6202201132202590004992307:
6202201132203020008501795:
6202201132203040005251021:
6202201132203060009278808:
6202201132203090004164225:
6202201132203120004164228:
6202201132203140006033720:
6202201132203180004996986:
6202201132203220004927727:
6202201132203250004996986:
6202201132203270004927727:
6202201132203300004949598:
6202201132203530009252946:
6202201132203540004927029:
6202201132203560008508290:
6202201132203580009252946:
6202201132203590005268686:
6202201132204320005272112:
6202201132204410004157151:
6202201132204430007419049:
6202201132204460005270716:
6202201132204500009343593:
6202201132206110005267056:
6202201132206280004979341:
6202201132206560004164230:
6202201132207320007421743:
6202201132208120009308083:
6202201132208450004144913:
6202201132208480004163931:
6202201132209160006021991:
6202201132210450005248880:
6202201132215240005264375:
6202201132217260005267723:
6202201132217280004154824:
6202201132209100004162134:
6202201132200240005268167:
6202201132235330007421210:
6202201132241140005255626:
6202201132241160005257310:
6202201132241390005272188:
6202201132255370008510378:
6202201132259090005273381:
6202201132259110005272292:
6202201132259180005258757:
6202201132259320004596348:
6202201132259450004966591:
6202201132259590008696388:
6202201132300020005249706:
6202201132300030004936688:
6202201132300050004961022:
6202201132300070005264380:
6202201132300080004596348:
6202201132300100004961022:
6202201132300120004949833:
6202201132300140009301802:
6202201132300150004941508:
6202201132300170004604852:
6202201132300190004935629:
6202201132300210005272908:
6202201132300220005265079:
6202201132300240004167851:
6202201132300250004966490:
6202201132300270005264379:
6202201132300280008511510:
6202201132300300008507829:
6202201132300310004164226:
6202201132300330008511510:
6202201132300340006015460:
6202201132300360008707911:
6202201132300370004599830:
6202201132300390005012405:
6202201132300400008504091:
6202201132300421513409863:
6202201132300450004599830:
6202201132300460008431645:
6202201132300480009254908:
6202201132300490005001068:
6202201132300510004936557:
6202201132300520009322590:
6202201132300540004932392:
6202201132300550005263970:
6202201132300570009230812:
6202201132300590004165890:
6202201132301000006031524:
6202201132301020004989794:
6202201132301040005270006:
6202201132301060005253081:
6202201132301130008495468:
6202201132301160005253081:
6202201132301180005263969:
6202201132301190005264312:
6202201132301210004605847:
6202201132301240004159578:
6202201132301260004923617:
6202201132301290005272915:
6202201132301390005254929:
6202201132301410005251013:
6202201132301430005272915:
6202201132301450004998544:
6202201132301480005254929:
6202201132301490009286616:
6202201132301510005268162:
6202201132301530009240533:
6202201132301550004964878:
6202201132302010005272195:
6202201132302230004976589:
6202201132302560005272189:
6202201132302570005250645:
6202201132303340004989820:
6202201132303490009339211:
6202201132303520005267345:
6202201132303530004162742:
6202201132303560004596350:
6202201132303580005267482:
6202201132304150008690234:
6202201132304580004961532:
6202201132305000005254706:
6202201132305020005258556:
6202201132305030004961532:
6202201132306410006037924:
6202201132306440004167711:
6202201132307030003916932:
6202201132309130004165753:
6202201132311010004163902:
6202201132311060005263920:
8202201130746090006015165:
8202201130746110003137754:
8202201130747270007396382:
8202201130747560009280051:
8202201130748080005264166:
8202201130748540005264545:
8202201130749130004965170:
8202201130749190005251015:
8202201130750080009273291:
8202201130750160008511681:
8202201130750190008445656:
8202201130750220001087543:
8202201130750300005249724:
8202201130750520009339792:
8202201130750550008708048:
8202201130750570008496149:
8202201130751510004981013:
8202201130752140008690224:
8202201130752170005272103:
8202201130752200004154147:
8202201130752230004154153:
8202201130752400009346340:
8202201130752580009236868:
8202201130753070005001262:
8202201130753090009296645:
8202201130753120004941228:
8202201130753150004932608:
8202201130753190005249712:
8202201130753210004605843:
8202201130753290009234249:
8202201130753310004957311:
8202201130753340005264311:
8202201130753490004952531:
8202201130753560005248602:
8202201130753590004974727:
8202201130754040009324118:
8202201130754070005258478:
8202201130754130004929419:
8202201130754190009324629:
8202201130754260009250787:
8202201130754300004927575:
8202201130754320005263971:
8202201130754340005251356:
8202201130754380009311280:
8202201130754430004154824:
8202201130754530004990686:
8202201130754540008695597:
8202201130755190004991542:
8202201130755280005270720:
8202201130755320004931038:
8202201130755380008500626:
8202201130756070004967114:
8202201130756130005005263:
8202201130756220008493340:
8202201130756240004927539:
8202201130756370005272116:
8202201130756410004163900:
8202201130756430008710875:
8202201130756450003126360:
8202201130756540005252017:
8202201130756570004989259:
8202201130757020009305260:
8202201130757060004948548:
8202201130757080009226817:
8202201130757120009346055:
8202201130757160005248394:
8202201130757180009252994:
8202201130757200005258556:
8202201130757270004953437:
8202201130757340005268443:
8202201130757360005270181:
8202201130757380005008693:
8202201130757400008504234:
8202201130757410009341511:
8202201130758420009324605:
8202201130758460004966591:
8202201130758520005252028:
8202201130758550004965343:
8202201130759480008512783:
8202201130802420008509836:
8202201130803220005251556:
8202201131700500005248602:
8202201131702190009342978:
8202201131900150009253995:
8202201131900170005008693:
8202201131900190009346055:
8202201131900210005270181:
8202201131900390004929419:
8202201131901460005268443:
8202201131901480004951868:
8202201131901540005007370:
8202201131901560005251020:
8202201131902030004952471:
8202201131902390009326600:
8202201131902420004965170:
8202201131902480000431385:
8202201131902510008511222:
8202201131903400006022158:
8202201131908240004989657:
8202201131910480009283323:
8202201131957520006036336:
8202201132000000005252017:
8202201132000020009346340:
8202201132000030009283931:
8202201132000050009250787:
8202201132000070004991542:
8202201132000080004927575:
8202201132000100009252994:
8202201132000120004968761:
8202201132000130008512783:
8202201132000150009296645:
8202201132000160005001262:
8202201132000180009234249:
8202201132000200005259965:
8202201132000280004967114:
8202201132000300005259965:
8202201132000330004952531:
8202201132000350004990686:
8202201132000370005249560:
8202201132000410009343592:
8202201132000430005249560:
8202201132000440005012741:
8202201132000460005264382:
8202201132000480005264170:
8202201132000500005258488:
8202201132000520005251016:
8202201132000540004929270:
8202201132000560004154147:
8202201132000580008496149:
8202201132001010004990375:
8202201132001020009292038:
8202201132001040004605843:
8202201132001060009292038:
8202201132001070004972892:
8202201132001090004163900:
8202201132001110008495426:
8202201132001120008504234:
8202201132001150008502693:
8202201132001170004996716:
8202201132001190004154155:
8202201132001210005261060:
8202201132001230004936413:
8202201132001250005258478:
8202201132001350004936413:
8202201132001410005250927:
8202201132001430005272116:
8202201132001480001087543:
8202201132001550007402196:
8202201132001590004988966:
8202201132002030006028957:
8202201132002200004154153:
8202201132003190005251556:
8202201132004570004969304:
8202201132005060004167849:
8202201132122160005254424:
8202201132200010004932608:
8202201132200030004929713:
8202201132200050005249724:
8202201132200090004929713:
8202201132200110005265084:
8202201132200130004963073:
8202201132200150004169060:
8202201132200160008501835:
8202201132200190005270720:
8202201132200200005267476:
8202201132200260008708048:
8202201132200290004936058:
8202201132200330004981013:
8202201132200520005264545:
8202201132200540007396382:
8202201132200560009295454:
8202201132200590004931038:
8202201132201010005254707:
8202201132201040003137754:
8202201132201060004989259:
8202201132201090009336959:
8202201132201130006030145:
8202201132201140005254710:
8202201132201160008445656:
8202201132201180004965343:
8202201132201190003126360:
8202201132201220005251015:
8202201132201250004941228:
8202201132201310009295891:
8202201132201340006015165:
8202201132201360004993934:
8202201132201390009327620:
8202201132201570009287195:
8202201132202010005251356:
8202201132202020005263971:
8202201132202040004969598:
8202201132202050007407499:
8202201132202070009324605:
8202201132202090008511681:
8202201132202110004957855:
8202201132202140005264311:
8202201132202170009226797:
8202201132202190004927539:
8202201132202200004974136:
8202201132202220006028799:
8202201132202240009233695:
8202201132202260009305260:
8202201132202440005264171:
8202201132202510009226821:
8202201132202590008500626:
8202201132203020008493340:
8202201132203040009324629:
8202201132203050008506912:
8202201132203580005011155:
8202201132204330009341742:
8202201132209100005252032:
8202201132209140007422489:
8202201132300000005258213:
8202201132300110009342143:
8202201132300200007407459:
8202201132300250009339817:
8202201132300260007407459:
8202201132300280004953135:
8202201132300300009339817:
8202201132300330004164864:
8202201132300360004953650:
8202201132300570009281928:
8202201132301030004968173:
8202201132301240004162428:
8202201132301260005248457:
8202201132301280005263919:
8202201132301320009311280:
8202201132301340009236868:
8202201132304080004930608:
8202201132308470005270171:
8202201132359030009234457:
