1202311030000230009346170:
1202311030000250004963630:
1202311030000300006842852:
1202311030000560008927874:
1202311030001020013957674:
1202311030001040004163901:
1202311030001060004158137:
1202311030001080013957674:
1202311030001120008706494:
1202311030002050004989524:
1202311030003140008951863:
1202311030004530013926955:
1202311030005100013842991:
1202311030005170009252984:
1202311030005190006841009:
1202311030006010008962128:
1202311030015590013850420:
1202311030016080013822493:
1202311030016100006810085:
1202311030016120013850420:
1202311030016130006846728:
1202311030016180006820584:
1202311030016210006846728:
1202311030016220006810085:
1202311030016240013822493:
1202311030016270009279709:
1202311030016310013823161:
1202311030016330005272110:
1202311030016340013863115:
1202311030016360013919218:
1202311030016380008702320:
1202311030018150009001249:
1202311030019050006843948:
1202311030019090009001249:
1202311030153180004967900:
2202311030000240008927874:
2202311030004380013926955:
2202311030004430009324076:
2202311030004500013842761:
2202311030004540013838853:
2202311030005440008962128:
4202311030002090009232376:
4202311030002210004989524:
4202311030807200009232376:
4202311031333120009232376:
5202311030013560013941962:
5202311030017410013927675:
5202311030023240004948851:
5202311030030420005248387:
5202311030030470004933649:
5202311030119110008497463:
5202311030119130006819691:
5202311030128531513646659:
5202311030129260004953953:
5202311030129290005006768:
5202311030139080009003852:
5202311030139100009002699:
5202311030139120007398914:
5202311030139150008977159:
5202311030139160007398914:
5202311030139200008966780:
5202311030139220008958163:
5202311030139230006810888:
5202311030139250006833508:
5202311030139280013957305:
5202311030139290006828182:
5202311030139380004155439:
5202311030139500008978157:
5202311030154200004967900:
6202311030002010009232376:
6202311030002040009285513:
6202311030002250004989524:
6202311030105400006828387:
6202311030106180007398203:
6202311030152480006821343:
6202311030152550004967900:
6202311030807270009232376:
6202311031333180009232376:
9202311030104280006808211:
9202311030104450006828387:
9202311030105240007398203:
9202311030151080006821343:
9202311030151150004967900:
9202311031332230009285513:
