2202107020730000006040161:
2202107020730070008506907:
2202107020735550008514157:
2202107020736520004932123:
2202107020737560008515447:
2202107020738290001079879:
2202107020738340009286624:
2202107020738380009281753:
2202107020740110008495037:
2202107020740380008500956:
2202107020740450009300607:
2202107020741510003915458:
2202107020742040004936954:
2202107020742400007415195:
2202107020742490009297569:
2202107020743001513646659:
2202107020744030006039969:
2202107020744410008706494:
2202107020745150005006768:
2202107020745180004935885:
2202107020745240008698044:
2202107020745260008497657:
2202107020745290009321334:
2202107020745320008494564:
2202107020746290008690941:
2202107020748530009304051:
2202107020749040008681883:
2202107020749130009288638:
2202107020749200009307295:
2202107020749220008694944:
2202107020749390009311703:
2202107020749430008694944:
2202107020749570008503198:
2202107020750040009248259:
2202107020750060009314167:
2202107020750070006751664:
2202107020750090009300596:
2202107020750180008503915:
2202107020750210009296798:
2202107020750250006030135:
2202107020750270006018005:
2202107020750421513628688:
2202107020750440009272184:
2202107020750590004921466:
2202107020751010008686064:
2202107020751030004921466:
2202107020751040008439606:
2202107020751320009342183:
2202107020751400008429638:
2202107020751480007411321:
2202107020752170004940674:
2202107020752250006036993:
2202107020752390009346063:
2202107020752420009253997:
2202107020752440009225523:
2202107020752500006021875:
2202107020752580006036321:
2202107020753050009288224:
2202107020753080009283296:
2202107020753090009288224:
2202107020753110009326618:
2202107020753140009276908:
2202107020753160009287011:
2202107020753190007398914:
2202107020753220008509806:
2202107020753270009236810:
2202107020753340009321818:
2202107020753390008697836:
2202107020753440009301551:
2202107020753460008510696:
2202107020753490006016275:
2202107020753510009301551:
2202107020753530000431412:
2202107020754020009254229:
2202107020754060008717926:
2202107020754080000431412:
2202107020754120006022852:
2202107020754140008492705:
2202107020754410008709061:
2202107020754500006019430:
2202107020754550008497276:
2202107020755000002851465:
2202107020755070008688253:
2202107020755110004937625:
2202107020755170008701527:
2202107020755210008509901:
2202107020755230009252984:
2202107020755250009339828:
2202107020755260009275335:
2202107020755320008678354:
2202107020755350002851478:
2202107020755390006033001:
2202107020755440008686663:
2202107020755510008505663:
2202107020755540008504258:
2202107020755560007402482:
2202107020755580009234089:
2202107020756000009346038:
2202107020756030008690794:
2202107020756070009324138:
2202107020756100009226826:
2202107020756220008496191:
2202107020756250004969598:
2202107020756340008707832:
2202107020756370008709369:
2202107020756390008508587:
2202107020756450006021877:
2202107020756520009232187:
2202107020756560004937089:
2202107020757130004947963:
2202107020757200006029990:
2202107020757240008702320:
2202107020757260009341030:
2202107020757300008496310:
2202107020757340008493366:
2202107020757360004975565:
2202107020757390009288913:
2202107020757400004975565:
2202107020757420009231410:
2202107020757440009297664:
2202107020757460009293911:
2202107020757480009281193:
2202107020757490004950247:
2202107020757520006014349:
2202107020757550007421743:
2202107020757590009309829:
2202107020758020006036318:
2202107020758110009253991:
2202107020758130007419049:
2202107020758150009288270:
2202107020758170009290365:
2202107020758180009339797:
2202107020758280009340483:
2202107020758300004946782:
2202107020758320009303870:
2202107020758350009277203:
2202107020758370009226392:
2202107020758400009232653:
2202107020758430009277203:
2202107020758450009314286:
2202107020758470008495616:
2202107020758510004974944:
2202107020758530006026797:
2202107020758540008519522:
2202107020758590006020195:
2202107020759070009289101:
2202107020759091513637915:
2202107020759120009330833:
2202107020759140008713719:
2202107020759190004931897:
2202107020759210004975875:
2202107020759230006042277:
2202107020759310009294273:
2202107020759340006020220:
2202107020759360009248283:
2202107020759380004950546:
2202107020759390008508589:
2202107020759420009298207:
2202107020759510006019428:
2202107020759540008512035:
2202107020759560004967002:
2202107020759580006024122:
2202107020800000008716113:
2202107020800010007395586:
2202107020800160008500567:
2202107020800300004951445:
2202107020800340009226400:
2202107020800380009340499:
2202107020800410008703345:
2202107020800430004923617:
2202107020800460007422489:
2202107020800480008509894:
2202107020800510008699143:
2202107020800530009254183:
2202107020801060006010458:
2202107020801100006042274:
2202107020801130008493833:
2202107020801160009279481:
2202107020801250004966904:
2202107020801350008512000:
2202107020801370006040952:
2202107020801380008500312:
2202107020801400009354391:
2202107020801420009226816:
2202107020801480004948851:
2202107020801510009230754:
2202107020801540009339524:
2202107020801580004972145:
2202107020802050006032030:
2202107020802100006030145:
2202107020802120008680442:
2202107020802270006021991:
2202107020802500008692587:
2202107020803140009342982:
2202107020803170008515910:
2202107020803260000424146:
2202107020803400008688767:
2202107020804000008506912:
2202107020804030009225495:
2202107020804080008680789:
2202107020804250009322682:
2202107020804350006041103:
2202107020804370008710957:
2202107020805090008424093:
2202107020805150003137987:
2202107020805340009339144:
2202107020805420007409900:
2202107020806310008508326:
2202107020806370008426247:
2202107020806390007421210:
2202107020806570009307388:
2202107020807200006027553:
2202107020807220004940114:
2202107020807350008502364:
2202107020808390008494964:
2202107020809090006031525:
2202107020809150009246193:
2202107020809170008426248:
2202107020809190006022855:
2202107020809210008677300:
2202107020809350002851459:
2202107020809560008510378:
2202107020810270009289323:
2202107020810450009343364:
2202107020811460008497795:
2202107020812270008701083:
2202107020814220004181482:
2202107020814520006022439:
2202107020816110006027540:
2202107020816130009303525:
2202107020818210008506632:
2202107020818260001083941:
2202107020819050007410282:
2202107020820430006009777:
2202107020820530008493028:
2202107020824370008504041:
2202107020824430008519041:
2202107020834540009292038:
2202107020838580009282101:
2202107020839220006031526:
2202107020848380009321319:
2202107020855120009254000:
2202107020856210009339824:
2202107020932090009293535:
2202107020934000009313676:
2202107021002060009313530:
2202107021659040006042277:
2202107021659070008505663:
2202107021700000007422489:
2202107021700240004921466:
2202107021700270006019430:
2202107021700290004921466:
2202107021700300008681883:
2202107021700370000431412:
2202107021700420008510696:
2202107021700430000431412:
2202107021700500006033001:
2202107021700520008678354:
2202107021700530009288638:
2202107021700550008709369:
2202107021700560008678354:
2202107021700580008709369:
2202107021700591513628688:
2202107021701030002851478:
2202107021701050004935885:
2202107021701090006016275:
2202107021701110004935885:
2202107021701130004936954:
2202107021701140008429638:
2202107021701160009253997:
2202107021701180008511694:
2202107021701210008508587:
2202107021701280009279481:
2202107021701310004937625:
2202107021701320008701083:
2202107021701340009297569:
2202107021701360009279481:
2202107021701380009307295:
2202107021701440009296798:
2202107021701460004932123:
2202107021701480008492705:
2202107021701500009301551:
2202107021701520009272184:
2202107021701560008506907:
2202107021701580009248259:
2202107021702000006040161:
2202107021702020008692587:
2202107021702040006021877:
2202107021702060004951145:
2202107021702070008692587:
2202107021702090008678678:
2202107021702110008517932:
2202107021702120009346038:
2202107021702140004940674:
2202107021702150009314167:
2202107021702170006032924:
2202107021702180008504258:
2202107021702190009287011:
2202107021702210008698279:
2202107021702230006019428:
2202107021702250006030135:
2202107021702270008692450:
2202107021702280009303870:
2202107021702330008710957:
2202107021702340009314286:
2202107021702360008497657:
2202107021702370009272184:
2202107021702390008426247:
2202107021702410008497276:
2202107021702420007415195:
2202107021702440008493750:
2202107021702450006018005:
2202107021702470009236810:
2202107021702490003137754:
2202107021702510007413810:
2202107021702520004984899:
2202107021702540009281814:
2202107021702560009226394:
2202107021702580009281753:
2202107021703000008514966:
2202107021703030006039671:
2202107021703300008500312:
2202107021703330008682585:
2202107021703340004975875:
2202107021703350009236903:
2202107021703370008676811:
2202107021703390006037287:
2202107021703430003137990:
2202107021703450009321818:
2202107021703480008496310:
2202107021703510009330833:
2202107021703520006033090:
2202107021703540004932362:
2202107021703560008493366:
2202107021703580008519522:
2202107021704000008504180:
2202107021704030006022855:
2202107021704050008519522:
2202107021704090008686663:
2202107021704110005001814:
2202107021704140008503915:
2202107021704160009340824:
2202107021704180008718216:
2202107021704200009275335:
2202107021704230009292038:
2202107021704250009248283:
2202107021704270009326612:
2202107021704290008709061:
2202107021704310006036875:
2202107021704330007414082:
2202107021704360008702320:
2202107021704370009321395:
2202107021704400008495616:
2202107021704420009225495:
2202107021704440009276680:
2202107021704460008515021:
2202107021704470009286624:
2202107021704490008515447:
2202107021704510009340483:
2202107021704530008510316:
2202107021704540004934412:
2202107021704560008515447:
2202107021705010009293911:
2202107021705170006025445:
2202107021705230006021875:
2202107021705260004946782:
2202107021705280009289101:
2202107021705380009297664:
2202107021705460009300596:
2202107021705480006751664:
2202107021706000008512059:
2202107021706030007402523:
2202107021706050001083941:
2202107021706180006027540:
2202107021706310009252984:
2202107021706410009232187:
2202107021706440007402482:
2202107021706560004974944:
2202107021707080006029990:
2202107021707100009340499:
2202107021707170008694944:
2202107021708050008509894:
2202107021708130001079879:
2202107021709140003915458:
2202107021709400006033902:
2202107021710180004947963:
2202107021710220004948851:
2202107021710530009305197:
2202107021711130007419049:
2202107021711170003920040:
2202107021712520008698044:
2202107021714060009321319:
2202107021714410007410385:
2202107021715000007398914:
2202107021715020008495037:
2202107021715060008707832:
2202107021716120009307388:
2202107021716160008514157:
2202107021716190009307388:
2202107021716250009246193:
2202107021716520009313676:
2202107021719330008508326:
2202107021719580009226392:
2202107021720200004181482:
2202107021721460009226392:
2202107021731480008500113:
2202107021736200008500956:
2202107021739421513646659:
2202107021755020009311703:
2202107021800570009313530:
2202107021801010004924590:
2202107021801060008439606:
2202107021809320009230754:
2202107021810540008503198:
2202107021857070007421210:
2202107021857250008689537:
2202107021903200004986846:
2202107021904550008493833:
3202107020720230008501288:
3202107020725210004974633:
3202107020728580004931673:
3202107020729070006031524:
3202107020732020009275492:
3202107020734230005001068:
3202107020734430001099428:
3202107020734480009314247:
3202107020734560009324076:
3202107020736320009234458:
3202107020736360008494010:
3202107020736470008692117:
3202107020736500006026835:
3202107020737050003117204:
3202107020737220009234108:
3202107020738570006028953:
3202107020739160009339211:
3202107020739300009339818:
3202107020739350009305555:
3202107020739530009234248:
3202107020740060006028957:
3202107020740150004937222:
3202107020740410008677773:
3202107020740450008676957:
3202107020740470006039497:
3202107020740500008510264:
3202107020741330008494141:
3202107020742150008499509:
3202107020742200004974322:
3202107020742240003137966:
3202107020742420004936149:
3202107020743470008503303:
3202107020744060008710216:
3202107020744151513637255:
3202107020744190009346367:
3202107020744220006023085:
3202107020744330008499556:
3202107020746210003934713:
3202107020746250008711197:
3202107020746270008712381:
3202107020746290008678678:
3202107020746310009326650:
3202107020746340008714702:
3202107020746380009322602:
3202107020746490006025823:
3202107020746510009322602:
3202107020747040006041717:
3202107020747070009306129:
3202107020747230002851485:
3202107020747250006039016:
3202107020747300008494290:
3202107020747400009323446:
3202107020747420009253719:
3202107020747450007406670:
3202107020748000006035580:
3202107020748020007402205:
3202107020748300009330829:
3202107020748410004923306:
3202107020748540009273013:
3202107020749000006030484:
3202107020749030008429607:
3202107020749120004947373:
3202107020749130009354344:
3202107020749270008445992:
3202107020749470008680900:
3202107020749580009335560:
3202107020750000004934470:
3202107020750130006019317:
3202107020750170009252962:
3202107020750220008687514:
3202107020750420009309524:
3202107020750570008692032:
3202107020751010009340470:
3202107020751060009343384:
3202107020751080008690234:
3202107020751200008495468:
3202107020751240008498188:
3202107020751320004932608:
3202107020751340009339195:
3202107020751390009353030:
3202107020751430009284852:
3202107020751450005001262:
3202107020751470004155886:
3202107020751500004975477:
3202107020751580008503339:
3202107020752050008678678:
3202107020752100008691341:
3202107020752160009302534:
3202107020752210008497634:
3202107020752240009232350:
3202107020752280009276661:
3202107020752380008697764:
3202107020752400008514795:
3202107020752450009336959:
3202107020752480006018008:
3202107020752500008503515:
3202107020752540009300618:
3202107020752570008695330:
3202107020752590009233695:
3202107020753020008717268:
3202107020753120008513325:
3202107020753160009340813:
3202107020753190006039541:
3202107020753230008501953:
3202107020753360006022433:
3202107020753420008501480:
3202107020753480006032999:
3202107020753510008516420:
3202107020753530009326626:
3202107020754020003137991:
3202107020754070009288958:
3202107020754110009339930:
3202107020754160008502984:
3202107020754210009226952:
3202107020754260004929419:
3202107020754400009337006:
3202107020754420009300590:
3202107020754450008689944:
3202107020754480006025403:
3202107020754500008709488:
3202107020754520008693920:
3202107020754560009247521:
3202107020754580009343149:
3202107020755020009295891:
3202107020755050006041721:
3202107020755070009226385:
3202107020755100003137967:
3202107020755230009342954:
3202107020755260009324574:
3202107020755310001089614:
3202107020755430008711892:
3202107020755510004045200:
3202107020755580008517323:
3202107020756020008493770:
3202107020756060008696388:
3202107020756080008693892:
3202107020756110009286996:
3202107020756140004923758:
3202107020756180008502189:
3202107020756230006028450:
3202107020756260009351758:
3202107020756370008493217:
3202107020756550006016090:
3202107020756570008492065:
3202107020756590004967606:
3202107020757080008518703:
3202107020757120009324606:
3202107020757150009331842:
3202107020757170008698315:
3202107020757190008507829:
3202107020757210008429633:
3202107020757230009342978:
3202107020757240009348603:
3202107020757260001077421:
3202107020757310001096293:
3202107020757390008688282:
3202107020757430004969598:
3202107020757470009326609:
3202107020757550003132773:
3202107020757570009339254:
3202107020758060009252970:
3202107020758090009254169:
3202107020758120008500888:
3202107020758150004940394:
3202107020758180009287411:
3202107020758310009233697:
3202107020758360004929641:
3202107020758420007395592:
3202107020758470003137754:
3202107020758490008679943:
3202107020758540009293228:
3202107020759000009321321:
3202107020759020008702698:
3202107020759060008701274:
3202107020759080009327615:
3202107020759100008514966:
3202107020759130009340450:
3202107020759180008714113:
3202107020759200008704360:
3202107020759220000424007:
3202107020759250008680280:
3202107020759350008690203:
3202107020759400008499471:
3202107020800330006030480:
3202107020801240006023662:
3202107020801500006015460:
3202107020801540008698795:
3202107020802570008512000:
3202107020803030009226816:
3202107020805400009291036:
3202107020815370008503489:
3202107020817300008506597:
3202107020818290009309504:
3202107021655410008503489:
3202107021658430009323446:
3202107021659010009326626:
3202107021659030009331842:
3202107021659050008691341:
3202107021659060008711892:
3202107021659080009331842:
3202107021659100009252962:
3202107021659110008711892:
3202107021659130009324606:
3202107021659140009234458:
3202107021659160009306586:
3202107021659170009351964:
3202107021659190008518703:
3202107021659220008699992:
3202107021659230008681103:
3202107021659250000424146:
3202107021659270009340813:
3202107021659280008681103:
3202107021659300003137967:
3202107021659320009336959:
3202107021659330003132773:
3202107021659350008518736:
3202107021659360006018008:
3202107021659380009326609:
3202107021659390009343149:
3202107021659410009233695:
3202107021659420008712381:
3202107021659440008514795:
3202107021659450009326600:
3202107021659470009354460:
3202107021659480009324637:
3202107021659500009273013:
3202107021659520009342954:
3202107021659540008690234:
3202107021659570008503339:
3202107021659580008688767:
3202107021700000008718055:
3202107021700020009339254:
3202107021700030008699143:
3202107021700050008692117:
3202107021700060008498021:
3202107021700080009308083:
3202107021700100009309829:
3202107021700110008713719:
3202107021700130004155886:
3202107021700150008498021:
3202107021700160008707174:
3202107021700180009352016:
3202107021700190008679943:
3202107021700210008695597:
3202107021700250008497634:
3202107021700260008695597:
3202107021700280006028450:
3202107021700300009293228:
3202107021700320006028953:
3202107021700330009274443:
3202107021700360009277203:
3202107021700370006030145:
3202107021700390008496191:
3202107021700410009340817:
3202107021700430008513325:
3202107021700440009348748:
3202107021700460008501288:
3202107021700470008686117:
3202107021700490009253719:
3202107021700500009337945:
3202107021700520008710216:
3202107021700530008678678:
3202107021700550009339802:
3202107021700560009322614:
3202107021700580009226952:
3202107021700590006036994:
3202107021701010009288958:
3202107021701030008493770:
3202107021701040008512397:
3202107021701060009288958:
3202107021701070009287411:
3202107021701090009354825:
3202107021701100009300618:
3202107021701120009346033:
3202107021701130001096293:
3202107021701150008495468:
3202107021701160007398172:
3202107021701180003137991:
3202107021701190008498188:
3202107021701210009346367:
3202107021701220009354581:
3202107021701240009226385:
3202107021701250008445992:
3202107021701270009342962:
3202107021701280008495468:
3202107021701300008499471:
3202107021701310004975565:
3202107021701330008514966:
3202107021701340004932608:
3202107021701370006019317:
3202107021701390009230812:
3202107021701410009339837:
3202107021701430009324068:
3202107021701440008429633:
3202107021701460008500567:
3202107021701480009272020:
3202107021701490009247521:
3202107021701510004931897:
3202107021701520008506632:
3202107021701540009236868:
3202107021701550000439530:
3202107021701580008500888:
3202107021702000009234486:
3202107021702020008506597:
3202107021702040009322602:
3202107021702100009342998:
3202107021702120009322602:
3202107021702130008506597:
3202107021702150006023085:
3202107021702180008502189:
3202107021702210009284157:
3202107021702260008711249:
3202107021702350009314247:
3202107021702470004975477:
3202107021702570008494964:
3202107021702590009301802:
3202107021703020008710216:
3202107021703040008692032:
3202107021703080008687514:
3202107021703120008493217:
3202107021703150006028957:
3202107021703310006025823:
3202107021703460009226816:
3202107021703500009354391:
3202107021704080006023085:
3202107021704100008698315:
3202107021704130009253846:
3202107021705000009340801:
3202107021705240009232350:
3202107021706070009309504:
3202107021706220004973386:
3202107021706380008494402:
3202107021715040003117204:
3202107021715060009309524:
3202107021715070008501953:
3202107021724120009289323:
3202107021724180008698121:
3202107021734080009274874:
3202107021734100009254000:
3202107021739540006041103:
3202107021742390007407502:
3202107021747150008508441:
3202107021801040004929419:
3202107021801310008714702:
3202107021804410006039998:
3202107021818150008677300:
3202107021819540009354625:
3202107021821030009291036:
3202107021826440006036318:
3202107021832240008494092:
3202107021832330006019315:
3202107021857170008498988:
3202107021858230007395592:
3202107021858280007395601:
3202107021858300008690794:
3202107021858340008510264:
3202107021858360006025403:
3202107021858390008714113:
3202107021858420009324138:
3202107021858440009234248:
3202107021858480009230815:
3202107021858500004940394:
3202107021858520003137966:
3202107021858540009324076:
3202107021858570002851487:
3202107021859000009346020:
3202107021859080008429607:
3202107021859100009349985:
3202107021859120008677829:
3202107021859220008704360:
3202107021859240008501480:
3202107021859270009253742:
3202107021859280006022433:
3202107021859320009286996:
3202107021859361513653050:
3202107021859460009354582:
3202107021859530009253861:
3202107021859590008515502:
3202107021900040007402205:
3202107021900050008680900:
3202107021900070009339225:
3202107021900080008503303:
3202107021900100009306129:
3202107021900110004937222:
3202107021900140008506766:
3202107021900160008494290:
3202107021900170008503515:
3202107021900200008517323:
3202107021900260006042240:
3202107021900280006023662:
3202107021900300008680280:
3202107021900320008707911:
3202107021900340007421690:
3202107021900360009321321:
3202107021900370008499556:
3202107021900400004923306:
3202107021900410006015460:
3202107021900430008492410:
3202107021900450008507829:
3202107021900470004947373:
3202107021900481513653821:
3202107021900500009339144:
3202107021900520008517783:
3202107021900540007406670:
3202107021900550009339144:
3202107021900570008517783:
3202107021900590006020195:
3202107021901010008698795:
3202107021901040009233697:
3202107021901050009339834:
3202107021901070004164864:
3202107021901100009343567:
3202107021901120008697764:
3202107021901140009275492:
3202107021901180009340470:
3202107021901200009275492:
3202107021901210004931010:
3202107021901210008503824:
3202107021901240009280051:
3202107021901260008498170:
3202107021901280008689944:
3202107021901300009336990:
3202107021901310006028799:
3202107021901330004937356:
3202107021901350008684967:
3202107021901370001099428:
3202107021901400009290271:
3202107021901410008508589:
3202107021901450008711197:
3202107021901470006031524:
3202107021901480008516420:
3202107021901500008492065:
3202107021901520008496969:
3202107021901540004967606:
3202107021901560004934470:
3202107021901580006035580:
3202107021902100006039016:
3202107021902130008512375:
3202107021902150008512000:
3202107021902170002851485:
3202107021902230009339930:
3202107021902250008500889:
3202107021902270009346327:
3202107021902300004929641:
3202107021902330008677903:
3202107021902350008712416:
3202107021902380009348542:
3202107021902440009339211:
3202107021902460009300590:
3202107021902480006026835:
3202107021902550008701103:
3202107021903000009326438:
3202107021903020004936149:
3202107021904010008677773:
3202107021904040009304051:
3202107021904240008500493:
3202107021906570009234108:
3202107021907080007398203:
4202107020723310009343593:
4202107020725440006015165:
4202107020734170008513100:
4202107020734461513631101:
4202107020736280008690224:
4202107020737180009272601:
4202107020738570008493092:
4202107020740120007407499:
4202107020740480001087543:
4202107020741080006016091:
4202107020742100004929198:
4202107020743430009349972:
4202107020744240009285513:
4202107020744300006042240:
4202107020745360008445656:
4202107020746200006041088:
4202107020746290009252994:
4202107020746310006027345:
4202107020746380004969304:
4202107020746540008493895:
4202107020747140000424545:
4202107020747160009339225:
4202107020747220008494201:
4202107020747360006013128:
4202107020747380004163548:
4202107020747440004179293:
4202107020748310009341511:
4202107020749110009339915:
4202107020749190009342984:
4202107020749210005001511:
4202107020749260006036336:
4202107020750020009236820:
4202107020750290004933960:
4202107020750460008494402:
4202107020750490009339204:
4202107020751180001077425:
4202107020751210006028799:
4202107020751250004975255:
4202107020751280003116965:
4202107020751340009226797:
4202107020751520004935623:
4202107020751590008504091:
4202107020752020006035802:
4202107020752050008494427:
4202107020752090008495426:
4202107020752120008504091:
4202107020752150006027612:
4202107020752250009349985:
4202107020752280009272020:
4202107020752420009321481:
4202107020752560009327620:
4202107020753010004969910:
4202107020753120009295454:
4202107020753190002854367:
4202107020753220008499706:
4202107020753580009234249:
4202107020754040008510188:
4202107020754060009354827:
4202107020754090009273026:
4202107020754160007398203:
4202107020754250009281928:
4202107020754280008684967:
4202107020754370009339837:
4202107020754420006022158:
4202107020754470009341742:
4202107020754490009324572:
4202107020754520008708048:
4202107020754560008501835:
4202107020755000009324118:
4202107020755010009253995:
4202107020755030000424167:
4202107020755060008495556:
4202107020755120006016252:
4202107020755130007421253:
4202107020755170008679170:
4202107020755190004936422:
4202107020755250004985960:
4202107020755320008710875:
4202107020755350008500083:
4202107020755380009342143:
4202107020755420009311280:
4202107020755440009246201:
4202107020755470009346685:
4202107020755490006021988:
4202107020755510000431385:
4202107020755530009231455:
4202107020755550009324605:
4202107020755580009342034:
4202107020756000009339817:
4202107020756040007404978:
4202107020756070008502693:
4202107020756080009352010:
4202107020756160003126360:
4202107020756200004973386:
4202107020756230009287195:
4202107020756310009226433:
4202107020756340004179142:
4202107020756540008503532:
4202107020756570006039129:
4202107020757000007402498:
4202107020757040009338161:
4202107020757060001083930:
4202107020757091513653050:
4202107020757150009346340:
4202107020757170009283323:
4202107020757190009351814:
4202107020757210009283323:
4202107020757230009298206:
4202107020757250002851443:
4202107020757290004948259:
4202107020757320007395593:
4202107020757340009253846:
4202107020757380009342997:
4202107020757400009326658:
4202107020757420009231425:
4202107020757540009226821:
4202107020757590006041875:
4202107020758030003126356:
4202107020758050006036997:
4202107020758070009232613:
4202107020758230009342035:
4202107020758270008499047:
4202107020758290008695667:
4202107020758310001088074:
4202107020758380008500493:
4202107020758400008699709:
4202107020758430007401131:
4202107020759040007395601:
4202107020759071513627710:
4202107020759090008511222:
4202107020759120009277510:
4202107020759160009351768:
4202107020759180009272187:
4202107020759220009346181:
4202107020759240003132772:
4202107020759280009339821:
4202107020759300008708992:
4202107020759320009234484:
4202107020759380009280051:
4202107020759400009322590:
4202107020759430009324085:
4202107020759460008495972:
4202107020759480008499867:
4202107020759500009327564:
4202107020759540009342940:
4202107020759550008708560:
4202107020800120008717694:
4202107020800450007407459:
4202107020800500009342142:
4202107020800520009346035:
4202107020800530009343432:
4202107020800570008719239:
4202107020801250006024741:
4202107020801260007402467:
4202107020801280009226402:
4202107020801310006039973:
4202107020801380007395586:
4202107020803030008496149:
4202107020805210009225500:
4202107020805380008504275:
4202107020805490006020192:
4202107020805510009247701:
4202107020810370008503089:
4202107020810530009274874:
4202107020814130008500142:
4202107020818170004934985:
4202107020821420004977114:
4202107020854210009234240:
4202107020901000009303697:
4202107020933320009293535:
4202107021048450008500916:
4202107021151120007407502:
4202107021155200006022420:
4202107021658030009342034:
4202107021658220009324629:
4202107021658580008493092:
4202107021659000009298206:
4202107021659010009348776:
4202107021659040004969304:
4202107021659070008708992:
4202107021659110002854367:
4202107021659140009226797:
4202107021659170007396382:
4202107021659290008506912:
4202107021659310009226821:
4202107021659380008680442:
4202107021659410009330829:
4202107021659450008500142:
4202107021659470003126356:
4202107021659490008716625:
4202107021659510009231455:
4202107021659530008680442:
4202107021659540008708048:
4202107021659560008500142:
4202107021659570003126360:
4202107021659590008708048:
4202107021700010006016252:
4202107021700040004163548:
4202107021700060006013128:
4202107021700070004163548:
4202107021700090006013128:
4202107021700110004923338:
4202107021700130007407499:
4202107021700150009325535:
4202107021700180008504091:
4202107021700200007407499:
4202107021700220008710875:
4202107021700250008495556:
4202107021700270008445656:
4202107021700321513631101:
4202107021700340001088074:
4202107021700350008719239:
4202107021700370004969910:
4202107021700410008502693:
4202107021700450006033000:
4202107021700490006041088:
4202107021700530009226433:
4202107021700550008679170:
4202107021700580006039973:
4202107021701020008499706:
4202107021701080007421253:
4202107021701090004935623:
4202107021701130009321481:
4202107021701150009339204:
4202107021701171513631613:
4202107021701190009346685:
4202107021701220006021988:
4202107021701230001083930:
4202107021701240009324614:
4202107021701260001083930:
4202107021701270007401131:
4202107021701290008717694:
4202107021701301513631613:
4202107021701320009311280:
4202107021701340000424007:
4202107021701360009342984:
4202107021701380003132772:
4202107021701390009342978:
4202107021701410008504275:
4202107021701420009346055:
4202107021701440009346181:
4202107021701450008506212:
4202107021701470006041875:
4202107021701510009354827:
4202107021701530009342035:
4202107021701550009339818:
4202107021701570009339821:
4202107021701590007402467:
4202107021702000004934985:
4202107021702020002851443:
4202107021702130009273026:
4202107021702150009327620:
4202107021702320000431385:
4202107021702340009283931:
4202107021702360007421735:
4202107021702370009283931:
4202107021702550004972764:
4202107021703190009341742:
4202107021704240009272187:
4202107021704270006036336:
4202107021704520006016090:
4202107021705270003916932:
4202107021707190008503089:
4202107021711290007395586:
4202107021716490008494141:
4202107021725110009349952:
4202107021757000004977114:
4202107021800010009272601:
4202107021800050006014941:
4202107021800070006020220:
4202107021800100006015165:
4202107021800150008504234:
4202107021800160006027345:
4202107021800200001087543:
4202107021815370006022420:
4202107021815430007407502:
4202107021827280004975255:
4202107021858430009337006:
4202107021858560009342143:
4202107021858590007407459:
4202107021859010008711445:
4202107021859040009324118:
4202107021859060009225500:
4202107021859080008495972:
4202107021859100009342997:
4202107021859130006037029:
4202107021859140001077425:
4202107021859160007404978:
4202107021859190009346340:
4202107021859200009253995:
4202107021859220009325498:
4202107021859250009286387:
4202107021859280005001068:
4202107021859310006027612:
4202107021859320008513100:
4202107021859340009296645:
4202107021859380008515910:
4202107021900010006020192:
4202107021900030009247701:
4202107021900051513653096:
4202107021900090009225508:
4202107021900130009278607:
4202107021900150009342981:
4202107021900220008494201:
4202107021900250009234457:
4202107021900300009287195:
4202107021900350009234249:
4202107021900390009252994:
4202107021900420008695667:
4202107021900450006039130:
4202107021900470008493340:
4202107021900500009339915:
4202107021900530009341511:
4202107021900560009322590:
4202107021900590007411174:
4202107021901040004933902:
4202107021901070004933960:
4202107021901160009343593:
4202107021901260009232613:
4202107021901350009254169:
4202107021901370009231425:
4202107021901390009285700:
4202107021901490003116965:
4202107021901590008708560:
4202107021902090009331044:
4202107021902120009338161:
4202107021902170009346035:
4202107021902190008699709:
4202107021902210009236820:
4202107021902220009298435:
4202107021902250009236820:
4202107021902270004045200:
4202107021902280009351830:
4202107021902410006035802:
4202107021902550009342142:
4202107021903160009287006:
4202107021903190008493833:
4202107021904350004948259:
4202107021905410006039129:
5202107020717430009339273:
5202107020720300009305918:
5202107020731150006028292:
5202107020733480006022160:
5202107020734430004967312:
5202107020735090008687593:
5202107020738070004923605:
5202107020738110009324831:
5202107020738440009234467:
5202107020739050006032924:
5202107020740140009233710:
5202107020740520006025812:
5202107020741360008517932:
5202107020742470008499208:
5202107020743010002851479:
5202107020743230009306769:
5202107020744010001079288:
5202107020744210009279709:
5202107020744230008494656:
5202107020744370008510518:
5202107020744390008511694:
5202107020745120009340824:
5202107020745200008706494:
5202107020745480009305457:
5202107020745510006012153:
5202107020745550005001814:
5202107020746060009340820:
5202107020746150009351833:
5202107020746190004930090:
5202107020746230009351998:
5202107020746250008690529:
5202107020746320009351823:
5202107020746340009352009:
5202107020746430007402194:
5202107020747540008493286:
5202107020748180008704200:
5202107020748210006030146:
5202107020748590009230781:
5202107020749190009347607:
5202107020749210008498988:
5202107020749260004934412:
5202107020749361513645885:
5202107020749570008491998:
5202107020750060004934412:
5202107020750120000424165:
5202107020750160009276680:
5202107020750260007401654:
5202107020750310009346170:
5202107020750490009236903:
5202107020750580009339812:
5202107020751010008503915:
5202107020751060009296798:
5202107020751100009346707:
5202107020751150008682585:
5202107020751170003137990:
5202107020751190009339839:
5202107020751210004933649:
5202107020751230008500113:
5202107020751250009326612:
5202107020751280003126147:
5202107020751350009234480:
5202107020751380008686064:
5202107020752000006030130:
5202107020752200008676811:
5202107020752290009338814:
5202107020752450007402523:
5202107020752500006039671:
5202107020752520008699606:
5202107020752550006039671:
5202107020752580008699606:
5202107020753040008692450:
5202107020753080009354625:
5202107020753110006013140:
5202107020753220008513733:
5202107020753240009295615:
5202107020753260008512216:
5202107020753340009234236:
5202107020753360003892332:
5202107020753390001108277:
5202107020753570003920040:
5202107020753580007398914:
5202107020754000003920040:
5202107020754020008509806:
5202107020754050008503171:
5202107020754070008515021:
5202107020754110004950845:
5202107020754130009241934:
5202107020754180009236809:
5202107020754200006039494:
5202107020754270006016275:
5202107020754310003126145:
5202107020754320008510696:
5202107020754360008515081:
5202107020754390008506797:
5202107020754410009254229:
5202107020754460006022852:
5202107020754490000439539:
5202107020754520007402500:
5202107020754540009348762:
5202107020754560009254207:
5202107020754580008511010:
5202107020755000008510090:
5202107020755020009346362:
5202107020755050006025445:
5202107020755080009339795:
5202107020755100008509370:
5202107020755120007414082:
5202107020755160008500184:
5202107020755270008513950:
5202107020755370009346376:
5202107020755390007413810:
5202107020755410006033090:
5202107020755450009225507:
5202107020756010009252984:
5202107020756040008510716:
5202107020756060009226412:
5202107020756080006037287:
5202107020756110004947668:
5202107020756130004932362:
5202107020756160008694659:
5202107020756190004948555:
5202107020756210008497463:
5202107020756230009282809:
5202107020756250009321395:
5202107020756270009342035:
5202107020756290006029988:
5202107020756310006036875:
5202107020756330008508219:
5202107020756350008709393:
5202107020756370004951145:
5202107020756390009354001:
5202107020756410009349952:
5202107020756430009339794:
5202107020756450009232378:
5202107020756470004922875:
5202107020756490009253842:
5202107020756500006040283:
5202107020756540008706878:
5202107020756570009306271:
5202107020757020008709011:
5202107020757060009232651:
5202107020757090006028797:
5202107020757240009287411:
5202107020757250006021877:
5202107020757340008512059:
5202107020757360006021877:
5202107020757380009327416:
5202107020757410006030142:
5202107020757430008698279:
5202107020757490009226965:
5202107020757520009280491:
5202107020758030009326645:
5202107020758050009340801:
5202107020758060009341030:
5202107020758080008702320:
5202107020758100004923454:
5202107020758110009286616:
5202107020758130009232631:
5202107020758150008496310:
5202107020758170008493366:
5202107020758190006018006:
5202107020758230009342959:
5202107020758250008506376:
5202107020758270009225481:
5202107020758300008718216:
5202107020758410009351308:
5202107020758500008495972:
5202107020758550009346173:
5202107020759130008516236:
5202107020759160008493750:
5202107020759190004973075:
5202107020759210008691017:
5202107020759230004984899:
5202107020759260009339219:
5202107020759280009226392:
5202107020759460004937357:
5202107020759480007407459:
5202107020759490006030480:
5202107020759530009253742:
5202107020759540006025806:
5202107020759590005000508:
5202107020800030008516213:
5202107020800250006024741:
5202107020800290006021994:
5202107020800410007413042:
5202107020800470009234486:
5202107020800490007410385:
5202107020801071513653821:
5202107020801160009310954:
5202107020801170004976805:
5202107020801240008699143:
5202107020801290009337945:
5202107020802140008500312:
5202107020802180009354401:
5202107020802220006030118:
5202107020802360006041715:
5202107020802470009287006:
5202107020803420009281814:
5202107020803510009297056:
5202107020804150009333812:
5202107020804440004945898:
5202107020804511513649006:
5202107020804570009232651:
5202107020805060009339803:
5202107020806000001083110:
5202107020806350009286880:
5202107020806370008504180:
5202107020807260009305197:
5202107020813550008426248:
5202107020825270008519041:
5202107021700050008704200:
5202107021700070008510696:
5202107021700140003132773:
5202107021700320009339795:
5202107021700370008706878:
5202107021700380006016275:
5202107021700400008697836:
5202107021700420006016275:
5202107021700430001083110:
5202107021700450008511694:
5202107021700470009321334:
5202107021700490009339273:
5202107021700510009288270:
5202107021700520009233710:
5202107021700550009346170:
5202107021700560007411321:
5202107021700580006024741:
5202107021700590006030146:
5202107021701010008509901:
5202107021701020007395627:
5202107021701040009226826:
5202107021701050008494656:
5202107021701070008513950:
5202107021701080006029988:
5202107021701100008509806:
5202107021701120004950546:
5202107021701140008509806:
5202107021701150009296798:
5202107021701170006021877:
5202107021701190004950546:
5202107021701210008500184:
5202107021701220004951145:
5202107021701240004951445:
5202107021701290009290365:
5202107021701310008500184:
5202107021701320004951445:
5202107021701340006012153:
5202107021701360009282809:
5202107021701370008687593:
5202107021701390008516236:
5202107021701410009351823:
5202107021701430009295615:
5202107021701460008692450:
5202107021701481513637915:
5202107021701490009326645:
5202107021701510000424165:
5202107021701530009295615:
5202107021701540006030142:
5202107021701560009347607:
5202107021701570006040283:
5202107021701590009346362:
5202107021702000009347607:
5202107021702020008694659:
5202107021702040006030130:
5202107021702050009225481:
5202107021702080009346376:
5202107021702100004972145:
5202107021702110007413810:
5202107021702130009234480:
5202107021702140004973075:
5202107021702160006030118:
5202107021702181513645885:
5202107021702190006025812:
5202107021702210009253842:
5202107021702220005001814:
5202107021702240009339797:
5202107021702250009225507:
5202107021702270001108277:
5202107021702280009225507:
5202107021702300009348762:
5202107021702310009339797:
5202107021702340009351998:
5202107021702350009340820:
5202107021702400008511010:
5202107021702420009248283:
5202107021702440008699606:
5202107021702450008510716:
5202107021702470009236903:
5202107021702500007410282:
5202107021702520008690941:
5202107021702530008510716:
5202107021702550008682585:
5202107021702560008500312:
5202107021702590004922875:
5202107021703010009234467:
5202107021703040004932362:
5202107021703050006033090:
5202107021703070008499208:
5202107021703090008497795:
5202107021703100004923454:
5202107021703120004947668:
5202107021703130008493366:
5202107021703150008496310:
5202107021703160008497795:
5202107021703190008519522:
5202107021703210006041715:
5202107021703220006013140:
5202107021703240008718216:
5202107021703260009351833:
5202107021703280006039494:
5202107021703290009236809:
5202107021703310004934412:
5202107021703320009342959:
5202107021703340009340824:
5202107021703350009354001:
5202107021703370006022852:
5202107021703380008506797:
5202107021703400008503915:
5202107021703410009254229:
5202107021703430009326612:
5202107021703450006028292:
5202107021703470006036875:
5202107021703480009234236:
5202107021703500009297056:
5202107021703510009276680:
5202107021703530008493286:
5202107021703550008515021:
5202107021703560007414082:
5202107021703580008515021:
5202107021703590008702320:
5202107021704010008491998:
5202107021704030009321395:
5202107021704040008691017:
5202107021704060008690529:
5202107021704080004923605:
5202107021704110008697063:
5202107021704130004930090:
5202107021704150008697063:
5202107021704170009305918:
5202107021704210004976805:
5202107021704220009293911:
5202107021704230008510090:
5202107021704250008501942:
5202107021704270009306271:
5202107021704300003126145:
5202107021704330008717926:
5202107021704340009230781:
5202107021704360004950845:
5202107021704380009279709:
5202107021704400007402500:
5202107021704410006025445:
5202107021704440009232378:
5202107021704470009339812:
5202107021704480006016276:
5202107021704510009298207:
5202107021704540006040952:
5202107021704590000439539:
5202107021705010009226412:
5202107021705040009351308:
5202107021705070004967002:
5202107021705090008509370:
5202107021705110009226412:
5202107021705120008503171:
5202107021705140002851479:
5202107021705170009342183:
5202107021705190006036993:
5202107021705210008709393:
5202107021705240009305457:
5202107021705250009232355:
5202107021705280009294273:
5202107021705300009346707:
5202107021705321513649006:
5202107021705410009280491:
5202107021705450009225494:
5202107021705460008709011:
5202107021705480009252984:
5202107021705500007413042:
5202107021705540009354401:
5202107021705550006031525:
5202107021705570009339524:
5202107021706030009232187:
5202107021706050009339524:
5202107021706070007402194:
5202107021706100009341030:
5202107021706130006039969:
5202107021706160009339828:
5202107021706240009341030:
5202107021706390008694944:
5202107021706420008494333:
5202107021706450009254183:
5202107021707140008515081:
5202107021707160009339794:
5202107021707190008510518:
5202107021707220009339219:
5202107021707410009339839:
5202107021707440008494564:
5202107021707490009253988:
5202107021708300003137987:
5202107021708330009303525:
5202107021708350009339803:
5202107021709100009288224:
5202107021709530009232651:
5202107021710170009305197:
5202107021710320003920040:
5202107021710380007401654:
5202107021710500009321319:
5202107021711140004945898:
5202107021711280009226965:
5202107021711310008506376:
5202107021711330009327416:
5202107021711340009352009:
5202107021711360009324831:
5202107021711450009276908:
5202107021711540009338814:
5202107021712040008698044:
5202107021712160008512216:
5202107021712180009225523:
5202107021712210007395586:
5202107021713130009321319:
5202107021713330009283296:
5202107021714060007410385:
5202107021714490008502364:
5202107021717440009241934:
5202107021719250009286880:
5202107021721290006027553:
5202107021721350008497463:
5202107021721420004948555:
5202107021721510008686064:
5202107021721540008706494:
5202107021722260005000508:
5202107021725300008508219:
5202107021808580009230754:
5202107021817400004948555:
5202107021828050009300607:
5202107021828150005000508:
5202107021846460008519041:
5202107021856440009226390:
5202107021859230004946192:
5202107021859270009232631:
5202107021859300009226447:
5202107021859310009306769:
5202107021859340009310954:
5202107021859590009281928:
5202107021900020008717268:
5202107021900090008680789:
5202107021900130008499509:
5202107021900140004974322:
5202107021900240009325498:
5202107021900270006026797:
5202107021900350006018006:
5202107021900520009305555:
5202107021900550008494613:
5202107021901000008513733:
5202107021901020008711445:
5202107021901040008502735:
5202107021901070004928581:
5202107021901100009282114:
5202107021901120006023662:
5202107021901140004967312:
5202107021902460006017496:
5202107021902540009300544:
5202107021903110008716113:
5202107021903210008508352:
5202107021903320008693150:
5202107021903370009348542:
6202107020723270009283693:
6202107020723310006037015:
6202107020726560004946487:
6202107020728300009326438:
6202107020731160008503824:
6202107020734570004967312:
6202107020735120008681212:
6202107020735200008492622:
6202107020735450009285700:
6202107020736530009234108:
6202107020737030009253739:
6202107020737560008715839:
6202107020738190009286387:
6202107020738440008692290:
6202107020739060007412611:
6202107020739220008492776:
6202107020739290009292116:
6202107020740040009301802:
6202107020740120008689537:
6202107020740160006039497:
6202107020741380009298019:
6202107020741530003137966:
6202107020741560009288870:
6202107020742330006042240:
6202107020742370004936823:
6202107020742400008497935:
6202107020742510006039130:
6202107020743000007411542:
6202107020743100008498971:
6202107020743160008499805:
6202107020743310008710216:
6202107020743410009277145:
6202107020743490006023085:
6202107020743570008499556:
6202107020744010006015163:
6202107020744420008517056:
6202107020744470007404782:
6202107020745180009326600:
6202107020745350008493676:
6202107020745380004988026:
6202107020745550008714702:
6202107020745590004931010:
6202107020746150009236868:
6202107020746170006031532:
6202107020746220008683421:
6202107020746360004046800:
6202107020746440009296138:
6202107020746490004972764:
6202107020747000008716625:
6202107020747040008508352:
6202107020747080007411174:
6202107020747130004986846:
6202107020747150008697063:
6202107020747180009247696:
6202107020747260009339274:
6202107020747310006040360:
6202107020747340006039998:
6202107020747570008508521:
6202107020748040007404952:
6202107020748070008711445:
6202107020748150008712785:
6202107020748200009273013:
6202107020748220009283931:
6202107020748230008494613:
6202107020748250008718055:
6202107020748260008509407:
6202107020748360008698121:
6202107020748380004986256:
6202107020749080004934927:
6202107020749100004923159:
6202107020749170000431430:
6202107020749210009230790:
6202107020749230008513144:
6202107020749270004166400:
6202107020749310007395627:
6202107020749330008508441:
6202107020749370009293895:
6202107020749450009354581:
6202107020749480009230812:
6202107020749550008707174:
6202107020749570008508290:
6202107020750100009231452:
6202107020750130008509948:
6202107020750160009350096:
6202107020750230009340470:
6202107020750250009327616:
6202107020750280008681103:
6202107020750301513643510:
6202107020750320006027609:
6202107020750340007421269:
6202107020750360009306586:
6202107020750400004933902:
6202107020750480006036876:
6202107020750520004930576:
6202107020751000008506434:
6202107020751030008511515:
6202107020751050006039510:
6202107020751070008500597:
6202107020751170007401166:
6202107020751240009226447:
6202107020751260009241075:
6202107020751320004934669:
6202107020751340008708003:
6202107020751380009243147:
6202107020751420009343592:
6202107020751430009234457:
6202107020751450009232350:
6202107020751520008493340:
6202107020751530008695597:
6202107020751580009340817:
6202107020752050006018008:
6202107020752130008503515:
6202107020752170008502735:
6202107020752240009278808:
6202107020752260003126383:
6202107020752350006039974:
6202107020752400000439530:
6202107020752430006037924:
6202107020752450009340813:
6202107020752490009335539:
6202107020752540006039541:
6202107020753030009230793:
6202107020753090004987731:
6202107020753110009325535:
6202107020753160009324637:
6202107020753200009288958:
6202107020753220008513365:
6202107020753240008492410:
6202107020753280006030482:
6202107020753290006016276:
6202107020753320001087528:
6202107020753420008498021:
6202107020753480009325498:
6202107020753540007402512:
6202107020753570001114611:
6202107020753590003892332:
6202107020754010008443266:
6202107020754070008512859:
6202107020754080009246199:
6202107020754100009339802:
6202107020754110008689944:
6202107020754130008686680:
6202107020754150007421690:
6202107020754180009274203:
6202107020754200008707911:
6202107020754220008515734:
6202107020754230009226812:
6202107020754250009324629:
6202107020754270009284157:
6202107020754350007405149:
6202107020754370009254002:
6202107020754390009247509:
6202107020754410009226385:
6202107020754430009348542:
6202107020754460009354349:
6202107020754480002851487:
6202107020754511513653096:
6202107020754540008713215:
6202107020754590008506074:
6202107020755030009252946:
6202107020755130009351830:
6202107020755170008517815:
6202107020755230001122577:
6202107020755250008492480:
6202107020755270008517323:
6202107020755290008511510:
6202107020755330008715034:
6202107020755350004923758:
6202107020755360007419034:
6202107020755380003916932:
6202107020755400008503532:
6202107020755420004971518:
6202107020755460004947077:
6202107020755530006028757:
6202107020755560007422441:
6202107020756030009305260:
6202107020756060009254212:
6202107020756080008683912:
6202107020756120009354825:
6202107020756140008688253:
6202107020756160009342998:
6202107020756180004158333:
6202107020756220009254908:
6202107020756250009255827:
6202107020756270009351964:
6202107020756290009305547:
6202107020756310008518703:
6202107020756320008431645:
6202107020756350008698315:
6202107020756360006036994:
6202107020756380007398172:
6202107020756410008501482:
6202107020756430009230815:
6202107020756450009283164:
6202107020756460008507829:
6202107020756490004968194:
6202107020756500001096293:
6202107020756520009233704:
6202107020756540009342978:
6202107020756550009324879:
6202107020756570007418333:
6202107020756580007421735:
6202107020757000009226390:
6202107020757020009226394:
6202107020757040008512397:
6202107020757060008510316:
6202107020757090009339254:
6202107020757120009326609:
6202107020757140006025807:
6202107020757160009230749:
6202107020757180009324068:
6202107020757200003132773:
6202107020757220006022003:
6202107020757250006039337:
6202107020757270006039972:
6202107020757410009287411:
6202107020757450009290271:
6202107020757500008493565:
6202107020757520008501942:
6202107020757550009342981:
6202107020757570009225508:
6202107020757580009322614:
6202107020758000008695905:
6202107020758030007395592:
6202107020758050004936557:
6202107020758070009240533:
6202107020758100009285701:
6202107020758130008506766:
6202107020758150003137754:
6202107020758170004966592:
6202107020758190009292077:
6202107020758210009352016:
6202107020758240008497774:
6202107020758270004928581:
6202107020758280009281874:
6202107020758300008508757:
6202107020758320008677903:
6202107020758330009285983:
6202107020758360009232631:
6202107020758380008711249:
6202107020758400008692560:
6202107020758420009288913:
6202107020758430008714113:
6202107020758450008692560:
6202107020758460008515502:
6202107020758480000424007:
6202107020758500009231410:
6202107020758520008499149:
6202107020758530009226817:
6202107020758550006026834:
6202107020758560008518128:
6202107020758580008690203:
6202107020758590006018006:
6202107020759010008518128:
6202107020759050008426949:
6202107020759060008500109:
6202107020759080008501795:
6202107020759100008509836:
6202107020759110008499471:
6202107020759140009339834:
6202107020759160007417231:
6202107020759180009340816:
6202107020759190009348748:
6202107020759210008516772:
6202107020759220002851460:
6202107020759240004940321:
6202107020759260006024859:
6202107020759280009354582:
6202107020759300009278607:
6202107020759320009253861:
6202107020759340009247694:
6202107020759350009225488:
6202107020759370009348543:
6202107020759380009346327:
6202107020759400009348376:
6202107020759420004178213:
6202107020759430008686117:
6202107020759450008701103:
6202107020759460009226426:
6202107020759480004930793:
6202107020759500009344566:
6202107020759520008699992:
6202107020759540004164864:
6202107020759550009325511:
6202107020759570008500889:
6202107020759580006017488:
6202107020800000006033902:
6202107020800020004929865:
6202107020800030004934156:
6202107020800050009342962:
6202107020800060008677829:
6202107020800080008712416:
6202107020800100007402467:
6202107020800110009331044:
6202107020800160009308083:
6202107020800200009276489:
6202107020800250008703693:
6202107020800270004934156:
6202107020800280008516213:
6202107020800300008517783:
6202107020800320006023662:
6202107020800371513409863:
6202107020800390008501833:
6202107020800410008506055:
6202107020800460008500401:
6202107020800490009287614:
6202107020801020008696238:
6202107020801040008500567:
6202107020801060008713719:
6202107020801070008698795:
6202107020801170006015460:
6202107020801200008497699:
6202107020801210008506212:
6202107020801240008504736:
6202107020801280009226400:
6202107020801290004923617:
6202107020801340009226959:
6202107020801420008699143:
6202107020801460009337945:
6202107020801480009290264:
6202107020802030006035813:
6202107020802060009282114:
6202107020802080009280630:
6202107020802090007421209:
6202107020802120008493833:
6202107020802140008496149:
6202107020802190009311591:
6202107020802220009233737:
6202107020802530006033720:
6202107020802540006032030:
6202107020803020009343567:
6202107020803050009336990:
6202107020803300004977423:
6202107020804060009274443:
6202107020804100008515910:
6202107020804120004939835:
6202107020804210009278862:
6202107020804290004937088:
6202107020804330009253988:
6202107020804490006014941:
6202107020804520008704914:
6202107020804540007407764:
6202107020805260009298223:
6202107020805380006014943:
6202107020806240009339144:
6202107020807410009305197:
6202107020807450004946192:
6202107020808280009232629:
6202107020810140006017496:
6202107020813060009231473:
6202107020815120004987436:
6202107020816300008515578:
6202107020816460006014993:
6202107020816510006033000:
6202107020817050008506597:
6202107020817560008494092:
6202107020818090008496969:
6202107020821110009303097:
6202107020821140008500378:
6202107020821470009290471:
6202107020836240006019315:
6202107021524480009342996:
6202107021656410006022160:
6202107021658160008709488:
6202107021658280008693920:
6202107021658590009342982:
6202107021659030008681212:
6202107021659040001077421:
6202107021659060009327615:
6202107021659070009343384:
6202107021659090009252970:
6202107021659110009354349:
6202107021659130009350096:
6202107021659150008683912:
6202107021659170009326650:
6202107021659190008690203:
6202107021659220008688282:
6202107021659290009252962:
6202107021659320009324606:
6202107021659340009324879:
6202107021659360008701274:
6202107021659380009306586:
6202107021659400009284852:
6202107021659410006041721:
6202107021659430009325511:
6202107021659450009353030:
6202107021659460008691341:
6202107021659490009354344:
6202107021659510006032999:
6202107021659520009340813:
6202107021659540008499149:
6202107021659550008702698:
6202107021659570006032999:
6202107021659580009325511:
6202107021700000009324574:
6202107021700020009225488:
6202107021700030004936029:
6202107021700050006018008:
6202107021700060008518703:
6202107021700080009343149:
6202107021700090009233695:
6202107021700110009326609:
6202107021700130009273013:
6202107021700140009340450:
6202107021700160006030480:
6202107021700180007418333:
6202107021700190008494010:
6202107021700200008713215:
6202107021700220009277145:
6202107021700240009246201:
6202107021700260009253739:
6202107021700270009302534:
6202107021700290004937625:
6202107021700300006039972:
6202107021700320006024741:
6202107021700330008699143:
6202107021700350008508521:
6202107021700360009339195:
6202107021700380008497774:
6202107021700390009233704:
6202107021700410004969598:
6202107021700420008511515:
6202107021700440004155886:
6202107021700450006037924:
6202107021700480008517056:
6202107021700500004966904:
6202107021700580008500597:
6202107021700590008712785:
6202107021701010008500597:
6202107021701020004966904:
6202107021701040004158333:
6202107021701060009339274:
6202107021701080002851460:
6202107021701090001114611:
6202107021701110008518128:
6202107021701120006025806:
6202107021701150009226812:
6202107021701170004936557:
6202107021701191513637255:
6202107021701210004923617:
6202107021701251513637255:
6202107021701270009226394:
6202107021701290008686117:
6202107021701300006036994:
6202107021701321513637255:
6202107021701340006039974:
6202107021701360004923617:
6202107021701370004968194:
6202107021701390009348603:
6202107021701410008509836:
6202107021701430008501795:
6202107021701440009346173:
6202107021701460009246199:
6202107021701470004968194:
6202107021701490009254212:
6202107021701510009226385:
6202107021701520009340816:
6202107021701540008492622:
6202107021701550009295454:
6202107021701570003137754:
6202107021701590009274443:
6202107021702000009346033:
6202107021702030008445992:
6202107021702050008500567:
6202107021702310008499047:
6202107021702370008696388:
6202107021702450007402467:
6202107021702540008502189:
6202107021702580009295891:
6202107021703160003126383:
6202107021703180008506074:
6202107021703200008494964:
6202107021703300003126147:
6202107021703350008703345:
6202107021703400008508290:
6202107021703420009283931:
6202107021703430008501942:
6202107021703450008683421:
6202107021703470008515734:
6202107021703490008510316:
6202107021703510006039337:
6202107021703530009278808:
6202107021703560006025823:
6202107021703570004178213:
6202107021704010003126147:
6202107021704040009226816:
6202107021704070006035813:
6202107021704180008696238:
6202107021704190003892332:
6202107021704210008692560:
6202107021704230009226426:
6202107021704250009231410:
6202107021704270006016276:
6202107021704290001087528:
6202107021704310004966592:
6202107021704330009254908:
6202107021704350008493565:
6202107021704390006027609:
6202107021704460008688253:
6202107021704490004986256:
6202107021705060009240533:
6202107021705180009286616:
6202107021705200008493676:
6202107021705260008497699:
6202107021705320006026834:
6202107021705540007411542:
6202107021706090008692560:
6202107021706110008509407:
6202107021706120009298223:
6202107021706140008497935:
6202107021706160009298019:
6202107021706180009311591:
6202107021706200009288870:
6202107021706220009233737:
6202107021706430007421209:
6202107021707020009231410:
6202107021707040009288913:
6202107021707050007421209:
6202107021707080009276489:
6202107021707120009303097:
6202107021707220006039510:
6202107021707250006014993:
6202107021707320009253988:
6202107021707470009278862:
6202107021707490004939835:
6202107021708020009292077:
6202107021708380008503532:
6202107021708410004988026:
6202107021709330006025807:
6202107021709370007412611:
6202107021709420006017488:
6202107021709500008512035:
6202107021709520006021991:
6202107021709560007419049:
6202107021710260008516213:
6202107021714400004946487:
6202107021715230004940321:
6202107021717520009226399:
6202107021722550008500378:
6202107021722570009276661:
6202107021736440006014349:
6202107021737440008493028:
6202107021756350006040360:
6202107021756380009247696:
6202107021757150009283693:
6202107021758150009226959:
6202107021759020008431645:
6202107021800000009253991:
6202107021800020008695330:
6202107021800040001089614:
6202107021800050008516772:
6202107021800070008502984:
6202107021800090008513365:
6202107021800110009335560:
6202107021800140009281874:
6202107021800160009226959:
6202107021800350008508757:
6202107021802390006015163:
6202107021802420008517815:
6202107021804100008492480:
6202107021806270009230754:
6202107021810510008704914:
6202107021813130007404952:
6202107021814240008513144:
6202107021818570009300590:
6202107021820280009343364:
6202107021823450009290264:
6202107021839190008676957:
6202107021842440007405149:
6202107021851250009285513:
6202107021858180006028797:
6202107021858530007395601:
6202107021858560007395592:
6202107021858590009283164:
6202107021859010009280630:
6202107021859030004946192:
6202107021859050009226447:
6202107021859060009232631:
6202107021859160009351768:
6202107021859320003137966:
6202107021859500004923159:
6202107021859520008704360:
6202107021859540006037015:
6202107021859570006021994:
6202107021859590006042274:
6202107021900010004971518:
6202107021900020007401166:
6202107021900060004987731:
6202107021900080006022003:
6202107021900100009285701:
6202107021900110007401166:
6202107021900131513653050:
6202107021900150008500109:
6202107021900160008492776:
6202107021900180009305260:
6202107021900200008715839:
6202107021900210008499805:
6202107021900240001122577:
6202107021900260004936823:
6202107021900270006028757:
6202107021900290008494613:
6202107021900300008680900:
6202107021900310008494613:
6202107021900330007404782:
6202107021900350009335539:
6202107021900370009231473:
6202107021900380004947077:
6202107021900410009230749:
6202107021900430009282114:
6202107021900450004046800:
6202107021900470009293895:
6202107021900490008498971:
6202107021900500009287614:
6202107021900540008503515:
6202107021900560007409900:
6202107021900580008506766:
6202107021900590009274203:
6202107021901010008498971:
6202107021901030009230793:
6202107021901040007417231:
6202107021901070009348543:
6202107021901080007422441:
6202107021901100006042240:
6202107021901110009254207:
6202107021901131513643510:
6202107021901150009226400:
6202107021901160008506055:
6202107021901200006030484:
6202107021901220009232653:
6202107021901240008692290:
6202107021901250008507829:
6202107021901270006030482:
6202107021901280006015460:
6202107021901300006031532:
6202107021901310008695905:
6202107021901330004934156:
6202107021901340008715034:
6202107021901360009339144:
6202107021901370004930793:
6202107021901390009348376:
6202107021901410008501833:
6202107021901430009340470:
6202107021901450008715034:
6202107021901460008501833:
6202107021901480004930793:
6202107021901500009327616:
6202107021901510008509948:
6202107021901530009252946:
6202107021901550009285983:
6202107021901570000431430:
6202107021901580009243147:
6202107021902000008500401:
6202107021902010006028799:
6202107021902030008506434:
6202107021902040004166400:
6202107021902080009305547:
6202107021902100004986846:
6202107021902130004987436:
6202107021902160004937088:
6202107021902180006014943:
6202107021902200004934927:
6202107021902210004937088:
6202107021902230008711197:
6202107021902240008506434:
6202107021902260009324085:
6202107021902270006017496:
6202107021902290004937088:
6202107021902310009285983:
6202107021902330004985960:
6202107021902340007421269:
6202107021902360008511510:
6202107021902390004977423:
6202107021902410004950247:
6202107021902420008512000:
6202107021902440007421743:
6202107021902450009281193:
6202107021902480009292116:
6202107021902500008716113:
6202107021902520007419034:
6202107021902540009247694:
6202107021902590008508352:
6202107021903010009230790:
6202107021903030008443266:
6202107021903050008501482:
6202107021903070007402512:
6202107021903090009351758:
6202107021903100006039506:
6202107021903120008512859:
6202107021903150006024122:
6202107021903170006010458:
6202107021903190008492480:
6202107021903210009226817:
6202107021903280006036876:
6202107021903300009254002:
6202107021903310009346063:
6202107021903330009247509:
6202107021903351513409863:
6202107021903370008686680:
6202107021903400009232629:
6202107021903410006032030:
6202107021903430006033720:
6202107021903520004937089:
6202107021904130008515578:
6202107021904200009296138:
6202107021904230009232629:
6202107021905440009234108:
6202107021906000004929865:
6202107021906030004930576:
6202107021906050006036321:
6202107021906100007407764:
6202107021906210009241075:
6202107021906230007407764:
6202107021906280009234108:
6202107021906310007398203:
8202107020720550009348776:
8202107020722520007396382:
8202107020724030009343593:
8202107020734380008513100:
8202107020740400007407499:
8202107020740500008493092:
8202107020741030008504234:
8202107020742000001087543:
8202107020742551513631613:
8202107020744170004923338:
8202107020744470003137945:
8202107020745170009349972:
8202107020745560008445656:
8202107020746040006037029:
8202107020746200009298435:
8202107020747010009252994:
8202107020747170008493895:
8202107020747200008511681:
8202107020747230009324614:
8202107020747440009273291:
8202107020748200006036504:
8202107020748220006028960:
8202107020748350009346364:
8202107020749270009341511:
8202107020749310009346055:
8202107020749450005001511:
8202107020749480009342984:
8202107020749520006036336:
8202107020751100004949949:
8202107020751150008494402:
8202107020751220004171887:
8202107020751470008512375:
8202107020751510004975255:
8202107020751560006028799:
8202107020752140009296645:
8202107020752350008504091:
8202107020752440006027612:
8202107020752520015629857:
8202107020753170009327620:
8202107020753250004969910:
8202107020753430008499706:
8202107020754170009234249:
8202107020754390009250787:
8202107020755020009324572:
8202107020755140008708048:
8202107020755410007421253:
8202107020755490008710875:
8202107020755560008500083:
8202107020756060009246201:
8202107020756090009311280:
8202107020756110006021988:
8202107020756130009346685:
8202107020756140000431385:
8202107020756310009352010:
8202107020756410003126360:
8202107020756480004973386:
8202107020757250001083930:
8202107020757311513653050:
8202107020758070009231425:
8202107020758500009342035:
8202107020758590008695667:
8202107020759270007395601:
8202107020759360008511222:
8202107020759500009272187:
8202107020800100009280051:
8202107020800160008708560:
8202107020800440008503979:
8202107020801360007402467:
8202107020801480006039973:
8202107020806300009226399:
8202107021658340009351814:
8202107021658460006022158:
8202107021659070009273291:
8202107021659170009330829:
8202107021659200008716625:
8202107021659250008501835:
8202107021659270008708048:
8202107021659380008495426:
8202107021659420008493895:
8202107021659430004923338:
8202107021659450007407499:
8202107021659470004179293:
8202107021659480008495556:
8202107021659530004171887:
8202107021659560008504091:
8202107021700000008710875:
8202107021700020008445656:
8202107021700040001088074:
8202107021700060008511681:
8202107021700070006016091:
8202107021700090008719239:
8202107021700110004969910:
8202107021700120009324572:
8202107021700140009226433:
8202107021700150004931673:
8202107021700190006041088:
8202107021700220003934713:
8202107021700250008499706:
8202107021700280009250787:
8202107021700300009226402:
8202107021700320008500083:
8202107021700380008504736:
8202107021700400006039973:
8202107021700421513627710:
8202107021700430009339204:
8202107021700481513631613:
8202107021700500009333812:
8202107021700510009342035:
8202107021700530009346181:
8202107021700540009346685:
8202107021700560006021988:
8202107021700570006039497:
8202107021700590009324614:
8202107021701000009311280:
8202107021701020000424007:
8202107021701040009354827:
8202107021701050008426949:
8202107021701070008510188:
8202107021701080005001262:
8202107021701120009342984:
8202107021701150005001262:
8202107021701190009342978:
8202107021701200005001262:
8202107021701220008506212:
8202107021701230003137945:
8202107021701250004923758:
8202107021701270004934985:
8202107021701290015629857:
8202107021701310009339818:
8202107021701320008496149:
8202107021701340007402467:
8202107021701380006028960:
8202107021701400009283323:
8202107021701410006036504:
8202107021701500000431385:
8202107021701520007421735:
8202107021701530009352010:
8202107021701550009327620:
8202107021702010008511222:
8202107021702020009324605:
8202107021702040009327564:
8202107021702110006036997:
8202107021702420006024859:
8202107021702540009341742:
8202107021702570008703693:
8202107021703510004949949:
8202107021703530009272187:
8202107021704000006036336:
8202107021750150004974633:
8202107021827090004975255:
8202107021858280008503979:
8202107021859010009255827:
8202107021859030009343592:
8202107021859040009339817:
8202107021859070009296645:
8202107021900000000424167:
8202107021900020008494201:
8202107021900040005001511:
8202107021900060009234249:
8202107021900080009287195:
8202107021900100006041717:
8202107021900120009341511:
8202107021900130009252994:
8202107021900150008499867:
8202107021900170004929198:
8202107021900190009342940:
8202107021900220009326658:
8202107021900230009277510:
8202107021900260009234484:
8202107021900270009234240:
8202107021900290009346364:
8202107021900310008693892:
8202107021900520009343593:
8202107021901060009232613:
8202107021901080009254169:
8202107021901140009231425:
8202107021901210004936422:
8202107021901240008708560:
8202107021901340008708003:
8202107021901530009298435:
8202107021901540008690224:
8202107021901590009351830:
8202107021902030000424545:
8202107021902140009344566:
8202107021902170007395593:
8202107021902230008494427:
8202107021905130004179142:
8202107021905160006039129:
8202107021905240007402498:
