2202107030704400009279728:
2202107030713390004937356:
2202107030717160006039998:
2202107030717230009254926:
2202107030732210006026835:
2202107030733300008677773:
2202107030734590008497657:
2202107030735440006039969:
2202107030735470007402194:
2202107030740360006036318:
2202107030741050001079879:
2202107030742480006751664:
2202107030743000004932123:
2202107030743050006036505:
2202107030743100009291663:
2202107030743200006022439:
2202107030743320009304051:
2202107030743350004987436:
2202107030744570009300596:
2202107030745360008503198:
2202107030745480009307295:
2202107030747071513646659:
2202107030747370003915458:
2202107030747470007414082:
2202107030748060001079288:
2202107030748240006041088:
2202107030748370006029990:
2202107030748400006030135:
2202107030748530009283296:
2202107030749090009297569:
2202107030749170009279709:
2202107030749280008500956:
2202107030749510009248259:
2202107030750090005006768:
2202107030750140003137990:
2202107030751410009272184:
2202107030751451513643510:
2202107030751520004936954:
2202107030751550008496310:
2202107030752090008706494:
2202107030752110004181482:
2202107030752140009351823:
2202107030752200009311703:
2202107030752360008681883:
2202107030752410004935885:
2202107030752460009252984:
2202107030752490008505663:
2202107030752510002851459:
2202107030752550006036993:
2202107030753060009253997:
2202107030753080008690941:
2202107030753240008493750:
2202107030753350009293911:
2202107030753380009326618:
2202107030753420008515447:
2202107030753450009339828:
2202107030753470004975875:
2202107030753490009321334:
2202107030753510009301551:
2202107030754080009298207:
2202107030754180008678354:
2202107030754200009233710:
2202107030754220006033001:
2202107030754240006021875:
2202107030754260006021877:
2202107030754280007415195:
2202107030754300008509901:
2202107030754320006042277:
2202107030754360009346063:
2202107030754400008494564:
2202107030754460009287011:
2202107030754481513628688:
2202107030754500009226826:
2202107030754550008503915:
2202107030754570004924590:
2202107030755000009288638:
2202107030755020006019428:
2202107030755050008709369:
2202107030755060008506907:
2202107030755090009314286:
2202107030755120008439606:
2202107030755130006040161:
2202107030755140009314167:
2202107030755160006036875:
2202107030755190004940674:
2202107030755210009303870:
2202107030755240008496191:
2202107030755260002851478:
2202107030755290008692587:
2202107030755330009349952:
2202107030755380009340813:
2202107030755450008497276:
2202107030755500008702320:
2202107030755530009322682:
2202107030755560000431412:
2202107030756030008694944:
2202107030756050006033090:
2202107030756080008504258:
2202107030756180004974944:
2202107030756190007402482:
2202107030756220009346038:
2202107030756240009340483:
2202107030756270004974944:
2202107030756290009276908:
2202107030756320006019430:
2202107030756330008429638:
2202107030756350008688253:
2202107030756380001083110:
2202107030756400008709061:
2202107030756420009296798:
2202107030756430009288224:
2202107030756450009292038:
2202107030756460009288224:
2202107030756480008680789:
2202107030756510008686663:
2202107030756540009297664:
2202107030756570008709393:
2202107030756590006042274:
2202107030757020009343364:
2202107030757040009339794:
2202107030757060006020195:
2202107030757090004921466:
2202107030757120008506797:
2202107030757140007411321:
2202107030757160006016275:
2202107030757180004933902:
2202107030757190009232187:
2202107030757210009340824:
2202107030757240009288270:
2202107030757260008698044:
2202107030757270009324138:
2202107030757290004921466:
2202107030757310004937089:
2202107030757320004967312:
2202107030757350008492705:
2202107030757400008690794:
2202107030757450009226394:
2202107030757490004937625:
2202107030757570008701527:
2202107030757590004947963:
2202107030758020009341030:
2202107030758100008717926:
2202107030758150009281753:
2202107030758180008707832:
2202107030758210008514157:
2202107030758240009230754:
2202107030758260008499075:
2202107030758280008716113:
2202107030758320009286624:
2202107030758360006039337:
2202107030758380002851460:
2202107030758400009248283:
2202107030758430004986846:
2202107030758460009339524:
2202107030758500008693150:
2202107030758530004975565:
2202107030758560009330833:
2202107030758580008508587:
2202107030759000006033902:
2202107030759020008508589:
2202107030759040004923617:
2202107030759150008519522:
2202107030759180008509894:
2202107030759200009232653:
2202107030759220008508352:
2202107030759250009225481:
2202107030759260009354401:
2202107030759280006021991:
2202107030759300006032030:
2202107030759310008715034:
2202107030759330009279481:
2202107030759340009253988:
2202107030759370006010458:
2202107030759390007421743:
2202107030759400004946782:
2202107030759420004937088:
2202107030759430009281193:
2202107030759450009340801:
2202107030759460009342183:
2202107030759490007419049:
2202107030759500002851465:
2202107030759520009289101:
2202107030759530008500312:
2202107030759550009275335:
2202107030759560009254183:
2202107030800000004967002:
2202107030800030008495616:
2202107030800050008710957:
2202107030800070006018005:
2202107030800120008497463:
2202107030800190004950247:
2202107030800280008513733:
2202107030800340009234089:
2202107030800380008497795:
2202107030800410006041715:
2202107030800430004948851:
2202107030800450008426247:
2202107030800520009340499:
2202107030800570006031525:
2202107030801020009236810:
2202107030801050008502364:
2202107030801080008494333:
2202107030801130009321818:
2202107030801160009226392:
2202107030801240008493366:
2202107030801270008688767:
2202107030801310004976805:
2202107030801330008492480:
2202107030801400008508326:
2202107030801430007421210:
2202107030801450009307388:
2202107030801480006040952:
2202107030801520009294273:
2202107030801550008677300:
2202107030802070009339144:
2202107030802150006028797:
2202107030802490008426248:
2202107030802510009246193:
2202107030802550002851799:
2202107030802580006014349:
2202107030803340006027553:
2202107030803370008424093:
2202107030803390004940114:
2202107030804180007410282:
2202107030804200004972145:
2202107030804230006042873:
2202107030804540004945898:
2202107030805230008510378:
2202107030805330009290365:
2202107030805510008493028:
2202107030807170009303525:
2202107030807200009339824:
2202107030807320009313676:
2202107030807520006027540:
2202107030807560006036321:
2202107030808360009289323:
2202107030809180001083941:
2202107030810500006041103:
2202107030810580008496969:
2202107030813320009254000:
2202107030813550009338246:
2202107030814050008506632:
2202107030814220006031526:
2202107030816200009282101:
2202107030827210009321319:
2202107030833060008519041:
2202107031658040009272184:
2202107031800290009275624:
2202107031859360004934412:
2202107031925430004940114:
2202107031934320006027540:
2202107031950170008500956:
2202107031950200009311703:
2202107031951440004924590:
2202107031953070006042277:
2202107032000250009296798:
2202107032001040006040161:
2202107032001050008506907:
2202107032001170008709369:
2202107032001240006033001:
2202107032001270008678354:
2202107032001290006030135:
2202107032001300006021875:
2202107032001320008692587:
2202107032001330009248259:
2202107032001360009297664:
2202107032001380009288638:
2202107032001410007415195:
2202107032001420004935885:
2202107032001450009303870:
2202107032001480009346038:
2202107032001500009307388:
2202107032001510004936954:
2202107032001570007402482:
2202107032001590008701527:
2202107032002010008509894:
2202107032002070009276908:
2202107032002160009297569:
2202107032002180009326618:
2202107032002200009340499:
2202107032002210006029990:
2202107032002240008514157:
2202107032002250009283296:
2202107032002280004974944:
2202107032002300009275335:
2202107032002430006016275:
2202107032002480004951145:
2202107032002550008511694:
2202107032003070008497276:
2202107032003120002851478:
2202107032003140009236810:
2202107032003170008510716:
2202107032003370008504258:
2202107032004150004932123:
2202107032004340006039969:
2202107032004590004946782:
2202107032005040009307295:
2202107032006360008686663:
2202107032009160008508326:
2202107032009530004967002:
2202107032010370008698044:
2202107032016470008502364:
2202107032017100009246193:
2202107032017180008426248:
2202107032018390009226392:
2202107032025100009292038:
2202107032025340009289101:
2202107032029060008426247:
2202107032036160006036321:
2202107032038380009254000:
2202107032046550004948851:
2202107032047320009313676:
2202107032056550009321319:
2202107032119220008503198:
2202107032125150006022420:
2202107032125180007407502:
2202107032145570004181482:
2202107032155460008510378:
2202107032157240008506632:
2202107032157380008689537:
2202107032157420008711445:
2202107032157470007421690:
2202107032158360008692560:
2202107032159140009324107:
2202107032159160008693150:
2202107032159370009230749:
2202107032200010004921466:
2202107032200030006019430:
2202107032200050002851799:
2202107032200080008508587:
2202107032200090004921466:
2202107032200110008681883:
2202107032200130006019428:
2202107032200151513628688:
2202107032200160008496191:
2202107032200180008497657:
2202107032200190008429638:
2202107032200210009301551:
2202107032200220009288224:
2202107032200250000431412:
2202107032200270009288224:
2202107032200290009314167:
2202107032200320000431412:
2202107032200340009314286:
2202107032200360009281753:
2202107032200380008492705:
2202107032200400008709061:
2202107032201260008513365:
2202107032201280007421209:
2202107032201360009286624:
2202107032201410008515447:
2202107032201430009340483:
2202107032201590001079879:
2202107032202010004986846:
2202107032202040006021994:
2202107032202070009230754:
2202107032202330009253997:
2202107032203170002851459:
2202107032203220009339828:
2202107032203300009279481:
2202107032203370009252984:
2202107032203550008499075:
2202107032204560009293911:
2202107032205110009296138:
2202107032209460003915458:
2202107032222310008706494:
2202107032259500008710957:
2202107032259520009351823:
2202107032259540009236903:
2202107032259560009351998:
2202107032300000008701083:
2202107032300040004950845:
2202107032300060004940674:
2202107032300080006030142:
2202107032300100008701083:
2202107032300120009233710:
2202107032300140004940674:
2202107032300210009248283:
2202107032300320004932362:
2202107032300330006033090:
2202107032300440009230781:
2202107032300480008682585:
2202107032300500008510696:
2202107032300580008493366:
2202107032301090009226412:
2202107032301470007414082:
2202107032309060008709011:
2202107032359290008692450:
2202107032359360008515081:
2202107032359420009327416:
2202107032359440009338814:
2202107032359460009327416:
2202107032359490008500312:
2202107032359510008512216:
2202107032359520009225523:
2202107032359540009352009:
2202107032359560008491998:
2202107032359580008512216:
3202107030719510008501288:
3202107030724180009314247:
3202107030725340003117204:
3202107030729590008501953:
3202107030731140006031524:
3202107030731170004931673:
3202107030732050008676957:
3202107030732500009309524:
3202107030733360004974633:
3202107030733410008494010:
3202107030735090009339211:
3202107030735430001099428:
3202107030739400006028953:
3202107030742490003934713:
3202107030743060006042240:
3202107030743470009339818:
3202107030743540009232350:
3202107030744090008681103:
3202107030744310009305555:
3202107030744470004937222:
3202107030744560009241075:
3202107030745340008504091:
3202107030745480008692117:
3202107030746050006028957:
3202107030746070007402205:
3202107030746110008499509:
3202107030746130004974322:
3202107030746150008712381:
3202107030746590009354344:
3202107030747020009351758:
3202107030747040006039016:
3202107030747080008499556:
3202107030747100009275492:
3202107030747171513637255:
3202107030747200009275492:
3202107030747250002851485:
3202107030748150008687514:
3202107030748190008685403:
3202107030748350008510264:
3202107030748470009335560:
3202107030748520008707911:
3202107030748550004923306:
3202107030749010009325535:
3202107030749070009234458:
3202107030749310009323446:
3202107030749340009343384:
3202107030750030008503339:
3202107030750110006041717:
3202107030750130009306129:
3202107030750160008711197:
3202107030750230008494290:
3202107030750410004936149:
3202107030750520008713928:
3202107030750550009340470:
3202107030751080006018008:
3202107030751190003137966:
3202107030751290009276661:
3202107030751340003137966:
3202107030751520008514795:
3202107030751550007402196:
3202107030752000009324606:
3202107030752040009234108:
3202107030752080009252962:
3202107030752110009336959:
3202107030752150000439530:
3202107030752190008495468:
3202107030752220008498188:
3202107030752270008501480:
3202107030752300006022433:
3202107030752530008497634:
3202107030752560008513325:
3202107030753070009340817:
3202107030753090008429607:
3202107030753160008715839:
3202107030753230008518736:
3202107030753270008503303:
3202107030753310004155886:
3202107030753350008680900:
3202107030753390009343149:
3202107030753420008714702:
3202107030753440006032999:
3202107030753450006025823:
3202107030753470006039541:
3202107030753490009226816:
3202107030753510009339930:
3202107030753530003132772:
3202107030753550009324068:
3202107030754050004940394:
3202107030754070009254169:
3202107030754110009300618:
3202107030754130009247521:
3202107030754150004929641:
3202107030754180009281874:
3202107030754240009326626:
3202107030754300008517323:
3202107030754330008691341:
3202107030754360009233695:
3202107030754380009324629:
3202107030754400008711892:
3202107030754420006023085:
3202107030754450009324574:
3202107030754480009326650:
3202107030754510009253719:
3202107030754530008707174:
3202107030754550008512000:
3202107030754570009286996:
3202107030755010001089614:
3202107030755030006023662:
3202107030755060008689537:
3202107030755080004929419:
3202107030755110001096293:
3202107030755140008506766:
3202107030755170006041721:
3202107030755190003137967:
3202107030755220006030480:
3202107030755240009273013:
3202107030755260009348603:
3202107030755280009353030:
3202107030755300008678678:
3202107030755350008504736:
3202107030755390004934470:
3202107030755420008692032:
3202107030755430009326609:
3202107030755450009339195:
3202107030755470003137991:
3202107030755490008695330:
3202107030755520008502189:
3202107030755540009284157:
3202107030755571513653050:
3202107030756130006019317:
3202107030756170004158333:
3202107030756200008445992:
3202107030756220008717268:
3202107030756270009339254:
3202107030756310009226952:
3202107030756350008429633:
3202107030756380009339837:
3202107030756400008702698:
3202107030756420004936029:
3202107030756430008498021:
3202107030756460008713719:
3202107030756470008680280:
3202107030756490008713719:
3202107030756500009337945:
3202107030756520009340813:
3202107030756540008680280:
3202107030756550008679943:
3202107030756570009233697:
3202107030757110004947373:
3202107030757140009295891:
3202107030757180004932608:
3202107030757250004975477:
3202107030757280005001262:
3202107030757340009331842:
3202107030757370009226385:
3202107030757410008690203:
3202107030757470008498170:
3202107030757500003137754:
3202107030757520007395592:
3202107030757540009342954:
3202107030757570008699143:
3202107030757590007402467:
3202107030758010009243147:
3202107030758030009340450:
3202107030758050009327615:
3202107030758060003126383:
3202107030758080008503515:
3202107030758100009226390:
3202107030758120008492065:
3202107030758140009309829:
3202107030758160008507829:
3202107030758180009225488:
3202107030758210008714113:
3202107030758320004969598:
3202107030758340009308083:
3202107030758360006028450:
3202107030758410008699992:
3202107030758450009293228:
3202107030758480008688282:
3202107030758510009253861:
3202107030758540008514966:
3202107030758560008701274:
3202107030759000008703693:
3202107030759060003132773:
3202107030759080009321321:
3202107030759100009354391:
3202107030759130007418333:
3202107030759140009354391:
3202107030759160004931897:
3202107030759170006036994:
3202107030759200008686117:
3202107030759230008493770:
3202107030759250008499471:
3202107030759270008698315:
3202107030759310008500567:
3202107030759320006015460:
3202107030759350009287411:
3202107030759410004928581:
3202107030759520009226400:
3202107030759580008502984:
3202107030800020009288958:
3202107030800180008697764:
3202107030800250008518703:
3202107030800490006024741:
3202107030802070008500378:
3202107030803430008506597:
3202107030808480008503489:
3202107030811470006019315:
3202107030906070006041875:
3202107030952130009275624:
3202107031701390009324076:
3202107031900010008690234:
3202107031900450008503303:
3202107031903540004935623:
3202107031915230003126147:
3202107031927180008503489:
3202107031959100008500889:
3202107032000010009326609:
3202107032000060008686117:
3202107032020070009309524:
3202107032059050008676957:
3202107032101380009309829:
3202107032154540009289323:
3202107032154560008698121:
3202107032155330008508441:
3202107032157010008701274:
3202107032157300008679943:
3202107032157320009342954:
3202107032157330001089614:
3202107032157350003132773:
3202107032157380009343149:
3202107032157410009225488:
3202107032157420009337945:
3202107032157440009346033:
3202107032157460008493770:
3202107032157470009273013:
3202107032157490006041721:
3202107032157510009340813:
3202107032157530008499509:
3202107032157540003137967:
3202107032157560009284852:
3202107032157580009324574:
3202107032158000008713215:
3202107032158020006028953:
3202107032158030009346020:
3202107032158050009295891:
3202107032158070009324637:
3202107032158090008688767:
3202107032158120009314247:
3202107032158140008509836:
3202107032158160006025403:
3202107032158200009354344:
3202107032158210009323446:
3202107032158290009324138:
3202107032158310007398172:
3202107032158320008510264:
3202107032158470006032999:
3202107032158520009287411:
3202107032158540003137754:
3202107032159000009324068:
3202107032159020008713719:
3202107032159120006030480:
3202107032159230008707911:
3202107032159240008493217:
3202107032159490008515502:
3202107032159510008709488:
3202107032159570006028450:
3202107032200000008695330:
3202107032200030004937222:
3202107032200050009306586:
3202107032200070007402205:
3202107032200090008678678:
3202107032200100008509836:
3202107032200120008518703:
3202107032200130008680900:
3202107032200150009287411:
3202107032200170008708003:
3202107032200220006039497:
3202107032200260004940394:
3202107032200280009232350:
3202107032200290009226816:
3202107032200320004948289:
3202107032200340008504091:
3202107032200360004969598:
3202107032200370006025823:
3202107032200420008713928:
3202107032200430008497634:
3202107032200450004934470:
3202107032200460009306129:
3202107032200480008494290:
3202107032200490009302534:
3202107032200510004923306:
3202107032200530009342998:
3202107032200540008504091:
3202107032200560004932608:
3202107032200570008495468:
3202107032200590008685403:
3202107032201000008710216:
3202107032201030009226952:
3202107032201040008710216:
3202107032201060009288958:
3202107032201070009340817:
3202107032201090005001068:
3202107032201110009343384:
3202107032201130009288958:
3202107032201140008429633:
3202107032201200008518736:
3202107032201210008516420:
3202107032201230008711892:
3202107032201240008498188:
3202107032201260008711892:
3202107032201271513653050:
3202107032201290008429633:
3202107032201310009322614:
3202107032201330008518736:
3202107032201341513653050:
3202107032201360009232350:
3202107032201380004929419:
3202107032201390009322602:
3202107032201420006019317:
3202107032201440009277145:
3202107032201450008690203:
3202107032201470004975477:
3202107032201480008717268:
3202107032201500008506055:
3202107032201510008506766:
3202107032201540009321321:
3202107032201550009354460:
3202107032201570008514795:
3202107032201580005001262:
3202107032202000008500888:
3202107032202020002851487:
3202107032202030008500888:
3202107032202050005001262:
3202107032202060008507829:
3202107032202080008707174:
3202107032202130009343567:
3202107032202190005001262:
3202107032202250009300618:
3202107032202270005001262:
3202107032202290008712381:
3202107032202310005001262:
3202107032202330006023662:
3202107032202340004947373:
3202107032202370005001262:
3202107032202380004947373:
3202107032202400006035580:
3202107032202420001096293:
3202107032202430006028957:
3202107032202450008445992:
3202107032202470006023662:
3202107032202490009339254:
3202107032202500009236868:
3202107032202520009352016:
3202107032202530008499556:
3202107032202550008699992:
3202107032202560009342940:
3202107032202580008704360:
3202107032203040009354581:
3202107032203060008704360:
3202107032203090009342940:
3202107032203100008492065:
3202107032203120009354391:
3202107032203140004936149:
3202107032203150008714113:
3202107032203170009230812:
3202107032203190008502984:
3202107032203200006015460:
3202107032203220009354582:
3202107032203240008677829:
3202107032203260000439530:
3202107032203270008691341:
3202107032203290004155886:
3202107032203310009253742:
3202107032203340009253861:
3202107032203360008501288:
3202107032203370008503339:
3202107032203390009324879:
3202107032203401513653821:
3202107032203420008681103:
3202107032203440006020195:
3202107032203460008687514:
3202107032203480006023085:
3202107032203500004164864:
3202107032203530009326438:
3202107032203540006030484:
3202107032203560009339211:
3202107032203570009351758:
3202107032203590009290271:
3202107032204000008502189:
3202107032204020008513325:
3202107032204040009348542:
3202107032204050001099428:
3202107032204060008506597:
3202107032204090009339834:
3202107032204100009234458:
3202107032204120009351830:
3202107032204150009298435:
3202107032204160009351830:
3202107032204170008701103:
3202107032204190008492410:
3202107032204210009339802:
3202107032204230008698315:
3202107032204240008711249:
3202107032204260008680280:
3202107032204280008697764:
3202107032204310008714702:
3202107032204330008699143:
3202107032204350009275492:
3202107032204390008508589:
3202107032204400006015165:
3202107032204430006039016:
3202107032204450009284157:
3202107032204470008494141:
3202107032204490008688253:
3202107032204520003117204:
3202107032204530008503824:
3202107032204550009346327:
3202107032204570004937356:
3202107032205030008496969:
3202107032205120007405149:
3202107032205130009305555:
3202107032205180009354625:
3202107032205570008677773:
3202107032206140008494964:
3202107032206180008500378:
3202107032207480006036318:
3202107032209360009300590:
3202107032211080004974633:
3202107032211090006039998:
3202107032254480006026835:
4202107030714481513653075:
4202107030724100004936688:
4202107030724130004936293:
4202107030730150006015165:
4202107030736310008513100:
4202107030739060008494141:
4202107030739421513631101:
4202107030745000007407499:
4202107030746180009272601:
4202107030746330009349985:
4202107030747320001087543:
4202107030747360009349972:
4202107030748140006036997:
4202107030748350004179293:
4202107030748420005001511:
4202107030749110008493895:
4202107030749140004975255:
4202107030749590008504234:
4202107030750030008690224:
4202107030750070004929198:
4202107030750140004969910:
4202107030750160009339225:
4202107030750230009337903:
4202107030750260008708048:
4202107030750290006016091:
4202107030750320008445656:
4202107030750450009234484:
4202107030750480009330829:
4202107030750510000424545:
4202107030751240007398203:
4202107030751520006028799:
4202107030751570009291036:
4202107030751580009343593:
4202107030752140004935623:
4202107030752170009246202:
4202107030752200008499047:
4202107030752220008510188:
4202107030752240009236820:
4202107030752260009298435:
4202107030752280009322602:
4202107030752310008503089:
4202107030753270009331044:
4202107030753300006027612:
4202107030753350009252994:
4202107030753380004163548:
4202107030753400008501835:
4202107030753430009346340:
4202107030753440009232613:
4202107030753490008494402:
4202107030754010009226797:
4202107030754050009338161:
4202107030754080006035802:
4202107030754100008494427:
4202107030754130008493340:
4202107030754150009281928:
4202107030754170008695597:
4202107030754180007406670:
4202107030754210009339817:
4202107030754240009225500:
4202107030754340004977114:
4202107030754400007404978:
4202107030754420009285513:
4202107030754440008684967:
4202107030754480003126360:
4202107030754510009327620:
4202107030754540006022158:
4202107030754570006013128:
4202107030754590008699709:
4202107030755020000424167:
4202107030755040004923338:
4202107030755060004973386:
4202107030755130009341742:
4202107030755150009283323:
4202107030755180009324572:
4202107030755200006020192:
4202107030755220009247701:
4202107030755260008512783:
4202107030755300009226399:
4202107030755330006027345:
4202107030755350008499706:
4202107030755400006041875:
4202107030755430009342984:
4202107030755460006041875:
4202107030755490009354827:
4202107030755530009321481:
4202107030755550002851443:
4202107030755580008710875:
4202107030756000008495426:
4202107030756020009325498:
4202107030756050009327564:
4202107030756060002854367:
4202107030756170008717694:
4202107030756200009226433:
4202107030756220009342035:
4202107030756260008495556:
4202107030756280009343432:
4202107030756350009339915:
4202107030756460004179142:
4202107030756490009351814:
4202107030756530008511222:
4202107030756550000431385:
4202107030757010008504275:
4202107030757040008502693:
4202107030757060009342981:
4202107030757090009225508:
4202107030757110004936422:
4202107030757130003116965:
4202107030757150001088074:
4202107030757170009342978:
4202107030757200009273026:
4202107030757230009339204:
4202107030757250009311280:
4202107030757270009287195:
4202107030757280006036336:
4202107030757300009341511:
4202107030757320009295454:
4202107030757330009272187:
4202107030757350008503532:
4202107030757360009234457:
4202107030757380009324118:
4202107030757400009253995:
4202107030757420009277510:
4202107030757440009342143:
4202107030757450008499867:
4202107030757470009342997:
4202107030757500006033000:
4202107030757520008500493:
4202107030757540004985960:
4202107030757550007401131:
4202107030757570008500083:
4202107030757590008679170:
4202107030758010009274874:
4202107030758050008695667:
4202107030758080006020220:
4202107030758100009298206:
4202107030758120009226821:
4202107030758140009342142:
4202107030758160009337006:
4202107030758180004169060:
4202107030758200009253846:
4202107030758220001083930:
4202107030758240009234249:
4202107030758310009231455:
4202107030758360007395593:
4202107030758410008708992:
4202107030758430009339821:
4202107030758450008506912:
4202107030758470006016252:
4202107030758490006021988:
4202107030758510006016252:
4202107030758530009346685:
4202107030758570008426949:
4202107030758590008509836:
4202107030759010007407459:
4202107030759040003126356:
4202107030759050008503979:
4202107030759070009346035:
4202107030759190007395586:
4202107030759210008494201:
4202107030759280009342982:
4202107030759320009246201:
4202107030759330009282645:
4202107030759380009342034:
4202107030759410004948259:
4202107030759440009231425:
4202107030759470009280051:
4202107030759500006039129:
4202107030759570007395601:
4202107030800070008500142:
4202107030800140009346181:
4202107030800180009348376:
4202107030800200009333812:
4202107030800430006039973:
4202107030801291513627710:
4202107030801560009326658:
4202107030802040004969304:
4202107030803400004933960:
4202107030808090009303697:
4202107030811230006022420:
4202107030840140008500916:
4202107030937460000431385:
4202107031806350004933960:
4202107031902440004987436:
4202107032000080006016091:
4202107032001510009342978:
4202107032002110009305260:
4202107032004270008512000:
4202107032005280009311280:
4202107032005300009346055:
4202107032124110004977114:
4202107032124160008503089:
4202107032138490009303697:
4202107032158020009337006:
4202107032158040004949949:
4202107032158080009272187:
4202107032158140008494402:
4202107032158160006016252:
4202107032158180009349985:
4202107032158200004179293:
4202107032158220006016252:
4202107032158230004171887:
4202107032158260009324629:
4202107032158280008495972:
4202107032158300009348748:
4202107032158320009324629:
4202107032158340009331842:
4202107032158360009226433:
4202107032158370007395592:
4202107032158391513626317:
4202107032158400009351964:
4202107032158420000424545:
4202107032158450008717694:
4202107032158470006022003:
4202107032158500009338161:
4202107032158540008429607:
4202107032158550006035802:
4202107032158570008494427:
4202107032158590004045200:
4202107032159010000424007:
4202107032159040009253719:
4202107032159060009339915:
4202107032159070009342142:
4202107032159090009322590:
4202107032159120009339930:
4202107032159150004936422:
4202107032159180009339930:
4202107032159220004936422:
4202107032159240009336959:
4202107032159250009236820:
4202107032159280009354349:
4202107032159300008501835:
4202107032159330009274203:
4202107032159360003116965:
4202107032159370004933902:
4202107032159390009342962:
4202107032159400008695667:
4202107032159420003116965:
4202107032159430008510188:
4202107032159460008683912:
4202107032159480009278607:
4202107032159490009280051:
4202107032159511513653096:
4202107032159560006014941:
4202107032159570003916932:
4202107032200000009343593:
4202107032200020008680442:
4202107032200030009301802:
4202107032200060008695597:
4202107032200070009288870:
4202107032200090009234240:
4202107032200100009341742:
4202107032200120004923758:
4202107032200140008695597:
4202107032200160008493340:
4202107032200180009326600:
4202107032200190009350096:
4202107032200210009234486:
4202107032200220009298206:
4202107032200240006020220:
4202107032200260006022158:
4202107032200280009339818:
4202107032200290008517323:
4202107032200320009308083:
4202107032200340004969304:
4202107032200360009342997:
4202107032200370009246202:
4202107032200390007421735:
4202107032200460009246202:
4202107032200480004923338:
4202107032200500007395593:
4202107032200520009272601:
4202107032200540008710875:
4202107032200550009348603:
4202107032200571513653075:
4202107032200580008511222:
4202107032201000009342981:
4202107032201020007407499:
4202107032201030006018008:
4202107032201050008512397:
4202107032201060009246201:
4202107032201080009342982:
4202107032201090009225508:
4202107032201100007402196:
4202107032201120009225500:
4202107032201140006039974:
4202107032201150008513100:
4202107032201170005001511:
4202107032201180006039130:
4202107032201190007404978:
4202107032201210008688282:
4202107032201220009324118:
4202107032201240009253995:
4202107032201260004973386:
4202107032201280009342143:
4202107032201300004929641:
4202107032201330008500493:
4202107032201340009226797:
4202107032201350009253846:
4202107032201370004169060:
4202107032201390007396382:
4202107032201410001083930:
4202107032201430008699709:
4202107032201450008493895:
4202107032201460007401131:
4202107032201480007402467:
4202107032201490008690224:
4202107032201510004948259:
4202107032201520008499706:
4202107032201540007401131:
4202107032201550009327620:
4202107032201570006036994:
4202107032201591513631101:
4202107032202010006041088:
4202107032202030009252994:
4202107032202050009253739:
4202107032202050009346340:
4202107032202080009337903:
4202107032202100008494201:
4202107032202200009341511:
4202107032202220008498021:
4202107032202270008500567:
4202107032202300003126356:
4202107032202350009339837:
4202107032202370004969910:
4202107032202390006036997:
4202107032202470009342035:
4202107032202530009342984:
4202107032202560008495556:
4202107032202580007407764:
4202107032203020009346181:
4202107032203040009339821:
4202107032203060009354827:
4202107032203070008506212:
4202107032203160008502693:
4202107032203180003137945:
4202107032203200009346685:
4202107032203220008517783:
4202107032203270001088074:
4202107032203290009273026:
4202107032203310009339144:
4202107032203330008719239:
4202107032203340004971518:
4202107032203360008501953:
4202107032203380006033000:
4202107032203400001087543:
4202107032203420004946192:
4202107032203460009231455:
4202107032203510008679170:
4202107032203550008500083:
4202107032203570006037029:
4202107032204010006036336:
4202107032204030006042240:
4202107032204050009331044:
4202107032204170004936293:
4202107032204300004929198:
4202107032204420008512783:
4202107032204440009234249:
4202107032204490009254169:
4202107032204570009226821:
4202107032205260009346035:
4202107032205490008512375:
4202107032205550008708560:
4202107032209060006024741:
4202107032209280007395586:
4202107032209310008716113:
5202107030730270009276680:
5202107030735310009324831:
5202107030735330009339273:
5202107030735470002851479:
5202107030735510008497657:
5202107030738220006032924:
5202107030739000008497291:
5202107030740570009305197:
5202107030741370004922875:
5202107030742170009234467:
5202107030742500008510518:
5202107030743130008500184:
5202107030744350008690529:
5202107030744400004923605:
5202107030745060007412611:
5202107030745240008511694:
5202107030745300008499208:
5202107030746260006013140:
5202107030746360000424165:
5202107030746380009346707:
5202107030746420004937357:
5202107030747070009339797:
5202107030748010009340820:
5202107030748030009339797:
5202107030748050008491998:
5202107030748140008495037:
5202107030748210008687593:
5202107030748250009305457:
5202107030748270007414082:
5202107030748340004932362:
5202107030748480008494656:
5202107030748520008512059:
5202107030749260009236809:
5202107030749360009346170:
5202107030749420008500113:
5202107030749540009279709:
5202107030750020008704200:
5202107030750050008698279:
5202107030750100008517932:
5202107030750130009230781:
5202107030750160008509370:
5202107030750190009347607:
5202107030750240008513950:
5202107030750360005000508:
5202107030750380009300607:
5202107030750410009351833:
5202107030750440007398159:
5202107030750470001108277:
5202107030750490008699606:
5202107030750500003137990:
5202107030750520009282809:
5202107030750570004930090:
5202107030751110009339795:
5202107030751190009354625:
5202107030751220008676811:
5202107030751240006025812:
5202107030751320009346362:
5202107030751380009306271:
5202107030751480004950546:
5202107030752060009354001:
5202107030752100009338814:
5202107030752230008515021:
5202107030752270004950845:
5202107030752310008516236:
5202107030752340008496310:
5202107030752370006018006:
5202107030752390008694659:
5202107030752420008706494:
5202107030752450007402500:
5202107030753080006039671:
5202107030753100006028292:
5202107030753130009226412:
5202107030753150006022852:
5202107030753170009254229:
5202107030753190009226412:
5202107030753210009252984:
5202107030753230008706878:
5202107030753250005001814:
5202107030753270006012153:
5202107030753320009346376:
5202107030753411513626317:
5202107030753440008510716:
5202107030753470006016276:
5202107030753490004951445:
5202107030753540007402523:
5202107030754070008511010:
5202107030754080007421212:
5202107030754100009351998:
5202107030754120009327416:
5202107030754140003126147:
5202107030754150009348762:
5202107030754170009232651:
5202107030754190004934412:
5202107030754201513645885:
5202107030754220009241934:
5202107030754240008493286:
5202107030754250009236903:
5202107030754270007401654:
5202107030754320004975875:
5202107030754340009234236:
5202107030754420009280491:
5202107030754480008697836:
5202107030754560004947668:
5202107030754580009295615:
5202107030755010004951145:
5202107030755030008512216:
5202107030755060006021877:
5202107030755140006030146:
5202107030755190009342035:
5202107030755200009352009:
5202107030755230004965968:
5202107030755270008510090:
5202107030755300006030130:
5202107030755320009253842:
5202107030755360008503915:
5202107030755380007398914:
5202107030755460008497935:
5202107030755490007413810:
5202107030755510009225507:
5202107030755560006036875:
5202107030755580006037287:
5202107030756010008501942:
5202107030756030009226440:
5202107030756220009351308:
5202107030756250008702320:
5202107030756260006016090:
5202107030756350009226965:
5202107030756370008691017:
5202107030756410006033090:
5202107030756430008503171:
5202107030756450009321395:
5202107030756510009232378:
5202107030756540006030142:
5202107030756580003892332:
5202107030756590008515081:
5202107030757060003920040:
5202107030757100008688253:
5202107030757110008510696:
5202107030757130009324107:
5202107030757140009339219:
5202107030757160006029988:
5202107030757180009342959:
5202107030757200009296798:
5202107030757220008682585:
5202107030757250004933649:
5202107030757270009234480:
5202107030757300009324107:
5202107030757320009234480:
5202107030757330009306769:
5202107030757360009284852:
5202107030757370009326645:
5202107030757400008501482:
5202107030757420008506912:
5202107030757500009253742:
5202107030757530000439539:
5202107030757540008513365:
5202107030757560008516213:
5202107030757580008692450:
5202107030758000006016275:
5202107030758020009340824:
5202107030758040008709011:
5202107030758060007407459:
5202107030758070003126145:
5202107030758100009254207:
5202107030758120008718216:
5202107030758130009225523:
5202107030758150008686064:
5202107030758170004967312:
5202107030758190004984899:
5202107030758210004923454:
5202107030758290009326612:
5202107030758370009341030:
5202107030758430009287411:
5202107030758490008504180:
5202107030759140006025445:
5202107030759240009339812:
5202107030759310009282114:
5202107030759340008697764:
5202107030759460009286616:
5202107030759580009308592:
5202107030800040009354401:
5202107030800100009286880:
5202107030800120004937088:
5202107030800150009279481:
5202107030800170009342183:
5202107030800290008506376:
5202107030800300008704914:
5202107030800320006040283:
5202107030800510009310954:
5202107030800540009246199:
5202107030801000008701083:
5202107030801030004973075:
5202107030801120008692560:
5202107030801140006030118:
5202107030801510009226392:
5202107030801560008493366:
5202107030802110009300544:
5202107030802240009339803:
5202107030802480006022855:
5202107030803040007409900:
5202107030803100007410385:
5202107030803150003137987:
5202107030803180007410385:
5202107030803260007413042:
5202107030803290008508219:
5202107030803500009297056:
5202107030804480009281814:
5202107030804500008498988:
5202107030805280009225494:
5202107030808130006009777:
5202107030808560009232355:
5202107030827410004948555:
5202107031702260009290365:
5202107031712460004945898:
5202107031721070009281814:
5202107031845060001083941:
5202107031858500004934412:
5202107031925300009342996:
5202107031927470009342996:
5202107032000000009296798:
5202107032000190008687593:
5202107032000520004976805:
5202107032002000009232355:
5202107032002020008704200:
5202107032002040000424165:
5202107032002080006030146:
5202107032002120006016275:
5202107032002140004951145:
5202107032002160008511694:
5202107032002210006013140:
5202107032002230009234467:
5202107032002250008699606:
5202107032002270008511694:
5202107032002280001108277:
5202107032002300008717926:
5202107032002330008493750:
5202107032002350004951445:
5202107032002380006029988:
5202107032002410009339273:
5202107032002430001083110:
5202107032002450008510716:
5202107032002470009234236:
5202107032002490009321334:
5202107032002500006018005:
5202107032002570006022855:
5202107032003340008690941:
5202107032003360007402194:
5202107032003400004950546:
5202107032003420009234480:
5202107032003520009354001:
5202107032003540009339795:
5202107032004140004922875:
5202107032005450009232651:
5202107032005490008698044:
5202107032008400004973075:
5202107032008450006041715:
5202107032009000009339812:
5202107032010010009226826:
5202107032010060009346376:
5202107032011120006022439:
5202107032011150002851479:
5202107032013250009253988:
5202107032031460006041103:
5202107032055540009321319:
5202107032102100009309829:
5202107032102120009325511:
5202107032157060009306769:
5202107032157120007421690:
5202107032158090009343149:
5202107032158110009225488:
5202107032158130003132773:
5202107032158150001089614:
5202107032158170009337945:
5202107032158190009284852:
5202107032158300008499509:
5202107032158320006033902:
5202107032158361513637255:
5202107032158530009324637:
5202107032158560008690794:
5202107032158590008696238:
5202107032159030008680789:
5202107032159070009232631:
5202107032159120009324138:
5202107032159130009327615:
5202107032159180006018006:
5202107032159200001077087:
5202107032159230009326650:
5202107032159240006039493:
5202107032159270003137754:
5202107032159300004937625:
5202107032159330008683421:
5202107032159350008495972:
5202107032159370009300544:
5202107032159410008494402:
5202107032159430009310954:
5202107032159450006016276:
5202107032159460009331842:
5202107032159480006040360:
5202107032159490008502735:
5202107032159530009286616:
5202107032159570006028762:
5202107032200020009282114:
5202107032200040009348566:
5202107032200060008508290:
5202107032200070006016276:
5202107032200090006040360:
5202107032200100006027609:
5202107032200120004940321:
5202107032200160008517815:
5202107032200170006024122:
5202107032200190008707911:
5202107032200210004940321:
5202107032200230009254908:
5202107032200240006039674:
5202107032200260006016090:
5202107032200310009339795:
5202107032200370007395627:
5202107032200390008501942:
5202107032200450004933902:
5202107032200470008513365:
5202107032200490007421209:
5202107032200500004946487:
5202107032200520008691017:
5202107032200540008678678:
5202107032200560009306586:
5202107032200580008518703:
5202107032201000008499208:
5202107032201020009283164:
5202107032201030009335539:
5202107032201050007411321:
5202107032201070008500184:
5202107032201090003137990:
5202107032201110009343593:
5202107032201130009321818:
5202107032201150009233704:
5202107032201170008695905:
5202107032201180009298019:
5202107032201200008680900:
5202107032201220004986846:
5202107032201261513627710:
5202107032201270009285983:
5202107032201290007407459:
5202107032201310009230754:
5202107032201330006027344:
5202107032201350008509407:
5202107032201370008499471:
5202107032201400004986256:
5202107032201410006015163:
5202107032201440009231425:
5202107032201450009281928:
5202107032201480008710216:
5202107032201500008495468:
5202107032201510009226952:
5202107032201540009253997:
5202107032201570006018008:
5202107032202000009324606:
5202107032202090008431645:
5202107032202141513645885:
5202107032202160006022160:
5202107032202180006025806:
5202107032202190008688282:
5202107032202210007404952:
5202107032202230005001068:
5202107032202250006021991:
5202107032202270008508352:
5202107032202290009340801:
5202107032202300009253846:
5202107032202340007401654:
5202107032202450009278808:
5202107032202480004947107:
5202107032202550009252984:
5202107032202570009290264:
5202107032202590004947107:
5202107032203010009252946:
5202107032203030008707174:
5202107032203050008499075:
5202107032203070004928581:
5202107032203090004939835:
5202107032203100009278862:
5202107032203160003137991:
5202107032203190009226400:
5202107032203210008712381:
5202107032203230001096293:
5202107032203250009288913:
5202107032203260009231410:
5202107032203280004988026:
5202107032203330008494613:
5202107032203360009226426:
5202107032203370006028797:
5202107032203390007421210:
5202107032203530007422441:
5202107032203570004969598:
5202107032204060004937089:
5202107032204080008497935:
5202107032204140008677829:
5202107032204160004967312:
5202107032204181513409863:
5202107032204200008508757:
5202107032204220006032030:
5202107032204280009340470:
5202107032204410009254002:
5202107032204430007412611:
5202107032204460003892332:
5202107032204470009240533:
5202107032204500009226390:
5202107032204530008510316:
5202107032204550006039671:
5202107032204570008706878:
5202107032205210008699143:
5202107032206150009236809:
5202107032206460007413042:
5202107032206580006040283:
5202107032207400008494656:
5202107032208340009339219:
5202107032210100009346707:
5202107032217100003137987:
5202107032218330009339803:
5202107032221540008677300:
5202107032222290004947668:
5202107032222430004948555:
5202107032259110006028292:
5202107032259130004950845:
5202107032259150009282809:
5202107032259170009348762:
5202107032259190009339797:
5202107032259200009347607:
5202107032259220004972145:
5202107032259250009347607:
5202107032259270009236903:
5202107032259280004965968:
5202107032259310009306271:
5202107032259330004972145:
5202107032259350009233710:
5202107032259380006030142:
5202107032259390008513950:
5202107032259420008497291:
5202107032259440009248283:
5202107032259470006033090:
5202107032259570009340820:
5202107032300010004932362:
5202107032300040009340820:
5202107032300060008718216:
5202107032300070004932362:
5202107032300090006033090:
5202107032300100009230781:
5202107032300120008682585:
5202107032300140009295615:
5202107032300160009351833:
5202107032300180008510696:
5202107032300200007413810:
5202107032300220009226440:
5202107032300230008493366:
5202107032300250009351308:
5202107032300290009226412:
5202107032301050009321395:
5202107032301070008694659:
5202107032301100009225507:
5202107032301120009321395:
5202107032301140007414082:
5202107032301160009339524:
5202107032302120009225481:
5202107032302140009326612:
5202107032302560003126145:
5202107032303020009340824:
5202107032306200007421212:
5202107032306390008509370:
5202107032308100006030130:
5202107032308270008709011:
5202107032330350009300607:
5202107032358580008692450:
5202107032359010008516236:
5202107032359100009346170:
5202107032359120008509901:
5202107032359140008512216:
5202107032359150009338814:
5202107032359170004923454:
5202107032359180006030118:
5202107032359200009288270:
5202107032359210009352009:
5202107032359230004923605:
5202107032359250005001814:
5202107032359270009324831:
5202107032359290009226965:
5202107032359370006040952:
5202107032359390009354401:
5202107032359410007398159:
5202107032359420009308592:
5202107032359440009326645:
5202107032359470003920040:
5202107032359500009276680:
5202107032359540004930090:
5202107032359570008515021:
6202107030711540004946487:
6202107030719040009348566:
6202107030720020009285700:
6202107030723410009314247:
6202107030724280006039493:
6202107030724440007405149:
6202107030724590003117204:
6202107030729320009326438:
6202107030733430008501833:
6202107030734390004166400:
6202107030734460008501833:
6202107030736360004969682:
6202107030737290008503824:
6202107030738030008692290:
6202107030738210009283693:
6202107030738300006037015:
6202107030739560008509948:
6202107030741140009305197:
6202107030741460008716625:
6202107030741510006039674:
6202107030741570008495365:
6202107030742000009324076:
6202107030742020004923758:
6202107030742070004986256:
6202107030742320006042240:
6202107030742520009300590:
6202107030743020004930576:
6202107030743070009232350:
6202107030743120009339274:
6202107030743220008509407:
6202107030743280009247696:
6202107030743340007411542:
6202107030743380006040360:
6202107030743440004936823:
6202107030743480009286387:
6202107030744010006026797:
6202107030744070008504091:
6202107030744160009241075:
6202107030745260007412611:
6202107030745360006039506:
6202107030745500009236868:
6202107030745520007421269:
6202107030746300008710216:
6202107030746340008499556:
6202107030746390008713215:
6202107030746420009230790:
6202107030746460006032903:
6202107030746490009287614:
6202107030746550004972764:
6202107030747110008718055:
6202107030747380008685403:
6202107030747430008508441:
6202107030747470009274203:
6202107030748000008492622:
6202107030748050009325535:
6202107030748200007411174:
6202107030748250008683421:
6202107030748300008517056:
6202107030748330006028762:
6202107030748350008712785:
6202107030748390008681212:
6202107030748410006035580:
6202107030748460004988026:
6202107030749060007421690:
6202107030749110008708003:
6202107030749170004940321:
6202107030749280008498971:
6202107030749450007404952:
6202107030749480004046800:
6202107030750060009326600:
6202107030750100008690234:
6202107030750120009306586:
6202107030750170009300413:
6202107030750200009340470:
6202107030750220004987731:
6202107030750240009254002:
6202107030750290006018008:
6202107030750330008508290:
6202107030750360004934927:
6202107030750450008499805:
6202107030750500003137966:
6202107030750530008517815:
6202107030750560008493676:
6202107030750580009252946:
6202107030751010008496367:
6202107030751040009292116:
6202107030751060009283931:
6202107030751100006030484:
6202107030751120006027609:
6202107030751140009350096:
6202107030751150007419034:
6202107030751250009232629:
6202107030751280004947077:
6202107030751300009234108:
6202107030751320004931010:
6202107030751350009293895:
6202107030751500009335539:
6202107030751550009278808:
6202107030752000004923159:
6202107030752030008502735:
6202107030752120009253739:
6202107030752360009298019:
6202107030752380008495972:
6202107030752440009272184:
6202107030752470006025806:
6202107030752490007402498:
6202107030752520009305260:
6202107030752540009288870:
6202107030752560009301802:
6202107030752590006018006:
6202107030753020008714702:
6202107030753040008711249:
6202107030753080006039510:
6202107030753110006039541:
6202107030753140009324068:
6202107030753170009339834:
6202107030753180009226812:
6202107030753220009226816:
6202107030753270008510316:
6202107030753350009344566:
6202107030753370008500109:
6202107030753410007422441:
6202107030753430005001068:
6202107030753450004929641:
6202107030753480004987141:
6202107030753520006021994:
6202107030753540006039130:
6202107030753560000431430:
6202107030753580009342998:
6202107030753590008492410:
6202107030754010009276489:
6202107030754040008511510:
6202107030754060008506434:
6202107030754080009324629:
6202107030754100004971518:
6202107030754120006016276:
6202107030754140006023085:
6202107030754150006037924:
6202107030754170009226447:
6202107030754180008508521:
6202107030754200001087528:
6202107030754210008689537:
6202107030754230008512000:
6202107030754240008711445:
6202107030754280008492776:
6202107030754290007395627:
6202107030754310007402512:
6202107030754330006023662:
6202107030754350008512859:
6202107030754360008492776:
6202107030754390009272020:
6202107030754410009254212:
6202107030754420008683912:
6202107030754440009348543:
6202107030754460003916932:
6202107030754490008500401:
6202107030754510004936557:
6202107030754530004968194:
6202107030754550009351830:
6202107030754570008693920:
6202107030754590008709488:
6202107030755020008494613:
6202107030755030009326609:
6202107030755050008512397:
6202107030755070009226426:
6202107030755090008693892:
6202107030755110009346173:
6202107030755130009298223:
6202107030755170001122577:
6202107030755190009305547:
6202107030755210009342962:
6202107030755240007398172:
6202107030755260004939835:
6202107030755280007422489:
6202107030755300008431645:
6202107030755320009302534:
6202107030755330008695905:
6202107030755360004929865:
6202107030755390009339802:
6202107030755410006025403:
6202107030755450009240533:
6202107030755470009339254:
6202107030755490007406867:
6202107030755510007404782:
6202107030755530004045200:
6202107030755550009354581:
6202107030755580008698121:
6202107030756000009230812:
6202107030756020006015163:
6202107030756040008515734:
6202107030756061513653096:
6202107030756080009232631:
6202107030756100008498021:
6202107030756110008677903:
6202107030756130006031532:
6202107030756140007411536:
6202107030756170009324879:
6202107030756190008501942:
6202107030756210009354825:
6202107030756240006025807:
6202107030756250008443266:
6202107030756280009346327:
6202107030756300009354349:
6202107030756310007421735:
6202107030756330000424007:
6202107030756350008516420:
6202107030756370008503532:
6202107030756381513409863:
6202107030756400004930793:
6202107030756420009226959:
6202107030756460009252970:
6202107030756470002851487:
6202107030756490006039972:
6202107030756520009351964:
6202107030756530009254908:
6202107030756561513653821:
6202107030756580009253991:
6202107030757000006039974:
6202107030757020008516772:
6202107030757030009348748:
6202107030757060007401166:
6202107030757090007395592:
6202107030757100009226385:
6202107030757120009348542:
6202107030757140008493217:
6202107030757150009343592:
6202107030757170003137754:
6202107030757190004966592:
6202107030757210003892332:
6202107030757230008699143:
6202107030757250008518128:
6202107030757260008513144:
6202107030757280009277145:
6202107030757290009233704:
6202107030757310007402467:
6202107030757320001077087:
6202107030757340008506074:
6202107030757350008503515:
6202107030757370009288913:
6202107030757380009231410:
6202107030757400009309829:
6202107030757420009225488:
6202107030757430006039497:
6202107030757450008512035:
6202107030757470008714113:
6202107030757480006024122:
6202107030757500008507829:
6202107030757510004969598:
6202107030757570008497774:
6202107030757590009285983:
6202107030758010009346033:
6202107030758030004969598:
6202107030758050006027344:
6202107030758060009352016:
6202107030758080006017488:
6202107030758100004946192:
6202107030758110009308083:
6202107030758130006033720:
6202107030758140009283164:
6202107030758160006030482:
6202107030758170008699992:
6202107030758190008513365:
6202107030758200004933902:
6202107030758220009324637:
6202107030758230008699273:
6202107030758280008497699:
6202107030758300008516213:
6202107030758340004977423:
6202107030758360009230793:
6202107030758370001114611:
6202107030758390008501795:
6202107030758400006028757:
6202107030758420009280630:
6202107030758440009290271:
6202107030758450006036994:
6202107030758470004178213:
6202107030758480008499471:
6202107030758500008698315:
6202107030758510008506212:
6202107030758530008500567:
6202107030758540008515502:
6202107030758580009285701:
6202107030759010006015460:
6202107030759020008517783:
6202107030759040006039129:
6202107030759070004164864:
6202107030759090008493565:
6202107030759100009278607:
6202107030759130004966904:
6202107030759150009322590:
6202107030759170008508757:
6202107030759180009234486:
6202107030759190009288958:
6202107030759210009230749:
6202107030759220004934156:
6202107030759240009324605:
6202107030759260008677829:
6202107030759280009247509:
6202107030759300009278862:
6202107030759330008506055:
6202107030759350009354582:
6202107030759360008500889:
6202107030759380004986846:
6202107030759400006022003:
6202107030759410008704360:
6202107030759430000424146:
6202107030759450006035813:
6202107030759470009354460:
6202107030759480009342940:
6202107030759500006024859:
6202107030759520004923617:
6202107030759540008518703:
6202107030759550008508589:
6202107030759580008499149:
6202107030759590009342940:
6202107030800010008703345:
6202107030800070008515910:
6202107030800110008701103:
6202107030800150008719239:
6202107030800170006024741:
6202107030800230006032030:
6202107030800270004937088:
6202107030800310008680442:
6202107030800380007421209:
6202107030800390009346020:
6202107030800410008500888:
6202107030800510009298073:
6202107030800550009310727:
6202107030800590006016277:
6202107030801060009325511:
6202107030801080009290264:
6202107030801100006014941:
6202107030801120008500597:
6202107030801140009292077:
6202107030801150008704914:
6202107030801180008511515:
6202107030801210009343567:
6202107030801260009336990:
6202107030801280009230815:
6202107030801290008696238:
6202107030801330008692560:
6202107030801350006014993:
6202107030801390009247694:
6202107030802020006036876:
6202107030802110008493833:
6202107030802160008492480:
6202107030802180007417231:
6202107030802280009274443:
6202107030802360008499458:
6202107030802510009303097:
6202107030802530009339144:
6202107030802580009322614:
6202107030803100007407764:
6202107030803120008494964:
6202107030803210009296138:
6202107030803230007409900:
6202107030804070004929865:
6202107030804140008515578:
6202107030804530009233737:
6202107030804560009287006:
6202107030805290006014943:
6202107030805420006017496:
6202107030807420009309504:
6202107030807590007407502:
6202107030823160009234240:
6202107030838540008504041:
6202107030917270009290471:
6202107031049080004046800:
6202107031812540006016277:
6202107031824060004923159:
6202107031900340008493028:
6202107031903470007411174:
6202107031905130009226447:
6202107031906010006039972:
6202107031908100006042274:
6202107031912180009309504:
6202107031935410008505663:
6202107031942050009342996:
6202107032000140008516772:
6202107032000320009326609:
6202107032000390008686117:
6202107032005290008512000:
6202107032008520008506912:
6202107032009060009325498:
6202107032010090009234108:
6202107032013050009253988:
6202107032013580008516213:
6202107032027470006019315:
6202107032109000004929865:
6202107032113140008500401:
6202107032124390004930576:
6202107032130570009349952:
6202107032135330008498988:
6202107032143110009274874:
6202107032152150004975255:
6202107032152290009305197:
6202107032154440008519041:
6202107032154500009253980:
6202107032157130008701274:
6202107032157300008692560:
6202107032157460009342954:
6202107032157500004934927:
6202107032158010008702698:
6202107032158030007422489:
6202107032158050004936029:
6202107032158050009247696:
6202107032158080009253991:
6202107032158100009226385:
6202107032158111513637255:
6202107032158130009273013:
6202107032158150009340813:
6202107032158170008499149:
6202107032158190009346033:
6202107032158200009283693:
6202107032158220009324574:
6202107032158240006037015:
6202107032158300009280630:
6202107032158340009246199:
6202107032158370009230749:
6202107032158390008696238:
6202107032158410009232631:
6202107032158420008683421:
6202107032158440008712785:
6202107032158460007401166:
6202107032158510001077087:
6202107032158520001122577:
6202107032158540008518128:
6202107032158550006018006:
6202107032158570009340450:
6202107032158590001122577:
6202107032159000008492622:
6202107032159030008500597:
6202107032159050008492622:
6202107032159060004947077:
6202107032159080006040360:
6202107032159100003126383:
6202107032159110009339274:
6202107032159130008494010:
6202107032159150004969682:
6202107032159160004936557:
6202107032159180009247521:
6202107032159210008715839:
6202107032159230008500109:
6202107032159250009353030:
6202107032159270002851460:
6202107032159290009339195:
6202107032159310009348566:
6202107032159320008692117:
6202107032159340006032903:
6202107032159350006028762:
6202107032159410009348776:
6202107032159430008692290:
6202107032159450008692032:
6202107032159470008508290:
6202107032159490006035813:
6202107032159500008693920:
6202107032159520008515734:
6202107032159540008498971:
6202107032159550007404782:
6202107032159570003137966:
6202107032159590009243147:
6202107032200000001114611:
6202107032200020003137966:
6202107032200040008497699:
6202107032200060007417231:
6202107032200070009285701:
6202107032200090008509948:
6202107032200100008492776:
6202107032200120009226812:
6202107032200130008492776:
6202107032200150003137966:
6202107032200160008493565:
6202107032200180008501833:
6202107032200190008501942:
6202107032200200004166400:
6202107032200220008501833:
6202107032200240008513733:
6202107032200260004936823:
6202107032200270009233704:
6202107032200290004987731:
6202107032200300006010458:
6202107032200320009346173:
6202107032200330008499805:
6202107032200350006010458:
6202107032200360008512035:
6202107032200380009354825:
6202107032200390004937088:
6202107032200410009232629:
6202107032200420009278808:
6202107032200440008695905:
6202107032200460009293228:
6202107032200470008496367:
6202107032200490009226816:
6202107032200510006021994:
6202107032200560006015163:
6202107032200580007409900:
6202107032200590006021994:
6202107032201010006015163:
6202107032201020009285983:
6202107032201040008443266:
6202107032201060008499471:
6202107032201070008509407:
6202107032201090004986256:
6202107032201120009254212:
6202107032201130009348376:
6202107032201150004178213:
6202107032201160006014993:
6202107032201180006025823:
6202107032201200004178213:
6202107032201210009303097:
6202107032201230004966592:
6202107032201250008517056:
6202107032201260008492480:
6202107032201280004975565:
6202107032201290008513144:
6202107032201310006028757:
6202107032201320004966904:
6202107032201340004934156:
6202107032201350007418333:
6202107032201390006025807:
6202107032201420008504091:
6202107032201440007418333:
6202107032201460008511515:
6202107032201480006021991:
6202107032201510005001068:
6202107032201530009272020:
6202107032201540008704914:
6202107032201560006024859:
6202107032201570006025807:
6202107032201590009252970:
6202107032202010008503515:
6202107032202020004969598:
6202107032202040007411542:
6202107032202060009305547:
6202107032202070009344566:
6202107032202090008506074:
6202107032202100008508352:
6202107032202120002851443:
6202107032202130009305547:
6202107032202160009230790:
6202107032202180004969598:
6202107032202190009232653:
6202107032202210009252946:
6202107032202230009290264:
6202107032202240008501795:
6202107032202260008703345:
6202107032202270008497634:
6202107032202300008511510:
6202107032202320004932608:
6202107032202340009276489:
6202107032202350009321321:
6202107032202360006030482:
6202107032202400006017488:
6202107032202410009276489:
6202107032202440009293895:
6202107032202460009276489:
6202107032202470009287614:
6202107032202490009288913:
6202107032202510009226400:
6202107032202530004931897:
6202107032202540008506766:
6202107032202560003137991:
6202107032202570004158333:
6202107032202590009231410:
6202107032203000009288913:
6202107032203020008507829:
6202107032203040004988026:
6202107032203060009230793:
6202107032203070006031532:
6202107032203090008497774:
6202107032203100008494613:
6202107032203120009226426:
6202107032203130009283931:
6202107032203150008494613:
6202107032203160006014943:
6202107032203180006028957:
6202107032203190007422441:
6202107032203210006026797:
6202107032203220009247694:
6202107032203240008495365:
6202107032203260009247694:
6202107032203270008501482:
6202107032203290006033720:
6202107032203310004950247:
6202107032203320008686680:
6202107032203340008699992:
6202107032203350004923617:
6202107032203370009274443:
6202107032203380006037924:
6202107032203420009285700:
6202107032203440008493676:
6202107032203470008499556:
6202107032203480008508757:
6202107032203500009274443:
6202107032203520006039506:
6202107032203541513409863:
6202107032203550006015460:
6202107032203570009354391:
6202107032203590009233697:
6202107032204000008506434:
6202107032204010006032030:
6202107032204040004977423:
6202107032204060006023085:
6202107032204070008508521:
6202107032204090009340470:
6202107032204110006039510:
6202107032204130000431430:
6202107032204160007412611:
6202107032204180009240533:
6202107032204200003892332:
6202107032204230006014349:
6202107032204250008502189:
6202107032204270009281193:
6202107032204281513643510:
6202107032204300008513325:
6202107032204320007419049:
6202107032204330008510316:
6202107032204350007421743:
6202107032204370008715034:
6202107032204380004972764:
6202107032204400009292116:
6202107032204410006039129:
6202107032204440009233737:
6202107032204460006036876:
6202107032204470009298223:
6202107032204500009226959:
6202107032204510004968194:
6202107032204530001087528:
6202107032204550008697764:
6202107032204570003132772:
6202107032204590008699143:
6202107032205020009292077:
6202107032205050004930793:
6202107032205070009292077:
6202107032205090008688253:
6202107032206310008494964:
6202107032206360008500378:
6202107032207060007421269:
6202107032207170009304051:
6202107032207200009241075:
6202107032207240006017496:
6202107032236560008515578:
6202107032300010006039541:
6202107032300060007402498:
6202107032359030007419034:
6202107032359080008512859:
6202107032359110007419034:
6202107032359130007402512:
6202107032359170009287006:
6202107032359190009254207:
6202107032359470009285513:
6202107032359570008503532:
8202107030730420006015165:
8202107030734450007396382:
8202107030736520006015165:
8202107030736580008513100:
8202107030742021513631613:
8202107030744300004171887:
8202107030745320007407499:
8202107030745560008511681:
8202107030747460009349972:
8202107030747590001087543:
8202107030748350006028960:
8202107030748380006036504:
8202107030748550004179293:
8202107030749060005001511:
8202107030749250008512375:
8202107030749360004975255:
8202107030749400008493895:
8202107030750310006037029:
8202107030750370004949949:
8202107030750410004969910:
8202107030750430004929198:
8202107030750490008708048:
8202107030750560008445656:
8202107030751210009250787:
8202107030751240009346055:
8202107030752070009273291:
8202107030752100007398203:
8202107030752160006028799:
8202107030752270009343593:
8202107030752490008510188:
8202107030752540009236820:
8202107030753040015629857:
8202107030753240003137945:
8202107030753310009322602:
8202107030753330009296645:
8202107030753380003137945:
8202107030754040009252994:
8202107030754130008494402:
8202107030754320008493340:
8202107030755100009327620:
8202107030755190004923338:
8202107030755300009324572:
8202107030755380009283323:
8202107030755410008512783:
8202107030755430009324572:
8202107030755580008499706:
8202107030756120009342984:
8202107030756140006041875:
8202107030756190008710875:
8202107030756210008495426:
8202107030757120009226402:
8202107030757170009352010:
8202107030757190000431385:
8202107030757280008502693:
8202107030757300009342978:
8202107030757470009311280:
8202107030757490006036336:
8202107030757530009341511:
8202107030757580009272187:
8202107030758100008500493:
8202107030758130008499867:
8202107030758150006033000:
8202107030758200008500083:
8202107030758240008708560:
8202107030758280009274874:
8202107030758420009234249:
8202107030758460001083930:
8202107030759210006021988:
8202107030759230009346685:
8202107030759320007395586:
8202107030759490009342982:
8202107030759520009231425:
8202107030800080009280051:
8202107030800220007395601:
8202107030800260008500142:
8202107030801010006039973:
8202107030801100009346181:
8202107030801150009346364:
8202107030937260000431385:
8202107031701520009333812:
8202107031702050008426949:
8202107031859100009351814:
8202107031900100008499458:
8202107032000010009282645:
8202107032001210008504275:
8202107032001270009321481:
8202107032001330009342978:
8202107032004280015629857:
8202107032004310009346055:
8202107032004370000431385:
8202107032005040009311280:
8202107032101070009325511:
8202107032102550009349972:
8202107032104410004947698:
8202107032138030008703693:
8202107032158120007395601:
8202107032158140003934713:
8202107032158150008708048:
8202107032159020009252962:
8202107032159040008445656:
8202107032159060009280051:
8202107032159090009252962:
8202107032159120008681212:
8202107032159140009342962:
8202107032159160008510188:
8202107032159230007395593:
8202107032159240008708992:
8202107032159280004974322:
8202107032159350007421735:
8202107032159560009277510:
8202107032200000009231425:
8202107032200020008711197:
8202107032200040009339225:
8202107032200050008684967:
8202107032200070008710875:
8202107032200130004923338:
8202107032200150000424167:
8202107032200160009324572:
8202107032200180003126360:
8202107032200200009226402:
8202107032200220007407499:
8202107032200240009324606:
8202107032200260009273291:
8202107032200270009233695:
8202107032200290006028799:
8202107032200310008716625:
8202107032200330007406670:
8202107032200350009246201:
8202107032200360009330829:
8202107032200380009287195:
8202107032200400009346364:
8202107032200410000424146:
8202107032200430009326626:
8202107032200450006041717:
8202107032200480008504736:
8202107032200500008693892:
8202107032200510009226797:
8202107032200540009339817:
8202107032200550006031524:
8202107032200570004929641:
8202107032200580008500493:
8202107032201000009343592:
8202107032201010006027612:
8202107032201030004985960:
8202107032201040009283323:
8202107032201060004931673:
8202107032201080004169060:
8202107032201090007396382:
8202107032201110009234457:
8202107032201130009326658:
8202107032201140001083930:
8202107032201160009286387:
8202107032201180008493895:
8202107032201190008499706:
8202107032201210002854367:
8202107032201220008501480:
8202107032201240007402467:
8202107032201250008501480:
8202107032201270006022433:
8202107032201280009327620:
8202107032201300006041088:
8202107032201320006036994:
8202107032201340009252994:
8202107032201370009337903:
8202107032201390008515910:
8202107032201410009295454:
8202107032201420009339204:
8202107032201440009250787:
8202107032201460009296645:
8202107032201480008499867:
8202107032201500008494201:
8202107032201520009341511:
8202107032201540008699273:
8202107032201550009325535:
8202107032201570009234484:
8202107032201590009281874:
8202107032202000009335560:
8202107032202020006028960:
8202107032202040006036504:
8202107032202060008498021:
8202107032202070008500567:
8202107032202090003126356:
8202107032202110009339837:
8202107032202130006027345:
8202107032202150006036997:
8202107032202160004969910:
8202107032202180006020192:
8202107032202200008511681:
8202107032202220006039973:
8202107032202230009342035:
8202107032202250009247701:
8202107032202260009342035:
8202107032202280008495556:
8202107032202290009342984:
8202107032202320009354827:
8202107032202340009342984:
8202107032202360009339821:
8202107032202380009354827:
8202107032202400009346181:
8202107032202420008506212:
8202107032202440009327564:
8202107032202460004967900:
8202107032202481513631613:
8202107032202510008504234:
8202107032202530003137945:
8202107032202550008517783:
8202107032202570009324605:
8202107032202580001088074:
8202107032203000009339144:
8202107032203010009346685:
8202107032203030006021988:
8202107032203040009339144:
8202107032203060008719239:
8202107032203080008495426:
8202107032203100008501953:
8202107032203130008514966:
8202107032203150004987141:
8202107032203160006033000:
8202107032203190001087543:
8202107032203220009231455:
8202107032203230008500142:
8202107032203250006041875:
8202107032203280008679170:
8202107032203300009343432:
8202107032203310009291036:
8202107032203330009226399:
8202107032203340008500083:
8202107032203360009352010:
8202107032203380006036336:
8202107032203410006042240:
8202107032203430008677903:
8202107032203440004936293:
8202107032203460009286996:
8202107032203500004929198:
8202107032203520008512783:
8202107032203540009234249:
8202107032203560004936688:
8202107032204000009254169:
8202107032204100004947993:
8202107032204200004179142:
8202107032204230009232613:
8202107032204300008499047:
8202107032204310009226821:
8202107032205120008503979:
8202107032205170002851485:
8202107032205250008708560:
8202107032208310004931010:
8202107032208320006024741:
8202107032208530008716113:
8202107032209040007395586:
