2202107180749590009288638:
2202107180749590008499458:
2202107182009590008499458:
2202107180750020004932123:
2202107180750041513628688:
2202107180750060000431412:
2202107180750080004935885:
2202107180750110009283296:
2202107180750130009307295:
2202107180750170009248259:
2202107180750190000431412:
2202107180750210006022855:
2202107180750231513628688:
2202107180750260009248259:
2202107180750330008506907:
2202107180750360008497657:
2202107180750400008503198:
2202107180750440009304051:
2202107180750530009303870:
2202107180750580009281753:
2202107180751000008698044:
2202107180751030008429638:
2202107180751070006021875:
2202107180751090009326618:
2202107180751350009314167:
2202107180751420006018005:
2202107180751460009296798:
2202107180752010008711445:
2202107180752040009297569:
2202107180752080007415195:
2202107180752100008716113:
2202107180752170009233710:
2202107180752180000424167:
2202107180752210008706494:
2202107180752270009231452:
2202107180752360008496969:
2202107180752440006751664:
2202107180752450005006768:
2202107180752480009300596:
2202107180753030009321334:
2202107180753060008497276:
2202107180753080008515447:
2202107180753300004930317:
2202107180753320009252984:
2202107180753350008690941:
2202107180753380004975875:
2202107180753450006041088:
2202107180753520009236809:
2202107180753570009349952:
2202107180754060004181482:
2202107180754080006019430:
2202107180754100004936954:
2202107180754120008681883:
2202107180754151513653050:
2202107180754200009339795:
2202107180754250004932362:
2202107180754270008491998:
2202107180754310007402194:
2202107180754330008678354:
2202107180754350006033001:
2202107180754370006019428:
2202107180754391513643510:
2202107180754410006036875:
2202107180754450004933902:
2202107180754470009346063:
2202107180754480004930540:
2202107180754500006030135:
2202107180754530004986846:
2202107180754540009342035:
2202107180755010004967312:
2202107180755040009336988:
2202107180755130008506912:
2202107180755170008680442:
2202107180755210009314286:
2202107180755230006033090:
2202107180755240008492705:
2202107180755280008717926:
2202107180755310009272184:
2202107180755340008500956:
2202107180755350009287011:
2202107180755370004924590:
2202107180755390009272184:
2202107180755410004950546:
2202107180755420003915458:
2202107180755440006016275:
2202107180755460008709369:
2202107180755480004921380:
2202107180755490009301551:
2202107180755510004921380:
2202107180755520007398914:
2202107180755540009346038:
2202107180755560003137754:
2202107180755580008496191:
2202107180756010009232187:
2202107180756050009321395:
2202107180756070009340483:
2202107180756090008512059:
2202107180756110007402482:
2202107180756140008680789:
2202107180756160008503915:
2202107180756190009297664:
2202107180756200006029990:
2202107180756220004968394:
2202107180756250008709061:
2202107180756260009339828:
2202107180756280009277203:
2202107180756300004949474:
2202107180756310004937625:
2202107180756340009253997:
2202107180756370008514157:
2202107180756400008495616:
2202107180756430009234089:
2202107180756470009293911:
2202107180756500001079879:
2202107180756530008713719:
2202107180756590006028797:
2202107180757030007402512:
2202107180757050003132773:
2202107180757060006016090:
2202107180757090009246193:
2202107180757100008512216:
2202107180757120009281193:
2202107180757140007421743:
2202107180757150006030142:
2202107180757170009246193:
2202107180757190002851478:
2202107180757200008512859:
2202107180757220004987436:
2202107180757230009351998:
2202107180757310009226392:
2202107180757340008691017:
2202107180757350008495972:
2202107180757370008690794:
2202107180757390009324138:
2202107180757410006022003:
2202107180757430008510090:
2202107180757460008506212:
2202107180757480009340824:
2202107180757490009285701:
2202107180757510001089614:
2202107180757530003916932:
2202107180757550008697836:
2202107180757570006030145:
2202107180758000008504258:
2202107180758040009225507:
2202107180758060008509894:
2202107180758090009254207:
2202107180758110008707832:
2202107180758130008496367:
2202107180758150008424093:
2202107180758170009254183:
2202107180758180008694944:
2202107180758200008688253:
2202107180758210009230754:
2202107180758250008500312:
2202107180758270008686663:
2202107180758290009311703:
2202107180758310004930576:
2202107180758330009232653:
2202107180758370006040952:
2202107180758400009253991:
2202107180758410008508587:
2202107180758450008519522:
2202107180758470004921669:
2202107180758500002851459:
2202107180758520004923454:
2202107180758540006030118:
2202107180758560007401654:
2202107180758570004946782:
2202107180759000004922287:
2202107180759020006014349:
2202107180759040002851487:
2202107180759060004921466:
2202107180759090004985960:
2202107180759100008494564:
2202107180759120004969653:
2202107180759140008701527:
2202107180759150009309829:
2202107180759170008500889:
2202107180759180009236810:
2202107180759200009279481:
2202107180759220008500567:
2202107180759240009232631:
2202107180759260009324107:
2202107180759280009276908:
2202107180759290009289101:
2202107180759310008515081:
2202107180759330007402467:
2202107180759340006042240:
2202107180759370006039337:
2202107180759420008677773:
2202107180759440006039130:
2202107180759460004951746:
2202107180759480004967606:
2202107180759500004967002:
2202107180759540009344566:
2202107180759550009275335:
2202107180759570002851465:
2202107180759591513627710:
2202107180800010009330833:
2202107180800040006020195:
2202107180800060004923617:
2202107180800080006014943:
2202107180800100008508352:
2202107180800110009243147:
2202107180800130008685403:
2202107180800150008701103:
2202107180800190004940114:
2202107180800210004948851:
2202107180800220009226826:
2202107180800280008445992:
2202107180800320007421210:
2202107180800350006022439:
2202107180800440008497795:
2202107180800470006027553:
2202107180800490008709393:
2202107180800510004924260:
2202107180800540006039494:
2202107180800560004939835:
2202107180801080004927962:
2202107180801140007414082:
2202107180801170006036993:
2202107180801180006039969:
2202107180801210007419049:
2202107180801310009288913:
2202107180801330008699143:
2202107180801350008511010:
2202107180801400006041715:
2202107180801420006021991:
2202107180801540009286624:
2202107180801570008698795:
2202107180802010008439606:
2202107180802030008710957:
2202107180802050009348542:
2202107180802080004972145:
2202107180802180008494964:
2202107180802310006040283:
2202107180802330008715034:
2202107180802350006032030:
2202107180802380001083110:
2202107180802440004969598:
2202107180802470006033902:
2202107180802500009346020:
2202107180802580009292038:
2202107180803160004923253:
2202107180803190009298207:
2202107180803370008690234:
2202107180803410004976805:
2202107180803440008426248:
2202107180803490008500597:
2202107180804010008511515:
2202107180804030009290264:
2202107180804080009343567:
2202107180804140009336990:
2202107180804170008707911:
2202107180804210009307388:
2202107180804330009339144:
2202107180804350007395592:
2202107180804380004937356:
2202107180804400006040161:
2202107180804410004931897:
2202107180804470009298223:
2202107180804490007421212:
2202107180804520009294273:
2202107180804540009346707:
2202107180805280008519041:
2202107180805480008426247:
2202107180805580005000508:
2202107180806050007410282:
2202107180806090008508441:
2202107180806170009292077:
2202107180806290009327416:
2202107180806310009342183:
2202107180806330008506797:
2202107180806360009324604:
2202107180806480008502364:
2202107180807050009291663:
2202107180807060006036505:
2202107180807350009226412:
2202107180808420004940674:
2202107180808570009340801:
2202107180809010009343364:
2202107180809080001083941:
2202107180809180006028451:
2202107180811150009248283:
2202107180811590008693150:
2202107180813270008493028:
2202107180814140009339803:
2202107180816280006027540:
2202107180817260006009777:
2202107180818100006019315:
2202107180819080006031526:
2202107180820020009322682:
2202107180820050009303525:
2202107180822510006031525:
2202107180823180008702320:
2202107180823430008506632:
2202107180836140009293535:
2202107180839270009254000:
2202107180846470004947963:
2202107180929150009290471:
2202107180933541513646659:
2202107180956130009313676:
2202107181001410009313530:
2202107181700030004969682:
2202107181704100009303870:
2202107181707250006029990:
2202107181759550006014993:
2202107181859510008506907:
2202107181900000006040161:
2202107181900040009253991:
2202107181900060006017488:
2202107181900080008505663:
2202107181901090004930317:
2202107181901450008493028:
2202107181902010006033001:
2202107181902040008678354:
2202107181902090004935885:
2202107181902130008709369:
2202107181902230008701527:
2202107181902280004936954:
2202107181905260002851478:
2202107181905280009236810:
2202107181905400004922287:
2202107181905420007415195:
2202107181905440009326618:
2202107181905460009307295:
2202107181905560009297569:
2202107181905590008497276:
2202107181906390009248259:
2202107181909440000431412:
2202107181913220008506212:
2202107181915470009275335:
2202107181926480008426248:
2202107181926590009246193:
2202107181939330007395586:
2202107181952170009311703:
2202107181954530004924590:
2202107181955160008500956:
2202107181955270009336988:
2202107181959030004921669:
2202107181959220004937625:
2202107181959330009307388:
2202107181959350004923253:
2202107181959410008514157:
2202107181959471513628688:
2202107181959490008681883:
2202107182000000006021875:
2202107182000020009276908:
2202107182000040009346038:
2202107182000060008508587:
2202107182000070009287011:
2202107182000090006030135:
2202107182000110009279481:
2202107182000120008509894:
2202107182000140008492705:
2202107182000160009314167:
2202107182000210009297664:
2202107182000220008504258:
2202107182000490006022439:
2202107182000540004968394:
2202107182000590004946782:
2202107182001140009281753:
2202107182001420009288638:
2202107182001470006019430:
2202107182001580007402482:
2202107182002000006016090:
2202107182002020008429638:
2202107182002040009272184:
2202107182002070008686663:
2202107182002390009314286:
2202107182002540007421743:
2202107182002560009288638:
2202107182003070008698044:
2202107182003120009293911:
2202107182003140006019428:
2202107182005240004937356:
2202107182006070009289101:
2202107182007340009286624:
2202107182012010004930540:
2202107182012090008515447:
2202107182013270008497657:
2202107182014320008426247:
2202107182014370009226392:
2202107182014400004181482:
2202107182015220006041103:
2202107182016280004967312:
2202107182028100008519041:
2202107182034400009313676:
2202107182118550003915458:
2202107182200070004921466:
2202107182200570008704200:
2202107182200590004921466:
2202107182201010008709061:
2202107182201030004921466:
2202107182201060009339828:
2202107182201230008715034:
2202107182201270007417231:
2202107182201290007409900:
2202107182201320008715034:
2202107182201340007409900:
2202107182201360006028757:
2202107182206120009226816:
2202107182208361513646659:
2202107182209540006036321:
2202107182210400008496367:
2202107182359020004046800:
2202107182359120009321319:
3202107180750030009326438:
3202107180750040009305547:
3202107180750060006025823:
3202107180750070009324076:
3202107180750100008712381:
3202107180750120009226816:
3202107180750130008510264:
3202107180750150006039016:
3202107180750160004937222:
3202107180750180009275492:
3202107180750190009295891:
3202107180750210009234458:
3202107180750230004932608:
3202107180750240009335560:
3202107180750260008712381:
3202107180750270001099428:
3202107180750290009335560:
3202107180750300008497634:
3202107180750320009300618:
3202107180750331513637255:
3202107180750350006028957:
3202107180750370009354344:
3202107180750400008687514:
3202107180750410005001262:
3202107180750430009306586:
3202107180750450006031524:
3202107180750470004929419:
3202107180750490005001068:
3202107180750500006030484:
3202107180750540004975477:
3202107180750550009302534:
3202107180750570008503824:
3202107180751000004936149:
3202107180751010008501288:
3202107180751030008503303:
3202107180751040009247521:
3202107180751060009309524:
3202107180751070008680900:
3202107180751090007395593:
3202107180751110003117204:
3202107180751120009252962:
3202107180751140009323446:
3202107180751160006026797:
3202107180751180008707174:
3202107180751200006035580:
3202107180751220009343384:
3202107180751240008692290:
3202107180751280004975477:
3202107180751350006026835:
3202107180751370008501480:
3202107180751400008501953:
3202107180751410009343149:
3202107180751430003934713:
3202107180751480009335539:
3202107180751510004975787:
3202107180751530006039998:
3202107180751550009339211:
3202107180751560008698121:
3202107180751580009230790:
3202107180752000009234108:
3202107180752020004936556:
3202107180752040009351758:
3202107180752060008493565:
3202107180752090004931414:
3202107180752100009291036:
3202107180752110008507639:
3202107180752130008497774:
3202107180752140008492622:
3202107180752160006028953:
3202107180752170008678678:
3202107180752190009339274:
3202107180752210008681103:
3202107180752250004936422:
3202107180752260009301802:
3202107180752280008429607:
3202107180752290008494010:
3202107180752310009354581:
3202107180752330009230812:
3202107180752360008492410:
3202107180752370008501833:
3202107180752390008697764:
3202107180752420009339792:
3202107180752430009326626:
3202107180752460004934669:
3202107180752500009346367:
3202107180752520004934669:
3202107180752550004928821:
3202107180752570009324068:
3202107180752590008517056:
3202107180753010004921905:
3202107180753030008678678:
3202107180753040009326650:
3202107180753060007411542:
3202107180753070008692117:
3202107180753090008493676:
3202107180753110009348543:
3202107180753130006018008:
3202107180753140009234248:
3202107180753160008691341:
3202107180753170008499165:
3202107180753190009340470:
3202107180753280008676957:
3202107180753290008689537:
3202107180753310008503515:
3202107180753330009340470:
3202107180753350009234248:
3202107180753370006041717:
3202107180753400009306129:
3202107180753430006039497:
3202107180753450008494290:
3202107180753460004155886:
3202107180753480009324637:
3202107180753500009241075:
3202107180753520008499805:
3202107180753530006039541:
3202107180753550000424167:
3202107180753570008711197:
3202107180753580008708048:
3202107180754000008715839:
3202107180754020007421690:
3202107180754030008429633:
3202107180754050009236868:
3202107180754070008499471:
3202107180754100004947077:
3202107180754120008680280:
3202107180754130008710216:
3202107180754150008708048:
3202107180754180008499556:
3202107180754200008711249:
3202107180754210008714702:
3202107180754230008502984:
3202107180754260004970901:
3202107180754300006036318:
3202107180754350009324574:
3202107180754370009277145:
3202107180754390008693892:
3202107180754410009354825:
3202107180754440009255827:
3202107180754450009232350:
3202107180754470007402205:
3202107180754490008709488:
3202107180754510008693920:
3202107180754530004940394:
3202107180754570008711892:
3202107180755000009324629:
3202107180755010009326600:
3202107180755050008692032:
3202107180755080000439530:
3202107180755100008502735:
3202107180755120009293228:
3202107180755150009298435:
3202107180755170009322602:
3202107180755200008695330:
3202107180755230004946192:
3202107180755250007405149:
3202107180755270009226952:
3202107180755290009326609:
3202107180755310009300590:
3202107180755320009308083:
3202107180755340008495468:
3202107180755370004045200:
3202107180755390008498188:
3202107180755400009342954:
3202107180755430008502189:
3202107180755450004928581:
3202107180755460006023662:
3202107180755490001122577:
3202107180755500001096293:
3202107180755530004923306:
3202107180755540006025403:
3202107180755570009226797:
3202107180755590008502189:
3202107180756010009331842:
3202107180756020009346173:
3202107180756060009252970:
3202107180756090006041721:
3202107180756110008677903:
3202107180756130008492065:
3202107180756150003137967:
3202107180756170009273013:
3202107180756200008503339:
3202107180756220009339818:
3202107180756240004922560:
3202107180756270008506766:
3202107180756290009351964:
3202107180756300007421735:
3202107180756320008702698:
3202107180756330006033720:
3202107180756350004930793:
3202107180756360009253739:
3202107180756380009287411:
3202107180756390004966592:
3202107180756410009300413:
3202107180756420008501942:
3202107180756440008714113:
3202107180756460008518703:
3202107180756490003126147:
3202107180756510008717268:
3202107180756530009321321:
3202107180756540009324606:
3202107180756560008518703:
3202107180756580009340813:
3202107180757000008498021:
3202107180757020009339802:
3202107180757040009286996:
3202107180757070008704360:
3202107180757090008517323:
3202107180757110009287195:
3202107180757130008690203:
3202107180757140004969682:
3202107180757160009337945:
3202107180757170009326658:
3202107180757200009342940:
3202107180757210004923758:
3202107180757230009348603:
3202107180757260008512397:
3202107180757280004948289:
3202107180757300009354582:
3202107180757320003137754:
3202107180757340008512397:
3202107180757350009254169:
3202107180757370009339254:
3202107180757380008493217:
3202107180757400008493770:
3202107180757420009348603:
3202107180757440008514795:
3202107180757450009254169:
3202107180757480008507829:
3202107180757500008688282:
3202107180757510008689944:
3202107180757530008507829:
3202107180757540003137991:
3202107180757580008689944:
3202107180757590009225488:
3202107180758001513653096:
3202107180758020009351830:
3202107180758030004947373:
3202107180758050003137991:
3202107180758060006028450:
3202107180758090009253719:
3202107180758110006032999:
3202107180758120008509836:
3202107180758140009337006:
3202107180758170009352016:
3202107180758180006017488:
3202107180758200006030480:
3202107180758210006023085:
3202107180758230008494201:
3202107180758240004934470:
3202107180758260008712416:
3202107180758270004927539:
3202107180758290009254212:
3202107180758300008679943:
3202107180758320004937088:
3202107180758330009327615:
3202107180758350009354391:
3202107180758360008514966:
3202107180758380009288958:
3202107180758400003137966:
3202107180758420008504736:
3202107180758440009299255:
3202107180758470002851443:
3202107180758500008679943:
3202107180758530008495972:
3202107180758550009327615:
3202107180758570008677829:
3202107180759020008504736:
3202107180759090006015460:
3202107180759130003918790:
3202107180759140008696388:
3202107180759170008699992:
3202107180759190009324879:
3202107180759230003137963:
3202107180759280009233697:
3202107180759450008517783:
3202107180759480009230815:
3202107180759520009339930:
3202107180759550009280051:
3202107180759590008697063:
3202107180800010009322614:
3202107180800030001077421:
3202107180800050004164864:
3202107180800100009343593:
3202107180800170009289323:
3202107180800270009348376:
3202107180800300000424146:
3202107180800350006024859:
3202107180800440009339834:
3202107180800490007402467:
3202107180801000008703693:
3202107180801030009246199:
3202107180801050009348748:
3202107180801230009309829:
3202107180801250008500889:
3202107180801260004923617:
3202107180801280009325511:
3202107180801440009225488:
3202107180801470008713928:
3202107180801480008508589:
3202107180801560008688767:
3202107180802030007407764:
3202107180802160008503489:
3202107180802180008518736:
3202107180802390008699143:
3202107180802510009226390:
3202107180803180009322590:
3202107180803210008494964:
3202107180804220008500378:
3202107180805050009247509:
3202107180805070009278862:
3202107180805310008677300:
3202107180805380008707911:
3202107180805400004931897:
3202107180805420008515578:
3202107180806550008506597:
3202107180807360008494092:
3202107180807421513653821:
3202107180807500006041103:
3202107180810110009231473:
3202107180913500009275624:
3202107181659370006032999:
3202107181701390008678678:
3202107181702440008690234:
3202107181702480008690203:
3202107181704420009324076:
3202107181708250000424167:
3202107181800230007402205:
3202107181857060001077421:
3202107181859050004936029:
3202107181859200003137754:
3202107181900020008681212:
3202107181900060009322602:
3202107181900100008506597:
3202107181900120006028450:
3202107181900160008692117:
3202107181900210009339792:
3202107181901010008693920:
3202107181902360008498021:
3202107181902560008499509:
3202107181903040006023085:
3202107181904110008688253:
3202107181904220009325511:
3202107181905480009289323:
3202107181906340006039016:
3202107181908070008713928:
3202107181908110006036994:
3202107181908130002854367:
3202107181908150004932608:
3202107181908180005001262:
3202107181908230004929419:
3202107181908550008517783:
3202107181909020006039506:
3202107181909330009346367:
3202107181909400009354581:
3202107181909520004923617:
3202107181910030009236868:
3202107181910100008429633:
3202107181911100008499471:
3202107181911430008499047:
3202107181911440004969598:
3202107181912250008493217:
3202107181912270009324068:
3202107181912340004967606:
3202107181912450009339818:
3202107181912500006024859:
3202107181914090009340816:
3202107181914220007421253:
3202107181914230009340816:
3202107181916110008503979:
3202107181920550008503339:
3202107181921010009301802:
3202107181930230009293535:
3202107181931270009254000:
3202107181931300006022420:
3202107181956230008503489:
3202107181958060006030480:
3202107181958080008494010:
3202107181958200009225488:
3202107181958230009273013:
3202107181958250008713719:
3202107181958270009343149:
3202107181958300009309829:
3202107181958310008509836:
3202107181958330003132773:
3202107181958350009324637:
3202107181958370009324574:
3202107181958390009340813:
3202107181958410003918790:
3202107181958440009326609:
3202107181958460008499556:
3202107181958480003137963:
3202107181958500008710216:
3202107181958520004947373:
3202107181958530008710216:
3202107181958540009281874:
3202107181958560009246199:
3202107181958580006041721:
3202107181959000003137967:
3202107181959060008502984:
3202107181959080008684967:
3202107181959090008688767:
3202107181959110006028953:
3202107181959150009234458:
3202107181959160008699992:
3202107181959540008679943:
3202107181959550003137966:
3202107181959580009293228:
3202107182000000008707174:
3202107182000020009306586:
3202107182000030008680900:
3202107182000050008711197:
3202107182000060008716625:
3202107182000100006018008:
3202107182000130009323446:
3202107182000140009302534:
3202107182000160008716625:
3202107182000180008518703:
3202107182000200008494201:
3202107182000220009354460:
3202107182000230009306129:
3202107182000250009321321:
3202107182000260008518736:
3202107182000280008681103:
3202107182000290009343384:
3202107182000300008514795:
3202107182000320008445992:
3202107182000330004155886:
3202107182000350003137991:
3202107182000370009253719:
3202107182000380008516420:
3202107182000410004948289:
3202107182000420008498188:
3202107182000440009247521:
3202107182000480008691341:
3202107182000490008495468:
3202107182000510004927539:
3202107182000520009324879:
3202107182000540007402467:
3202107182000560008503303:
3202107182000570008688282:
3202107182001000000439530:
3202107182001010009330829:
3202107182001030009337945:
3202107182001050009339254:
3202107182001070008687514:
3202107182001070008712381:
3202107182001110009326626:
3202107182001120008497634:
3202107182001150004937222:
3202107182001160006039497:
3202107182001190000424146:
3202107182001210001099428:
3202107182001230009326438:
3202107182001250006026797:
3202107182001260009339144:
3202107182001280008689944:
3202107182001290008506912:
3202107182001310008501288:
3202107182001360008689944:
3202107182001380006030484:
3202107182001400009280051:
3202107182001410008714702:
3202107182001430008494290:
3202107182001450009326650:
3202107182001470008711249:
3202107182001490008680442:
3202107182001510008513325:
3202107182001530009284157:
3202107182001540009340817:
3202107182001560009352016:
3202107182001570009277145:
3202107182001590009300618:
3202107182002020004936149:
3202107182002070007422489:
3202107182002080009339211:
3202107182002110008692032:
3202107182002150009354825:
3202107182002170009339802:
3202107182002210009351758:
3202107182002430008713215:
3202107182002450008678678:
3202107182003400008699143:
3202107182003530009234248:
3202107182003550006020195:
3202107182003570008689537:
3202107182003590009346020:
3202107182004010008500889:
3202107182004020004923306:
3202107182004040008495972:
3202107182004060008429607:
3202107182004080008714113:
3202107182004090008715839:
3202107182004110006028451:
3202107182004120008697764:
3202107182004140006025403:
3202107182004160009253742:
3202107182004180008707911:
3202107182004190006039541:
3202107182004210008510264:
3202107182004220008677829:
3202107182004240006022003:
3202107182004250009354582:
3202107182004270009275492:
3202107182004280008680280:
3202107182004300008708003:
3202107182004310007421690:
3202107182004371513653821:
3202107182004380007421690:
3202107182004400002851487:
3202107182004421513653821:
3202107182004430004940394:
3202107182004440007395592:
3202107182004460008704360:
3202107182004480003126147:
3202107182004500007395592:
3202107182004530008492410:
3202107182004550006035580:
3202107182004580008501480:
3202107182005010008508589:
3202107182005040009283931:
3202107182005120008492065:
3202107182005190009255827:
3202107182005390009324138:
3202107182006170009322614:
3202107182006330009299255:
3202107182006360006026835:
3202107182006370008503824:
3202107182006400009232350:
3202107182006430008503515:
3202107182006470008701103:
3202107182006490008503515:
3202107182006540008693150:
3202107182007110009354625:
3202107182007290007405149:
3202107182007300008496191:
3202107182011310008506766:
3202107182013180003126356:
3202107182019530008498988:
3202107182021160009291036:
3202107182022400004970901:
3202107182025310008494092:
3202107182117040007421210:
3202107182145520008498988:
3202107182148420008515578:
3202107182201490008677773:
3202107182305420009348543:
4202107180749580009346340:
4202107180750000007404978:
4202107180750030008708003:
4202107180750040004969304:
4202107180750060004974322:
4202107180750070008513100:
4202107180750090004171887:
4202107180750120008499509:
4202107180750140009231425:
4202107180750160008501835:
4202107180750190004934985:
4202107180750200009350096:
4202107180750220008496149:
4202107180750230008679170:
4202107180750250009339225:
4202107180750260009226821:
4202107180750280007402498:
4202107180750290009325535:
4202107180750310008500083:
4202107180750330009349985:
4202107180750350003116965:
4202107180750380006037029:
4202107180750400008495426:
4202107180750480007407459:
4202107180750510009236820:
4202107180750540009285513:
4202107180750570009272601:
4202107180750590008684967:
4202107180751010008493340:
4202107180751030008695597:
4202107180751050007398203:
4202107180751120009274874:
4202107180751140004975255:
4202107180751160009234484:
4202107180751190006027345:
4202107180751210008513365:
4202107180751240006015163:
4202107180751270008505663:
4202107180751390009281874:
4202107180751400008710875:
4202107180751420009226959:
4202107180751450004935623:
4202107180751470000431430:
4202107180751490008495365:
4202107180751520004967216:
4202107180751550009283931:
4202107180751580007411174:
4202107180752050007407499:
4202107180752090007411174:
4202107180752180008690224:
4202107180752190008681212:
4202107180752220009351814:
4202107180752240004946812:
4202107180752270009281928:
4202107180752360008500888:
4202107180752380001077425:
4202107180752400009305260:
4202107180752420008500888:
4202107180752450000424545:
4202107180752480008716625:
4202107180752500004946487:
4202107180752520009282645:
4202107180752530001087543:
4202107180752550009339915:
4202107180752560008493092:
4202107180752590006039510:
4202107180753010008509948:
4202107180753050008499706:
4202107180753080006027612:
4202107180753120008495556:
4202107180753140009336959:
4202107180753170009338161:
4202107180753200006020192:
4202107180753220009283323:
4202107180753240006033000:
4202107180753270009247701:
4202107180753290006041875:
4202107180753330009286387:
4202107180753511513631101:
4202107180753530006016091:
4202107180753570009340817:
4202107180754010006022158:
4202107180754120009288870:
4202107180754140009298019:
4202107180754170009250787:
4202107180754180006028799:
4202107180754200009233695:
4202107180754220007395586:
4202107180754240003137945:
4202107180754280009324572:
4202107180754320008499867:
4202107180754340000431385:
4202107180754360009348776:
4202107180754380008510316:
4202107180754400009339821:
4202107180754420005001511:
4202107180754490009252994:
4202107180754510009339817:
4202107180754540009341511:
4202107180754550004922422:
4202107180755010009349972:
4202107180755040004179293:
4202107180755090009226385:
4202107180755110007418333:
4202107180755120006036336:
4202107180755260009324085:
4202107180755330009295454:
4202107180755350006039974:
4202107180755400009349952:
4202107180755430004929198:
4202107180755450008493895:
4202107180755480004926919:
4202107180755560009324118:
4202107180755580009253995:
4202107180756030009272020:
4202107180756090006035802:
4202107180756110008494427:
4202107180756130009273026:
4202107180756160009331044:
4202107180756180009342978:
4202107180756210004936688:
4202107180756230004936293:
4202107180756250008500142:
4202107180756270009342984:
4202107180756290009342035:
4202107180756310009352010:
4202107180756330009327620:
4202107180756420008512783:
4202107180756490003126360:
4202107180756510009342997:
4202107180756530006039129:
4202107180756570004967900:
4202107180756590008515910:
4202107180757010009290271:
4202107180757040008504091:
4202107180757060000424007:
4202107180757070008708992:
4202107180757090001088074:
4202107180757110009324605:
4202107180757120009298206:
4202107180757140008699709:
4202107180757160004929641:
4202107180757180008511222:
4202107180757190009253846:
4202107180757210009232613:
4202107180757230007401131:
4202107180757250008445656:
4202107180757270006021988:
4202107180757280009346685:
4202107180757300009311280:
4202107180757310009337903:
4202107180757330004973386:
4202107180757340003126356:
4202107180757360004163548:
4202107180757380006013128:
4202107180757390009272187:
4202107180757410004971518:
4202107180757420008686117:
4202107180757450008502693:
4202107180757460002854367:
4202107180757470008516772:
4202107180757490009342982:
4202107180757510009330829:
4202107180757530006036997:
4202107180757560009327564:
4202107180757580009342981:
4202107180758050006036994:
4202107180758070008698315:
4202107180758090008500493:
4202107180758110009226433:
4202107180758140004179142:
4202107180758240007395601:
4202107180758300009341742:
4202107180758320009343592:
4202107180758340009234457:
4202107180758350009226402:
4202107180758370001083930:
4202107180758410009325498:
4202107180758470009277510:
4202107180758490008510188:
4202107180758510009342143:
4202107180758530009246202:
4202107180759000008695667:
4202107180759020009346181:
4202107180759120009342142:
4202107180759150009231455:
4202107180759200009339204:
4202107180759270009346035:
4202107180759500009225500:
4202107180800000009351768:
4202107180800050009254908:
4202107180800070003132772:
4202107180800120007421253:
4202107180800220009321481:
4202107180800260008708560:
4202107180800300004169060:
4202107180800340008717694:
4202107180800380004948259:
4202107180800410008503979:
4202107180800500006016252:
4202107180801220008493833:
4202107180801440004970589:
4202107180802250004927962:
4202107180802270009354827:
4202107180802470004975565:
4202107180803160008498170:
4202107180803270004933960:
4202107180803360008719239:
4202107180805120008498988:
4202107180808040009354349:
4202107180811230009343364:
4202107180812420008503089:
4202107180813010006014941:
4202107180828370008504041:
4202107180829320004921785:
4202107180834310009303697:
4202107180835580009226399:
4202107180938200007407502:
4202107180938430006022420:
4202107181704550004974633:
4202107181710280009331842:
4202107181716030006014941:
4202107181801040009296645:
4202107181804160001083930:
4202107181856590009340470:
4202107181857020009354349:
4202107181857050009348748:
4202107181857080008498170:
4202107181857110009253846:
4202107181857300009324629:
4202107181857360009335560:
4202107181859160009342981:
4202107181859260009272187:
4202107181859320007402196:
4202107181859340008695667:
4202107181859460009346173:
4202107181900120007407499:
4202107181901190009278862:
4202107181901220004939835:
4202107181901290007407459:
4202107181901330006042240:
4202107181901350009325498:
4202107181901410009226821:
4202107181901460008499706:
4202107181901490009225500:
4202107181901530008502693:
4202107181901550001088074:
4202107181901560004969910:
4202107181901581513631101:
4202107181902000006036336:
4202107181902180006023662:
4202107181902360009272601:
4202107181902540009327615:
4202107181902570009226433:
4202107181903000008685403:
4202107181903580007418333:
4202107181904080009343592:
4202107181904100006015460:
4202107181904120008507829:
4202107181904170009226385:
4202107181904200001089614:
4202107181904220006033902:
4202107181904530003116965:
4202107181905450008500888:
4202107181906080007401131:
4202107181906580008500493:
4202107181907000009342997:
4202107181907040006041717:
4202107181907060009231455:
4202107181907140009234240:
4202107181907220009346685:
4202107181907240006021988:
4202107181907470008513100:
4202107181907510004926919:
4202107181907530009286387:
4202107181908010005001511:
4202107181908090009321481:
4202107181908120009343174:
4202107181908290002851443:
4202107181908320009246202:
4202107181909030009247701:
4202107181909330009230812:
4202107181909350004946812:
4202107181909540009252994:
4202107181910040009341511:
4202107181910060009324118:
4202107181910070008512783:
4202107181910090009234249:
4202107181910110009354391:
4202107181910160009346340:
4202107181910180009354391:
4202107181910280009231425:
4202107181910370009342978:
4202107181910440009342035:
4202107181911150009311280:
4202107181911400008506212:
4202107181911460009333812:
4202107181911590009342984:
4202107181912030008506212:
4202107181913370008716113:
4202107181913510004985960:
4202107181914490006033000:
4202107181959010009298206:
4202107181959290009233695:
4202107181959310006028799:
4202107181959360009342982:
4202107182000020006041088:
4202107182000030009322590:
4202107182000210004171887:
4202107182000260004163548:
4202107182000310007396382:
4202107182000340008493895:
4202107182000360008690224:
4202107182000400009324606:
4202107182000420008493340:
4202107182000470008695597:
4202107182000490009273291:
4202107182000560008699709:
4202107182000580009342142:
4202107182001010004929641:
4202107182001020009252962:
4202107182001030009343593:
4202107182001050008494427:
4202107182001070009236820:
4202107182001100006035802:
4202107182001120009236820:
4202107182001150009338161:
4202107182001170008710875:
4202107182001180009339915:
4202107182001270009240533:
4202107182001330009327620:
4202107182001350001122577:
4202107182001380007411174:
4202107182001410003892332:
4202107182001430009226797:
4202107182001440009346181:
4202107182001460004972764:
4202107182001570009339821:
4202107182002030009287195:
4202107182002340009274874:
4202107182002390008494141:
4202107182005030008504091:
4202107182005150009226399:
4202107182005320008500567:
4202107182006250009283164:
4202107182006480009343432:
4202107182009080009234108:
4202107182015510009254169:
4202107182020210009273026:
4202107182100140008493092:
4202107182100280008708992:
4202107182101370006036504:
4202107182101390006016091:
4202107182103050006013128:
4202107182103070009324572:
4202107182140140004179142:
4202107182154530004975255:
4202107182200300008445656:
4202107182200330008717694:
4202107182200350009290264:
4202107182200390009230749:
4202107182200400004947993:
4202107182200420006039129:
4202107182200440009324085:
4202107182200460007395601:
4202107182200500009324605:
4202107182200520009283323:
4202107182200530008496149:
4202107182200550009341742:
4202107182200560008500083:
4202107182200580004169060:
4202107182201000009246201:
4202107182201020008510188:
4202107182201040008495556:
4202107182201060008679170:
4202107182201080003126360:
4202107182201150009339225:
4202107182201200003137945:
4202107182201230009290271:
4202107182201250006027345:
4202107182201370009305260:
4202107182206160007421269:
4202107182208060008503089:
4202107182208470004933960:
5202107180749590006032924:
5202107180750010009305457:
5202107180750050008511694:
5202107180750060009305457:
5202107180750080008511694:
5202107180750120006013140:
5202107180750130006032924:
5202107180750150008510518:
5202107180750180008493286:
5202107180750190006030146:
5202107180750200009339273:
5202107180750220006039671:
5202107180750230009305918:
5202107180750250007402500:
5202107180750270009323985:
5202107180750290008499208:
5202107180750310008699606:
5202107180750320008494656:
5202107180750340009352009:
5202107180750360001079288:
5202107180750380009234467:
5202107180750400004923605:
5202107180750430004950845:
5202107180750450008497291:
5202107180750460006025812:
5202107180750490006025445:
5202107180750520009324831:
5202107180750550008517932:
5202107180750580004934727:
5202107180751010004933649:
5202107180751020007402523:
5202107180751040009305197:
5202107180751070009241934:
5202107180751090008687593:
5202107180751230009232651:
5202107180751280008508326:
5202107180751310004976717:
5202107180751340009226812:
5202107180751370008716625:
5202107180751400006012153:
5202107180751420009226447:
5202107180751440009326650:
5202107180751460008508326:
5202107180751480008712785:
5202107180751500009279709:
5202107180751510008509407:
5202107180751530004972764:
5202107180751550006040360:
5202107180751560004936823:
5202107180751580009287006:
5202107180751590006030482:
5202107180752010008497657:
5202107180752030006027609:
5202107180752050004986256:
5202107180752070007411321:
5202107180752080009252946:
5202107180752100004934927:
5202107180752110009247696:
5202107180752130008692117:
5202107180752140008508521:
5202107180752160004930090:
5202107180752180009292116:
5202107180752190009354625:
5202107180752210006028292:
5202107180752220008686680:
5202107180752240004967512:
5202107180752260009230781:
5202107180752280009254002:
5202107180752300009296798:
5202107180752320009354001:
5202107180752330009307131:
5202107180752350008512035:
5202107180752360006024122:
5202107180752380009283693:
5202107180752390006037015:
5202107180752410009324637:
5202107180752430006032903:
5202107180752450009347607:
5202107180752470008493750:
5202107180752500007413810:
5202107180752520008498971:
5202107180752540008492776:
5202107180752550004923338:
5202107180752570008492776:
5202107180752580004923338:
5202107180753000008706494:
5202107180753010008513325:
5202107180753030004046800:
5202107180753060008494613:
5202107180753090004969965:
5202107180753130004046800:
5202107180753140008508290:
5202107180753160008494613:
5202107180753180008704914:
5202107180753190008443266:
5202107180753210004976407:
5202107180753240009346170:
5202107180753280009340820:
5202107180753300009346170:
5202107180753320008506434:
5202107180753340008704200:
5202107180753350004969965:
5202107180753370008698279:
5202107180753390004976407:
5202107180753410004969965:
5202107180753430008510316:
5202107180753441513645885:
5202107180753461513409863:
5202107180753480004180013:
5202107180753500009276680:
5202107180753530004922875:
5202107180753550004951145:
5202107180753560008500109:
5202107180753580004927120:
5202107180754010009300607:
5202107180754030001108277:
5202107180754040004937089:
5202107180754060009339797:
5202107180754070008683421:
5202107180754090004969357:
5202107180754100000424165:
5202107180754120008509370:
5202107180754140004046800:
5202107180754160007412611:
5202107180754190004987731:
5202107180754210009288270:
5202107180754220007412611:
5202107180754240006039972:
5202107180754260009252984:
5202107180754280003892332:
5202107180754290004946517:
5202107180754310009234480:
5202107180754330008690529:
5202107180754350008676811:
5202107180754360009236809:
5202107180754380009346362:
5202107180754390009280491:
5202107180754430009339812:
5202107180754480004923159:
5202107180754510008513950:
5202107180754531513653050:
5202107180754560009339795:
5202107180754590008503171:
5202107180755020004932362:
5202107180755040008694659:
5202107180755050004951445:
5202107180755080003920040:
5202107180755140006036875:
5202107180755170009240533:
5202107180755230008501942:
5202107180755260008515021:
5202107180755420004936557:
5202107180755450008431645:
5202107180755480009282809:
5202107180755510009351308:
5202107180755520009339839:
5202107180755540009254229:
5202107180755560006022852:
5202107180755570009234236:
5202107180755590006033090:
5202107180756010006025806:
5202107180756030006022160:
5202107180756060008717926:
5202107180756080009240533:
5202107180756180004938938:
5202107180756200009351823:
5202107180756220006018006:
5202107180756230006016275:
5202107180756250004950546:
5202107180756260004947668:
5202107180756340007398159:
5202107180756360007407739:
5202107180756370009284157:
5202107180756400009254926:
5202107180756420009321395:
5202107180756490009346376:
5202107180756510008496310:
5202107180756520008512059:
5202107180756540004984899:
5202107180756560008692450:
5202107180756580008503915:
5202107180756590006016276:
5202107180757010009232378:
5202107180757030009341030:
5202107180757040008515734:
5202107180757060004949474:
5202107180757080009346033:
5202107180757090009276489:
5202107180757110009253988:
5202107180757120008508757:
5202107180757140009233704:
5202107180757150004934156:
5202107180757170008500401:
5202107180757190009226440:
5202107180757210009341030:
5202107180757230008510716:
5202107180757250007395627:
5202107180757280008706878:
5202107180757300006030130:
5202107180757320009288958:
5202107180757340002851460:
5202107180757360009326645:
5202107180757380008509901:
5202107180757400006025807:
5202107180757410009354401:
5202107180757430004968100:
5202107180757450008512216:
5202107180757460000439539:
5202107180757480008695905:
5202107180757490006030142:
5202107180757510004921535:
5202107180757530008506074:
5202107180757540008501795:
5202107180757560007421269:
5202107180757570009306271:
5202107180758040006021994:
5202107180758060004928604:
5202107180758090004921563:
5202107180758100004928175:
5202107180758120002851479:
5202107180758180006036876:
5202107180758230009340824:
5202107180758280009342959:
5202107180758310009339524:
5202107180758330008686064:
5202107180758370004178213:
5202107180758390009225507:
5202107180758440006026834:
5202107180758480006020220:
5202107180758510009280051:
5202107180758530006029988:
5202107180758550004927329:
5202107180758560009253842:
5202107180758590008696894:
5202107180759010001114611:
5202107180759030009253742:
5202107180759060009339219:
5202107180759080006037287:
5202107180759110007421209:
5202107180759120004928389:
5202107180759150008499047:
5202107180759170004973075:
5202107180759190008682585:
5202107180759210008519522:
5202107180759230008701083:
5202107180759251513626317:
5202107180759260009246201:
5202107180759280008495037:
5202107180759300009226392:
5202107180759320009342962:
5202107180759390008717694:
5202107180759460004977423:
5202107180759580009324107:
5202107180800000009326612:
5202107180800020009348566:
5202107180800040009326612:
5202107180800270009234486:
5202107180800380004996481:
5202107180800420009310954:
5202107180800540008492480:
5202107180801190009296138:
5202107180801400009295615:
5202107180801551513649006:
5202107180802010009333812:
5202107180802080009306769:
5202107180802230008516236:
5202107180802290008493366:
5202107180802340008709011:
5202107180802360009348542:
5202107180802420008692560:
5202107180802440008703345:
5202107180802460009233737:
5202107180802470008696238:
5202107180802490004930974:
5202107180802500009231410:
5202107180802530009300544:
5202107180802580004993674:
5202107180803010009339195:
5202107180803020009353030:
5202107180803050008718216:
5202107180804030008497463:
5202107180804100009225495:
5202107180804180009281814:
5202107180804540003137987:
5202107180804550004944745:
5202107180804570009297056:
5202107180805440009286880:
5202107180805521513637915:
5202107180805580009225494:
5202107180806050006042277:
5202107180806130005000296:
5202107180806270004937357:
5202107180806300004948555:
5202107180808100008500113:
5202107180808220008506376:
5202107180808250007413042:
5202107180808270007410385:
5202107180811440003126145:
5202107180812120008508219:
5202107180812150004945898:
5202107180813580006016277:
5202107180817420009225481:
5202107180832370009232355:
52021071808370030191000:
52021071808402930191000:
5202107180924580004947107:
5202107181703350004951746:
5202107181703400004986256:
5202107181704550009310727:
5202107181705010009298073:
5202107181712330004927962:
5202107181713040009300413:
5202107181753310004947107:
5202107181900010003137754:
5202107181900410009346173:
5202107181900460008691017:
5202107181901280006018006:
5202107181901550004936557:
5202107181903300004967216:
5202107181903360001083941:
5202107181904440009301551:
5202107181906060009248259:
5202107181906120004932123:
5202107181907260009283296:
5202107181908180006016276:
5202107181908550009226812:
5202107181909290009310954:
5202107181910100008692560:
5202107181911080008501942:
5202107181912140004969598:
5202107181913380004975787:
5202107181914430009300544:
5202107181915040009340816:
5202107181917130008506632:
5202107181940020009232651:
5202107181959331513637255:
5202107182000020004987731:
5202107182000190009348566:
5202107182000270004975477:
5202107182000330006021994:
5202107182000390007398172:
5202107182000420006018008:
5202107182000470004928175:
5202107182000530008716625:
5202107182000560008494201:
5202107182001000008708048:
5202107182001040009272184:
5202107182001060008708048:
5202107182001080009272184:
5202107182001150008696238:
5202107182001200007422441:
5202107182001290009285983:
5202107182001320004996481:
5202107182001380004921380:
5202107182001430009293911:
5202107182001450004921380:
5202107182001470000431430:
5202107182002020009286616:
5202107182002080009288870:
5202107182002120008501482:
5202107182002140004937089:
5202107182002160008703693:
5202107182002190009233737:
5202107182002210008510316:
5202107182002480009230754:
5202107182003010003892332:
5202107182003100008678678:
5202107182003180007412611:
5202107182004290009234248:
5202107182004310008697063:
5202107182004440008491998:
5202107182004450009305918:
5202107182004490008495972:
5202107182004520004937356:
5202107182004550009306769:
5202107182004590009253742:
5202107182005000008690794:
5202107182005130004930974:
5202107182005420004178213:
5202107182005430004966592:
5202107182008010008443266:
5202107182008310008508352:
5202107182009290009288958:
5202107182009330008502364:
5202107182010190008704914:
5202107182023100004970901:
5202107182030570006028797:
5202107182046180004946487:
5202107182059140009232613:
5202107182109510006039998:
5202107182110120009296138:
5202107182122430004948851:
5202107182122460006027553:
5202107182200050009339828:
5202107182200200008709061:
5202107182201070006030145:
5202107182201250009277203:
5202107182201320008717694:
5202107182201350009290264:
5202107182201390004986846:
5202107182201430006022160:
5202107182201490008512859:
5202107182202570008517056:
5202107182205420008512397:
5202107182205440009226816:
5202107182207150007421269:
5202107182208130008503171:
5202107182219410006019064:
5202107182220230004948259:
5202107182220320006019064:
5202107182250020008712785:
5202107182304510009283693:
5202107182305410008508521:
5202107182320050008503089:
6202107180301330009341030:
62021071808375030292000:
62021071808391530292000:
6202107180841390009310727:
6202107180855360009298073:
6202107180940480009298073:
6202107180940510009275624:
6202107180940550009298073:
6202107180940580009275624:
6202107181057340009279594:
6202107181659550008702698:
6202107181703190004951746:
6202107181703250007395593:
6202107181703390009280630:
6202107181703500006025806:
6202107181705190008516213:
6202107181706020009226447:
6202107181712000001114611:
6202107181712190004927962:
6202107181800220009351768:
6202107181811560008701274:
6202107181820220009309504:
6202107181821220006028762:
6202107181856370008698121:
6202107181858381513409863:
6202107181859131513643510:
6202107181900010009276489:
6202107181900030009288913:
6202107181900060006037924:
6202107181900090009307131:
6202107181900130001077087:
6202107181900290009327616:
6202107181900330008506597:
6202107181900350006028450:
6202107181900420008493565:
6202107181900450008493676:
6202107181900500004158333:
6202107181900520006018006:
6202107181901400004936557:
6202107181902160003916932:
6202107181902490008516772:
6202107181902560008498021:
6202107181903110008500597:
6202107181903220006023085:
6202107181903570008513365:
6202107181904230008688253:
6202107181904350009325511:
6202107181904460008515734:
6202107181906360004976407:
6202107181907470009254908:
6202107181907490006035813:
6202107181907580006016276:
6202107181908350006036994:
6202107181908370002854367:
6202107181909180008509407:
6202107181909280008517783:
6202107181909380009254212:
6202107181909450008692560:
6202107181910210004923617:
6202107181910400008501942:
6202107181911290004935623:
6202107181911580004969598:
6202107181912020008499047:
6202107181912230004975787:
6202107181913170008499805:
6202107181913220004975787:
6202107181913440009352010:
6202107181914450009340816:
6202107181914480007421253:
6202107181915290006028957:
6202107181917200006017496:
6202107181958330009278607:
6202107181958370009225488:
6202107181958400009342954:
6202107181958420009340801:
6202107181958430009273013:
6202107181958450009343149:
6202107181958480009309829:
6202107181958510008509836:
6202107181958530003132773:
6202107181958560009324637:
6202107181958580009324574:
6202107181959010004946192:
6202107181959040009340813:
6202107181959050008711892:
6202107181959070003918790:
6202107181959090008711892:
6202107181959110008698795:
6202107181959120008711892:
6202107181959140009326609:
6202107181959170009226952:
6202107181959190008499556:
6202107181959250009353030:
6202107181959280004948585:
6202107181959300009231452:
6202107181959310004929865:
6202107181959330009354344:
6202107181959350004928389:
6202107181959390007404952:
6202107181959420004928389:
6202107181959450007404952:
6202107181959470006026834:
6202107181959490009344566:
6202107181959500009247696:
6202107181959520008699992:
6202107181959530008494964:
6202107181959550009348603:
6202107181959560009339274:
6202107181959580008708048:
6202107182000000009287411:
6202107182000010006040360:
6202107182000030009348566:
6202107182000050004921535:
6202107182000070008492776:
6202107182000090004923338:
6202107182000100004931414:
6202107182000120003137966:
6202107182000150003934713:
6202107182000170006039130:
6202107182000190008493770:
6202107182000200009278808:
6202107182000220009233697:
6202107182000230004937088:
6202107182000250007404782:
6202107182000280008680900:
6202107182000390006023108:
6202107182000420008680900:
6202107182000430009348376:
6202107182000470007404782:
6202107182000480004972764:
6202107182000500009343567:
6202107182000530007404782:
6202107182000550009336990:
6202107182000570008696238:
6202107182000590008508290:
6202107182001000007422441:
6202107182001020004969653:
6202107182001030009281193:
6202107182001050004948289:
6202107182001060004969965:
6202107182001080008499165:
6202107182001100008683421:
6202107182001120009285983:
6202107182001170006015163:
6202107182001190004927539:
6202107182001210000431430:
6202107182001230009339195:
6202107182001250004922560:
6202107182001270007419049:
6202107182001280006032903:
6202107182001300004936556:
6202107182001310009285701:
6202107182001330006033720:
6202107182001350004934470:
6202107182001380006033720:
6202107182001400009288870:
6202107182001430009231473:
6202107182001450004950247:
6202107182001480008695905:
6202107182001490008501482:
6202107182001510004937089:
6202107182001520007401166:
6202107182001560007421743:
6202107182001580009233737:
6202107182002000009339144:
6202107182002010008510316:
6202107182002030008689944:
6202107182002050008499149:
6202107182002080009287614:
6202107182002090004927120:
6202107182002110009231410:
6202107182002130009311591:
6202107182002170007421209:
6202107182002230008495365:
6202107182002270004934156:
6202107182002280009346033:
6202107182002310009231410:
6202107182002380003892332:
6202107182002440009240533:
6202107182002460004922029:
6202107182002480007421209:
6202107182002510004936823:
6202107182002560004933902:
6202107182002580007412611:
6202107182003040006014943:
6202107182003080006042274:
6202107182003270008512397:
6202107182003290008511515:
6202107182003470004927750:
6202107182003490004947077:
6202107182003570008703345:
6202107182004000008699143:
6202107182004070004987436:
6202107182004130008717268:
6202107182004140004923159:
6202107182004180005001068:
6202107182004230008711445:
6202107182004250004923306:
6202107182004270008692290:
6202107182004300009339834:
6202107182004320006027609:
6202107182004350009230815:
6202107182004360006025403:
6202107182004390008697764:
6202107182004410004969357:
6202107182004470004938938:
6202107182004500004930974:
6202107182004530008496969:
6202107182004540008680280:
6202107182004590007421690:
6202107182005060002851487:
6202107182005090008696388:
6202107182005170006039972:
6202107182005200004966592:
6202107182005220004178213:
6202107182005250007411542:
6202107182005320001087528:
6202107182005350009282114:
6202107182005380009283931:
6202107182005510008708560:
6202107182006080004928821:
6202107182006120009226959:
6202107182006200009279704:
6202107182008111513653096:
6202107182008150008508352:
6202107182008230004977423:
6202107182009310006032030:
6202107182009560008704914:
6202107182010080007402512:
6202107182010240009298019:
6202107182011050008513733:
6202107182014560004967312:
6202107182036270008500401:
6202107182058560009232613:
6202107182100030008502189:
6202107182101020008497699:
6202107182112380009300590:
6202107182113590009226390:
6202107182127480007407502:
6202107182127510008504041:
6202107182127540006022420:
6202107182127590004921785:
6202107182200080006028757:
6202107182200530004968716:
6202107182200550006028757:
6202107182200570008712785:
6202107182200590008517056:
6202107182201200008512859:
6202107182207500004934927:
6202107182208350009304051:
6202107182209560009254207:
6202107182211390004928604:
6202107182219310004967900:
6202107182219360004948259:
6202107182219420004970589:
6202107182219450004948259:
6202107182219470004970589:
6202107182219520004967900:
6202107182227510006036876:
6202107182227590009298223:
6202107182239160006016277:
6202107182243590008508441:
6202107182300210007407764:
6202107182300280007402498:
6202107182302350008508757:
6202107182302430009232653:
6202107182303030009241075:
6202107182303460009283693:
6202107182304240006037015:
6202107182304330009283693:
6202107182305170009348543:
6202107182312280009230793:
8202107180749591513631613:
8202107180750020007396382:
8202107180750060004931673:
8202107180750090006015165:
8202107180750110008511681:
8202107180750130004969910:
8202107180750150006028960:
8202107180750170006036504:
8202107180750180008513100:
8202107180750211513653075:
8202107180750260004171887:
8202107180750290004974322:
8202107180750330008499509:
8202107180750380009231425:
8202107180750430004934985:
8202107180750470008496149:
8202107180750490008679170:
8202107180750520008500083:
8202107180750560009234249:
8202107180750580009273291:
8202107180751000004931010:
8202107180751020003116965:
8202107180751050008504234:
8202107180751110009236820:
8202107180751170007407459:
8202107180751210008493340:
8202107180751230008695597:
8202107180751500009296645:
8202107180752000008710875:
8202107180752040004935623:
8202107180752280007407499:
8202107180753080009282645:
8202107180753130001087543:
8202107180753150008493092:
8202107180753210009346055:
8202107180753240008499706:
8202107180753300006027612:
8202107180753490006033000:
8202107180754040008716113:
8202107180754300006022158:
8202107180754420009250787:
8202107180754430006028799:
8202107180754450009324572:
8202107180754460009233695:
8202107180754480003137945:
8202107180754500007395586:
8202107180754560009348776:
8202107180754570008503515:
8202107180755000015629857:
8202107180755060005001511:
8202107180755100009339821:
8202107180755200004922422:
8202107180755230009341511:
8202107180755250004179293:
8202107180755310006036336:
8202107180755320009226385:
8202107180755520008500626:
8202107180756120008493895:
8202107180756130004926919:
8202107180756190002851485:
8202107180756210008512375:
8202107180756420009342978:
8202107180756530009342035:
8202107180756550009342984:
8202107180757010008512783:
8202107180757140004924923:
8202107180757170004967900:
8202107180757220008515910:
8202107180757250008504091:
8202107180757430006021988:
8202107180757450009346685:
8202107180757470008445656:
8202107180757490009311280:
8202107180757560003126356:
8202107180758050009272187:
8202107180758220008686117:
8202107180758360008500493:
8202107180759270009231455:
8202107180759320004947993:
8202107180759340004947698:
8202107180800410008708560:
8202107180813210009346364:
8202107180833300009343432:
8202107181300080008512375:
8202107181658310009282645:
8202107181701340004924923:
8202107181701500009351814:
8202107181703470009351964:
8202107181706570009339204:
8202107181710050009331842:
8202107181800170009296645:
8202107181803021513626317:
8202107181803550001083930:
8202107181856380009340470:
8202107181859000009226402:
8202107181859050008695667:
8202107181859550007407499:
8202107181900220004179293:
8202107181900310008686117:
8202107181900510008709488:
8202107181900540006028960:
8202107181901020001077425:
8202107181901050008495426:
8202107181901060006042240:
8202107181901130007407459:
8202107181901180001087543:
8202107181901200008499706:
8202107181901221513653075:
8202107181901230009226821:
8202107181901270008504234:
8202107181901330001088074:
8202107181901350004969910:
8202107181901410006036336:
8202107181901540006023662:
8202107181901560006020220:
8202107181902220008685403:
8202107181902300007418333:
8202107181902330004934985:
8202107181902370009327615:
8202107181902380006015165:
8202107181902500008500142:
8202107181903220004931897:
8202107181903500008507829:
8202107181903530006015460:
8202107181903550009343592:
8202107181904030009226385:
8202107181904060006033902:
8202107181904210003116965:
8202107181904450009327564:
8202107181905220008693892:
8202107181905240008500888:
8202107181905290009342962:
8202107181905490006025823:
8202107181905510009305547:
8202107181905530008500493:
8202107181906410009342997:
8202107181906420006041717:
8202107181906450009234240:
8202107181906460009231455:
8202107181906480008504736:
8202107181906500009337903:
8202107181906520009250787:
8202107181906540009342143:
8202107181906550004936293:
8202107181906570004936688:
8202107181906590009346685:
8202107181907030006021988:
8202107181907060009281928:
8202107181907090000424007:
8202107181907100004974322:
8202107181907130009336959:
8202107181907190009339817:
8202107181907200008513100:
8202107181907220009286387:
8202107181907240009253739:
8202107181907260004926919:
8202107181907280009337006:
8202107181907310004975565:
8202107181907330005001511:
8202107181907410007421735:
8202107181907430009343174:
8202107181907450008511222:
8202107181907470009295891:
8202107181907490008515910:
8202107181908070009246202:
8202107181908120004929198:
8202107181908270008499867:
8202107181908320006020192:
8202107181908440009247701:
8202107181909030009230812:
8202107181909080004946812:
8202107181909100004931673:
8202107181909210009272020:
8202107181909220004164864:
8202107181909250009252994:
8202107181909300009234486:
8202107181909330009341511:
8202107181909360008512783:
8202107181909380009234249:
8202107181909410009354391:
8202107181909590007404978:
8202107181910030009231425:
8202107181910050009352010:
8202107181910140006037029:
8202107181910210009342978:
8202107181910280009342035:
8202107181910400009346055:
8202107181910430015629857:
8202107181910480009311280:
8202107181911441513627710:
8202107181911580004969304:
8202107181912420006033000:
8202107181913100004931010:
8202107181913140003132772:
8202107181913170008716113:
8202107181914320006028957:
8202107181915000006022158:
8202107181915050004922422:
8202107181959030006028799:
8202107181959050009233695:
8202107182000010006031524:
8202107182000030009243147:
8202107182000060004171887:
8202107182000070007396382:
8202107182000100009252970:
8202107182000110008690224:
8202107182000130000431385:
8202107182000140008493895:
8202107182000160009324606:
8202107182000180009273291:
8202107182000210004929641:
8202107182000230008493340:
8202107182000240008695597:
8202107182000320009234457:
8202107182000340004045200:
8202107182000360009343593:
8202107182000380009252962:
8202107182000400008500626:
8202107182000420009348776:
8202107182000440009339930:
8202107182000460006039974:
8202107182000480004936422:
8202107182000500008710875:
8202107182000510000424545:
8202107182000530009346364:
8202107182000590008514966:
8202107182001030009327620:
8202107182001060009350096:
8202107182001070004923758:
8202107182001100008514966:
8202107182001130009226797:
8202107182001160009346181:
8202107182001200009339821:
8202107182001210009354827:
8202107182001350006041875:
8202107182001370009287195:
8202107182001480009295454:
8202107182002190009351830:
8202107182002550009298435:
8202107182002580009351830:
8202107182004270006027612:
8202107182004280009253995:
8202107182004350008500567:
8202107182004420008504091:
8202107182004460009349985:
8202107182004480009226399:
8202107182004520008708560:
8202107182004560008695330:
8202107182004580009325535:
8202107182005080009342940:
8202107182005100009326658:
8202107182006530004971518:
8202107182008530009234108:
8202107182015200009254169:
8202107182048320004974633:
8202107182048470004928581:
8202107182101440009324572:
8202107182102450006013128:
8202107182154370004975255:
8202107182159540009290264:
8202107182200050008445656:
8202107182200070009290264:
8202107182200090009230749:
8202107182200140004947993:
8202107182200150006016252:
8202107182200170009324085:
8202107182200190007395601:
8202107182200220008501835:
8202107182200260008500083:
8202107182200320009246201:
8202107182200340004169060:
8202107182200360008495556:
8202107182200380008510188:
8202107182200400008679170:
8202107182200430003126360:
8202107182200510003137945:
8202107182200550009290271:
8202107182201020009305260:
8202107182201030006027345:
8202107182201050006036997:
8202107182201070008511681:
8202107182201091513631613:
