2202106170721130006039998:
2202106170727370008698044:
2202106170730390008500956:
2202106170741530004028003:
2202106170743060004932123:
2202106170743140001079879:
2202106170743490009300590:
2202106170744100009272184:
2202106170744160008716113:
2202106170744470009288638:
2202106170744550009246193:
2202106170744570003915458:
2202106170745220006041088:
2202106170745280006022439:
2202106170746070009247509:
2202106170746310008506907:
2202106170746360006021875:
2202106170746450009307295:
2202106170746560009234089:
2202106170747080007415195:
2202106170747120006030135:
2202106170747220008503198:
2202106170747300009354625:
2202106170748250006036321:
2202106170748490009340483:
2202106170750240009311703:
2202106170750350009300596:
2202106170750400006751664:
2202106170750490009314286:
2202106170751000006021877:
2202106170751080009234467:
2202106170751120009349952:
2202106170751190008497276:
2202106170751230004181482:
2202106170751270008499075:
2202106170751370008681883:
2202106170752010008514157:
2202106170752090009253997:
2202106170752100008497657:
2202106170752130009343364:
2202106170752211513628688:
2202106170752320009287011:
2202106170752360008694944:
2202106170752380008692587:
2202106170752400009248259:
2202106170752420009297569:
2202106170752450009276908:
2202106170752540008501741:
2202106170753030009291663:
2202106170753060006036505:
2202106170753140009346063:
2202106170753320009254926:
2202106170753360006033001:
2202106170753390006019430:
2202106170753400008678354:
2202106170753440009286624:
2202106170753470008504258:
2202106170753500008690941:
2202106170753540004940674:
2202106170753580008508587:
2202106170754001513646659:
2202106170754320009314167:
2202106170754470007421210:
2202106170754570004951145:
2202106170755030009236810:
2202106170755060004951145:
2202106170755090009326618:
2202106170755130002851478:
2202106170755220009293911:
2202106170755240009252984:
2202106170755300009339828:
2202106170755330006036993:
2202106170755370007414082:
2202106170755420009292038:
2202106170755470008496310:
2202106170755500006031526:
2202106170755530009232187:
2202106170755560008686064:
2202106170756010004950546:
2202106170756090009288224:
2202106170756110009275335:
2202106170756130008709061:
2202106170756150009288224:
2202106170756190009340499:
2202106170756220008709369:
2202106170756250009226394:
2202106170756270009341030:
2202106170756350004937625:
2202106170756420009279709:
2202106170756450009301551:
2202106170756470009277203:
2202106170756580000431412:
2202106170757020008504041:
2202106170757050008680789:
2202106170757080009296651:
2202106170757100009281753:
2202106170757130009289101:
2202106170757140009321395:
2202106170757160007402482:
2202106170757170006016275:
2202106170757210008492705:
2202106170757220008688253:
2202106170757270008701083:
2202106170757300009297664:
2202106170757320006040283:
2202106170757340009347607:
2202106170757360007407739:
2202106170757370009330833:
2202106170757400008509806:
2202106170757430009296798:
2202106170757460008509806:
2202106170757470008509894:
2202106170757530004930355:
2202106170757550009290365:
2202106170757570008695140:
2202106170757590008426247:
2202106170758030008695140:
2202106170758110007396360:
2202106170758210008709393:
2202106170758240009232378:
2202106170758350006040161:
2202106170758360007398914:
2202106170758380008690794:
2202106170758400008515447:
2202106170758440006029990:
2202106170758460002851460:
2202106170758500008701527:
2202106170758530008494333:
2202106170758550008686663:
2202106170758580008707832:
2202106170759030006030130:
2202106170759050009230785:
2202106170759070009339795:
2202106170759100009339524:
2202106170759110009313676:
2202106170759150001083110:
2202106170759160008508326:
2202106170759230008429638:
2202106170759250008494564:
2202106170759300008515081:
2202106170759330008497463:
2202106170759340006020220:
2202106170759360001077087:
2202106170759380006022855:
2202106170759410006042873:
2202106170759440009339824:
2202106170759530008495616:
2202106170800080002851465:
2202106170800210008691017:
2202106170800230009246199:
2202106170800240008513733:
2202106170800260009226826:
2202106170800290004951445:
2202106170801040006033902:
2202106170801100009272418:
2202106170801200004937356:
2202106170801320008509901:
2202106170801390006019428:
2202106170801410009339794:
2202106170801430009226817:
2202106170801450002851799:
2202106170801480008497795:
2202106170801500008710957:
2202106170801590006041715:
2202106170802110009313530:
2202106170802160009225495:
2202106170802180008686680:
2202106170802210008493028:
2202106170802240006021991:
2202106170802250006027540:
2202106170802280008698795:
2202106170802300008426248:
2202106170802420008519041:
2202106170803150008506632:
2202106170803300008693150:
2202106170804030006025812:
2202106170804080006014993:
2202106170804260008508352:
2202106170804370007421212:
2202106170804430006014349:
2202106170804480009279728:
2202106170805130009225494:
2202106170805230009254000:
2202106170805330009324604:
2202106170806090008677773:
2202106170806270008502364:
2202106170807470008709954:
2202106170807490006042277:
2202106170808000007422376:
2202106170808240009307388:
2202106170808430009321319:
2202106170811070009291061:
2202106170811320009282101:
2202106170812110001083941:
2202106170813300009241071:
2202106170814590009293535:
2202106170817100008496969:
2202106170817160004969010:
2202106170819460009310727:
2202106170925220008424093:
2202106171024020006027553:
2202106171703380007396360:
2202106171711090001083941:
2202106171715510009307388:
2202106171725050002851459:
2202106171800480009296798:
2202106171912030008688253:
2202106171923310009313676:
2202106171924240006042277:
2202106171924270008505663:
2202106171954010009311703:
2202106172000000009324604:
2202106172000040008694944:
2202106172000100008501741:
2202106172000160009307295:
2202106172001010004932123:
2202106172001180008497276:
2202106172001230009326618:
2202106172001440008681883:
2202106172001460009288224:
2202106172001480002851478:
2202106172001500009288224:
2202106172001580006040161:
2202106172002000008506907:
2202106172002060008678354:
2202106172002080006033001:
2202106172002100000431412:
2202106172002140009314286:
2202106172002160000431412:
2202106172002180009314286:
2202106172002310008709369:
2202106172002380009301551:
2202106172002470009288638:
2202106172002530009272418:
2202106172002590008695140:
2202106172003021513628688:
2202106172003110006019428:
2202106172003130006019430:
2202106172003260008429638:
2202106172004080008515447:
2202106172004300009297569:
2202106172004330008701527:
2202106172004420009236810:
2202106172005280006030135:
2202106172005350008492705:
2202106172005380009287011:
2202106172005540008508587:
2202106172007250009297664:
2202106172007480009275335:
2202106172011050007402482:
2202106172011080006021875:
2202106172011100009248259:
2202106172011210006029990:
2202106172011230008514157:
2202106172011470008709061:
2202106172011550008698044:
2202106172012000009340499:
2202106172012300008692587:
2202106172012450008509894:
2202106172013140009276908:
2202106172013220008508326:
2202106172013330009276908:
2202106172013350009296651:
2202106172013410009276908:
2202106172013430009296651:
2202106172015520001079879:
2202106172015550009314167:
2202106172015570008504258:
2202106172015590009340483:
2202106172016010008686663:
2202106172016040009281753:
2202106172017050004181482:
2202106172017080008426247:
2202106172020310008502364:
2202106172020390009289101:
2202106172020440006022439:
2202106172021290009286624:
2202106172022190004946782:
2202106172101450003915458:
2202106172107200009241071:
2202106172137420007421210:
2202106172141270008519041:
2202106172159390008692560:
2202106172159410008696238:
2202106172200580008494656:
2202106172201100009236903:
2202106172201130006030142:
2202106172201470008698279:
2202106172201530009253997:
2202106172201550008491998:
2202106172201570009288913:
2202106172201590006039671:
2202106172202010009351998:
2202106172202030009327616:
2202106172202071513645885:
2202106172202090009230781:
2202106172202130009343151:
2202106172202160006025812:
2202106172202180008493750:
2202106172202230009340820:
2202106172202260009233704:
2202106172202270006039493:
2202106172202300008509901:
2202106172202320008493750:
2202106172202350006018006:
2202106172202390008690941:
2202106172202440006018006:
2202106172202470006039493:
2202106172202520009279709:
2202106172202540008513365:
2202106172202560008510716:
2202106172203070007402194:
2202106172203120009234236:
2202106172203170006039969:
2202106172203220008499075:
2202106172203450009226412:
2202106172205140009339812:
2202106172205170008494564:
2202106172205520009330833:
2202106172205550009247716:
2202106172205570009232378:
2202106172205590009348762:
2202106172206000009323985:
2202106172206050009305918:
2202106172206060006029988:
2202106172207070008718216:
2202106172207100008509370:
2202106172207120006040284:
2202106172207140007398159:
2202106172207150007402500:
2202106172207170006040284:
2202106172207180008510518:
2202106172207200009226965:
2202106172207230002851479:
2202106172210350004940674:
2202106172211470008701083:
2202106172214240007414082:
2202106172214280006021877:
2202106172214370004984899:
2202106172215100008710957:
2202106172243250009285513:
2202106172245320008686064:
2202106172246520009321319:
2202106172304060009230785:
2202106172304280006751664:
2202106172305050009342183:
2202106172356140008495037:
2202106172356190008499206:
2202106172356280009300596:
2202106172356320008499206:
2202106172357010008707832:
2202106172357180007398914:
3202106170725470008501288:
3202106170728450006031524:
3202106170728490004931673:
3202106170737560006028953:
3202106170738500009339211:
3202106170739370009354344:
3202106170739490003117204:
3202106170740030008510264:
3202106170740220009351758:
3202106170740430006023085:
3202106170742480009291036:
3202106170743011513637255:
3202106170743200006028957:
3202106170743350009305555:
3202106170743490006026835:
3202106170744560001099428:
3202106170745030009234108:
3202106170745200008710216:
3202106170745230008499556:
3202106170745260005001068:
3202106170745320009226816:
3202106170745340006039541:
3202106170747290009314247:
3202106170747590009234458:
3202106170748130009274446:
3202106170748220002851485:
3202106170748330008692117:
3202106170748390009339930:
3202106170748450009298435:
3202106170748540006042240:
3202106170748580006039016:
3202106170749010008503303:
3202106170749080006035580:
3202106170749380006025823:
3202106170749530009236820:
3202106170750060009323446:
3202106170750130008711197:
3202106170750150006025403:
3202106170750320009306586:
3202106170750350008508441:
3202106170750420008677903:
3202106170750550006023666:
3202106170751010008429633:
3202106170751030009252962:
3202106170751040009350096:
3202106170751080009340813:
3202106170751240009340470:
3202106170751400008689944:
3202106170751440009247521:
3202106170751470008680900:
3202106170751510008714702:
3202106170751530008687514:
3202106170751580008497634:
3202106170752060008708048:
3202106170752130008516658:
3202106170752240008708048:
3202106170752310008429607:
3202106170752350009234248:
3202106170752400009343384:
3202106170752430009283931:
3202106170752480009305547:
3202106170752520006041717:
3202106170752550009306129:
3202106170752570006028799:
3202106170753040009322602:
3202106170753070009302534:
3202106170753140008501480:
3202106170753180009343149:
3202106170753220006022433:
3202106170753260008502984:
3202106170753280009326609:
3202106170753300008696388:
3202106170753320008445992:
3202106170753350009324637:
3202106170753380008514795:
3202106170753400009299255:
3202106170753430006019315:
3202106170753450009309524:
3202106170753480008504275:
3202106170753500007402205:
3202106170753540007422489:
3202106170754000009284852:
3202106170754020004931010:
3202106170754060004155886:
3202106170754130009226385:
3202106170754160009275492:
3202106170754370008518703:
3202106170754410004158333:
3202106170754430009295891:
3202106170754460006023662:
3202106170754490006041721:
3202106170754510003137967:
3202106170754530004932608:
3202106170754560008506766:
3202106170755140009336959:
3202106170755160008691341:
3202106170755200006018008:
3202106170755210009335560:
3202106170755290009339792:
3202106170755340009233697:
3202106170755410008498021:
3202106170755440008504736:
3202106170755470008493217:
3202106170755490008499509:
3202106170755510009232350:
3202106170755530003137991:
3202106170755550008681103:
3202106170755590009287195:
3202106170756010008493770:
3202106170756040008676957:
3202106170756060009300618:
3202106170756070003132773:
3202106170756090003137966:
3202106170756110006028450:
3202106170756130006032999:
3202106170756150008702698:
3202106170756160008713719:
3202106170756180003126383:
3202106170756200009253719:
3202106170756220008494010:
3202106170756240008680280:
3202106170756250009253719:
3202106170756280009321321:
3202106170756300009343593:
3202106170756330009243147:
3202106170756350009346173:
3202106170756370008711892:
3202106170756400007421690:
3202106170756430008681703:
3202106170756460006030480:
3202106170756490009342962:
3202106170756500008518736:
3202106170756530008690203:
3202106170756550009252970:
3202106170756570009342978:
3202106170756590008498188:
3202106170757010008495468:
3202106170757030009284157:
3202106170757060004164864:
3202106170757090008502189:
3202106170757111513653821:
3202106170757130008697764:
3202106170757150009351964:
3202106170757170006040154:
3202106170757190006019317:
3202106170757220008703693:
3202106170757250001077421:
3202106170757270008698315:
3202106170757290001096293:
3202106170757320008516420:
3202106170757340004969598:
3202106170757360008512397:
3202106170757380008492065:
3202106170757410008679943:
3202106170757430008707174:
3202106170757450004934470:
3202106170757510007404980:
3202106170757560006015460:
3202106170758070009309829:
3202106170758100008678678:
3202106170758130009346033:
3202106170758160009325511:
3202106170758180009331842:
3202106170758190004931897:
3202106170758210008688253:
3202106170758240008494290:
3202106170758260009277145:
3202106170758310009327615:
3202106170758400002851487:
3202106170758430008514966:
3202106170758460008500378:
3202106170758490009276661:
3202106170758500004936029:
3202106170758550008491948:
3202106170758570007395592:
3202106170758590009273013:
3202106170759030009324574:
3202106170759070009226390:
3202106170759100008688282:
3202106170759120007418333:
3202106170759150008496191:
3202106170759180008503339:
3202106170759200009226952:
3202106170759220008517783:
3202106170759240009322614:
3202106170759260008704360:
3202106170759280006024859:
3202106170759310009255827:
3202106170759340009339144:
3202106170759360009293228:
3202106170759390008504091:
3202106170759450009274443:
3202106170759530000424146:
3202106170759580008507829:
3202106170800070008701103:
3202106170800150009286996:
3202106170800180006036318:
3202106170800340008699273:
3202106170801030008494092:
3202106170801080006041103:
3202106170801310003137754:
3202106170801470009226400:
3202106170802040009326648:
3202106170802070009254169:
3202106170802080003132772:
3202106170802230006033902:
3202106170803000009344566:
3202106170805350008506597:
3202106170809550009298073:
3202106171710550009327615:
3202106171712410004969598:
3202106171715590008496969:
3202106171801250006032999:
3202106171858480009324574:
3202106171859140009273013:
3202106171859260009331842:
3202106171859280008502984:
3202106171859320008711892:
3202106171859340008502984:
3202106171859350008711892:
3202106171859370009324606:
3202106171859380003137991:
3202106171859420009348748:
3202106171859440009247521:
3202106171859460008691341:
3202106171859480009354460:
3202106171859490009306586:
3202106171859510008691341:
3202106171859530004155886:
3202106171859540008710216:
3202106171859560008503339:
3202106171859570009234458:
3202106171859590009252970:
3202106171900010009324879:
3202106171900020003137963:
3202106171900040008681103:
3202106171900060007402205:
3202106171900090009351964:
3202106171900100008699992:
3202106171900120009336959:
3202106171900130009309829:
3202106171900150006018008:
3202106171900170008690234:
3202106171900190008714702:
3202106171900200008690203:
3202106171900220008711249:
3202106171900230009340801:
3202106171900250008686117:
3202106171900260008518703:
3202106171900280008518736:
3202106171900300008514795:
3202106171900310009308083:
3202106171900340009321321:
3202106171900350009282830:
3202106171900370009339802:
3202106171900390003137967:
3202106171900410008718055:
3202106171900430006041721:
3202106171900460009326609:
3202106171900480009287411:
3202106171900490009277145:
3202106171900510008493770:
3202106171900540008516658:
3202106171900560004947373:
3202106171900590008707174:
3202106171901010004947373:
3202106171901030008707174:
3202106171901060009340450:
3202106171901070004947373:
3202106171901120009354825:
3202106171901140009342954:
3202106171901340008679943:
3202106171901490009314247:
3202106171902021513626317:
3202106171902180006023085:
3202106171902210009302534:
3202106171902570008506597:
3202106171903050006042240:
3202106171903550001096293:
3202106171904310009254212:
3202106171904350009295891:
3202106171904400008504275:
3202106171904500006028957:
3202106171904540008493217:
3202106171905020006031524:
3202106171905030009226816:
3202106171905080006031524:
3202106171906130009272020:
3202106171906150004931897:
3202106171906170008713928:
3202106171906350004931673:
3202106171907110009354581:
3202106171907500004932608:
3202106171907580003918790:
3202106171908010006025403:
3202106171908120009324138:
3202106171908140004932608:
3202106171908320009342998:
3202106171908590006035580:
3202106171909040009253861:
3202106171909120009284852:
3202106171909170008696388:
3202106171909420008503303:
3202106171909450008501480:
3202106171909480008690794:
3202106171910180009335560:
3202106171910200009281874:
3202106171910240008496191:
3202106171910410009343383:
3202106171910460008688282:
3202106171910480009305555:
3202106171911010009275492:
3202106171911060008510264:
3202106171911180009339930:
3202106171911220009346327:
3202106171911240003137966:
3202106171911420001089614:
3202106171912050006030484:
3202106171915170006025823:
3202106171917430008701103:
3202106171923350009339211:
3202106171930160008698121:
3202106171930540009289323:
3202106171941110008494141:
3202106171944290008516420:
3202106171956240006014943:
3202106171958390009230815:
3202106171958430009279481:
3202106171958450009343593:
3202106171958500009278607:
3202106171959490009226952:
3202106171959570009243147:
3202106171959580006030480:
3202106172000021513637255:
3202106172000040008680900:
3202106172000060008494010:
3202106172000070008517323:
3202106172000090008711197:
3202106172000100006023662:
3202106172000120009226400:
3202106172000130009326438:
3202106172000150009300618:
3202106172000170009280051:
3202106172000180009236868:
3202106172000200007402467:
3202106172000210008708003:
3202106172000230009252962:
3202106172000250008497634:
3202106172000260008716625:
3202106172000280009234486:
3202106172000310008502189:
3202106172000320006028450:
3202106172000340009274446:
3202106172000350008681212:
3202106172000370009339254:
3202106172000380009287195:
3202106172000440008712381:
3202106172000450009287195:
3202106172000470008494427:
3202106172000490008689944:
3202106172000510006035802:
3202106172000520008501288:
3202106172000540009330829:
3202106172000560006039129:
3202106172000580008687514:
3202106172001010009323446:
3202106172001020007422489:
3202106172001050009340470:
3202106172001060004936029:
3202106172001070008707911:
3202106172001090009342962:
3202106172001110008709488:
3202106172001120009343384:
3202106172001150009354344:
3202106172001170006028799:
3202106172001190008498021:
3202106172001210000424146:
3202106172001230009326626:
3202106172001260009236820:
3202106172001290008693920:
3202106172001320009298435:
3202106172001340009350096:
3202106172001360009324629:
3202106172001380004934470:
3202106172001400001099428:
3202106172001410009255827:
3202106172001440009306129:
3202106172001460008717268:
3202106172001490008508589:
3202106172001500009344566:
3202106172001570009346173:
3202106172002050008503515:
3202106172002200008693892:
3202106172002220009339144:
3202106172002250008685403:
3202106172002460009253719:
3202106172002490003137754:
3202106172002510006039016:
3202106172002520008492065:
3202106172002540009284157:
3202106172002560008506766:
3202106172003270008693150:
3202106172003320002851487:
3202106172003451513653821:
3202106172003480006015165:
3202106172004020009274443:
3202106172004520009274874:
3202106172004580004158333:
3202106172005150008515502:
3202106172008240003117204:
3202106172008260009309524:
3202106172009270009324068:
3202106172020460006014941:
3202106172025480004973386:
3202106172026030008508441:
3202106172030550009299255:
3202106172041250009276661:
3202106172045080009291061:
3202106172045180008498988:
3202106172103040008494290:
3202106172110260009288958:
3202106172113040008494924:
3202106172125070008677300:
3202106172129060009291036:
3202106172159090008503979:
3202106172159210009324637:
3202106172159250006028953:
3202106172159410008510378:
3202106172159460009340813:
3202106172159490006019317:
3202106172159510008677829:
3202106172159520005001068:
3202106172159540008714113:
3202106172159560008692032:
3202106172200260009325511:
3202106172200300008678678:
3202106172200320009277203:
3202106172200340008429633:
3202106172200430008708992:
3202106172200450008512397:
3202106172200470009246199:
3202106172200490008495468:
3202106172200510009230754:
3202106172200530008498188:
3202106172200560009322614:
3202106172200580006039497:
3202106172201000009230812:
3202106172201030009253742:
3202106172201050006020195:
3202106172201070008698315:
3202106172201090008495972:
3202106172201130008517783:
3202106172201160006022003:
3202106172201180007421690:
3202106172201200008506055:
3202106172201210009346020:
3202106172201230006022433:
3202106172201250008699273:
3202106172201280008680280:
3202106172201300008492410:
3202106172201330008499556:
3202106172201360009342940:
3202106172202170008677903:
3202106172202190006039541:
3202106172202200009286996:
3202106172202220008504091:
3202106172202240008503824:
3202106172202310008681703:
3202106172202350009354625:
3202106172202380008704360:
3202106172202430006015460:
3202106172202460008500888:
3202106172202480009234108:
3202106172202500008500888:
3202106172202540009326658:
3202106172203120008676957:
3202106172204030006024859:
3202106172204090006033902:
3202106172204540008677773:
3202106172205250009226390:
3202106172205370009300590:
3202106172205380004969010:
3202106172205410006026835:
3202106172206060004931010:
3202106172226570008494092:
4202106170737250004969304:
4202106170738220008494141:
4202106170740090008503089:
4202106170741220006015165:
4202106170743160008513100:
4202106170743180001087543:
4202106170743220007396382:
4202106170744590009349985:
4202106170746150009331044:
4202106170746270009351958:
4202106170746290009339818:
4202106170746400006036997:
4202106170746540008504234:
4202106170747160009346340:
4202106170747330009285513:
4202106170747480004969910:
4202106170747570009272601:
4202106170748100009324572:
4202106170748160009338161:
4202106170749100006033000:
4202106170749230008493092:
4202106170749290003137945:
4202106170749320009349972:
4202106170749340004936293:
4202106170749390004949949:
4202106170749570003126360:
4202106170750000008681212:
4202106170750020008501835:
4202106170750040009272187:
4202106170750140006020192:
4202106170750550009234484:
4202106170750590009273026:
4202106170751140007398203:
4202106170751210008690224:
4202106170751240000424167:
4202106170751280009324614:
4202106170751430009234249:
4202106170752240009341511:
4202106170752360006027612:
4202106170752400007401166:
4202106170752460008495426:
4202106170752480009337903:
4202106170752490008679170:
4202106170752510008500083:
4202106170752520008695597:
4202106170752540007406670:
4202106170752560008493340:
4202106170753061513653096:
4202106170753120004179293:
4202106170753230009226797:
4202106170753310007407499:
4202106170753430009351814:
4202106170753560008684967:
4202106170753580009283323:
4202106170754000009247701:
4202106170754020009252994:
4202106170754040004171887:
4202106170754070004923338:
4202106170754090009348776:
4202106170754370009226402:
4202106170754390008500493:
4202106170754410000424545:
4202106170754430009339225:
4202106170754450006035802:
4202106170754470008494427:
4202106170754490008710875:
4202106170754500006036336:
4202106170754550003116965:
4202106170754560009226821:
4202106170754580009231455:
4202106170755091513631101:
4202106170755100009311280:
4202106170755130006022158:
4202106170755160006027345:
4202106170755180004933960:
4202106170755210008499471:
4202106170755240008445656:
4202106170755310008512783:
4202106170755340009339254:
4202106170755410004973386:
4202106170755460004179142:
4202106170755550008502693:
4202106170755570009339821:
4202106170756040004163548:
4202106170756060008510188:
4202106170756080009327620:
4202106170756110009326658:
4202106170756120009277510:
4202106170756140007395586:
4202106170756220006016091:
4202106170756240009354827:
4202106170756260009295454:
4202106170756280004169060:
4202106170756321513653050:
4202106170756340006021988:
4202106170756370008511222:
4202106170756410008496149:
4202106170756430009341742:
4202106170756450009337006:
4202106170756470008683912:
4202106170756510009324118:
4202106170756540008683912:
4202106170756560009352010:
4202106170756580009253995:
4202106170757010008699709:
4202106170757030009339915:
4202106170757050008495556:
4202106170757080006013128:
4202106170757090008500142:
4202106170757110009298206:
4202106170757140006032903:
4202106170757170008499047:
4202106170757250006036994:
4202106170757280008717694:
4202106170757300009342143:
4202106170757320009250787:
4202106170757340007401131:
4202106170757380009346685:
4202106170757420006039129:
4202106170757440007402498:
4202106170757480008495972:
4202106170757500001088074:
4202106170757520008493749:
4202106170757540009342997:
4202106170757560009321481:
4202106170757590009274203:
4202106170758040008494402:
4202106170758100008499867:
4202106170758120009327564:
4202106170758170009339204:
4202106170758181513653075:
4202106170758280009280051:
4202106170758300009346181:
4202106170758320008695667:
4202106170758360009340817:
4202106170758390009246202:
4202106170758410009234486:
4202106170758420008494201:
4202106170758480009351768:
4202106170758530008506212:
4202106170758550009340816:
4202106170758580009226433:
4202106170759000009324605:
4202106170759020006039973:
4202106170759040009342984:
4202106170759050009342035:
4202106170759080009342984:
4202106170759100009342035:
4202106170759110009339837:
4202106170759200003126356:
4202106170759290009225508:
4202106170759310001083930:
4202106170759350009305260:
4202106170759370008503979:
4202106170759390006036504:
4202106170759410006028960:
4202106170759460007395601:
4202106170759580008708992:
4202106170800050007411174:
4202106170800090008515910:
4202106170800220009342142:
4202106170800280008493895:
4202106170800320008680442:
4202106170800330009290271:
4202106170800350008712381:
4202106170800370009339817:
4202106170800560009304051:
4202106170800580009246201:
4202106170801010008509836:
4202106170801030008499706:
4202106170801050008426949:
4202106170801080001077425:
4202106170801160009342982:
4202106170801470009232613:
4202106170801490007402196:
4202106170801540009226399:
4202106170801550009343432:
4202106170801570008503532:
4202106170802070009290264:
4202106170802081513627710:
4202106170803200008719239:
4202106170804450008501953:
4202106170805580009336990:
4202106170809210009303697:
4202106170857350009290471:
4202106170903160008500916:
4202106171800030008684967:
4202106171901130007406670:
4202106171901450008717694:
4202106171904080008507829:
4202106171904370002854367:
4202106171904420006036994:
4202106171904460009351814:
4202106171904490006041717:
4202106171904530009298206:
4202106171904550009339837:
4202106171904580001088074:
4202106171905070009342035:
4202106171905110008502693:
4202106171905140009326648:
4202106171905160008499706:
4202106171905240007395592:
4202106171905260009246202:
4202106171905290009327620:
4202106171905310007401131:
4202106171905360009231455:
4202106171905590008445656:
4202106171906081513631101:
4202106171906200008513100:
4202106171906390008493749:
4202106171906400001083930:
4202106171908070009273026:
4202106171908100006036336:
4202106171908490009325535:
4202106171908530009349985:
4202106171911060009254169:
4202106171912000006024741:
4202106171912040008679170:
4202106171912540006026797:
4202106171918120009254000:
4202106171918140009293535:
4202106171958270009324076:
4202106171959000009324118:
4202106171959030009346340:
4202106171959050008506912:
4202106172000010009277510:
4202106172000030008500083:
4202106172000040009277510:
4202106172000060009252994:
4202106172000080009322590:
4202106172000090009344572:
4202106172000120009246201:
4202106172000140009252994:
4202106172000160009336990:
4202106172000330008493895:
4202106172000380006033000:
4202106172001020006013128:
4202106172001040009341511:
4202106172001050004163548:
4202106172001070008695597:
4202106172001080008493340:
4202106172001100006020220:
4202106172001120008495556:
4202106172001130007395601:
4202106172001150004171887:
4202106172001160004169060:
4202106172001180007396382:
4202106172001200003126147:
4202106172001220009342982:
4202106172001240009234249:
4202106172001260008494201:
4202106172001320008695667:
4202106172001380009331044:
4202106172001390008695667:
4202106172001420003116965:
4202106172001450008710875:
4202106172001470006016090:
4202106172002060009342142:
4202106172002080008699709:
4202106172002100009341742:
4202106172003290007407499:
4202106172003380008500493:
4202106172004091513653075:
4202106172004180009272601:
4202106172004241513653050:
4202106172004370008499471:
4202106172051000008503089:
4202106172100090009349972:
4202106172100100008501953:
4202106172100120009349972:
4202106172103330009354391:
4202106172107000007418333:
4202106172107020009322602:
4202106172107040008716113:
4202106172108410009303697:
4202106172200160009342997:
4202106172200200000424167:
4202106172200220009342978:
4202106172200250008516772:
4202106172200270009346685:
4202106172200310006021988:
4202106172200390008429607:
4202106172200431513627710:
4202106172200460009354827:
4202106172200510003132772:
4202106172200530009327564:
4202106172201000004164864:
4202106172201020003132772:
4202106172201040009247701:
4202106172201060009327564:
4202106172201110006022158:
4202106172201140007407764:
4202106172201160008494964:
4202106172201250006029910:
4202106172201280008500567:
4202106172201300003916932:
4202106172201330008719239:
4202106172201360008500567:
4202106172201390006029910:
4202106172201430009342984:
4202106172201460008708560:
4202106172201560008500567:
4202106172202100008493833:
4202106172202130006019432:
4202106172202320007402498:
4202106172203470004933960:
5202106170735080009276680:
5202106170735280009339797:
5202106170735480007402194:
5202106170736110006039969:
5202106170738330006025445:
5202106170740170008508219:
5202106170742230009305457:
5202106170742570009346707:
5202106170743050004973075:
5202106170744300009340820:
5202106170744330008499208:
5202106170745030006030146:
5202106170745160008510518:
5202106170745180009324831:
5202106170745220009339273:
5202106170746470001079288:
5202106170747150006040284:
5202106170747190001079288:
5202106170747260006040284:
5202106170747380009305197:
5202106170747510008511010:
5202106170748080009324107:
5202106170748140007402523:
5202106170748560006012153:
5202106170748590003928344:
5202106170749080009306769:
5202106170749470009233710:
5202106170749490008690529:
5202106170749570008517932:
5202106170750020006032924:
5202106170750111513637915:
5202106170750130004932362:
5202106170750450008500113:
5202106170751040008493524:
5202106170751080008493750:
5202106170751110007412611:
5202106170751140009247716:
5202106170751160009236809:
5202106170751181513645885:
5202106170751240006039494:
5202106170751330009343151:
5202106170751430006021877:
5202106170751450009234467:
5202106170751470008692450:
5202106170752050008499075:
5202106170752100008515021:
5202106170752140009339839:
5202106170752190009298207:
5202106170752220009234088:
5202106170752390003137990:
5202106170752420008698279:
5202106170752460009236903:
5202106170752470009342002:
5202106170752500009351308:
5202106170752520009346376:
5202106170752550007411321:
5202106170752570008494656:
5202106170753000008687593:
5202106170753020006037287:
5202106170753070008699606:
5202106170753230004965968:
5202106170753310004950845:
5202106170753400008504180:
5202106170753590008717926:
5202106170754010008694659:
5202106170754030000424165:
5202106170754050009327416:
5202106170754070008506797:
5202106170754260009305918:
5202106170754320009346362:
5202106170754330009285983:
5202106170754400008682585:
5202106170754510008510716:
5202106170754540009351833:
5202106170754590008499509:
5202106170755020009306271:
5202106170755040008509370:
5202106170755060007398159:
5202106170755070008507561:
5202106170755090008503915:
5202106170755110009300544:
5202106170755130008491998:
5202106170755160007401654:
5202106170755240009339219:
5202106170755320008706878:
5202106170755350009230781:
5202106170755360009254229:
5202106170755390009254183:
5202106170755400008499206:
5202106170755420006022852:
5202106170755460009254207:
5202106170755530008513950:
5202106170755550009234480:
5202106170755570001108277:
5202106170755590003892332:
5202106170756000009252984:
5202106170756020009226965:
5202106170756040009351998:
5202106170756050002851479:
5202106170756140007414082:
5202106170756160008503171:
5202106170756190009326645:
5202106170756250009338814:
5202106170756270009348762:
5202106170756290008496310:
5202106170756310008717268:
5202106170756320008686064:
5202106170756340007402500:
5202106170756390009234236:
5202106170756420009352009:
5202106170756480008510090:
5202106170756500004180013:
5202106170756520009340824:
5202106170756540008697836:
5202106170756560009288270:
5202106170756570008718216:
5202106170756590008510696:
5202106170757010009344572:
5202106170757030009230795:
5202106170757050009294273:
5202106170757060008493286:
5202106170757080009341030:
5202106170757100009241934:
5202106170757130008513365:
5202106170757160009279709:
5202106170757180009280491:
5202106170757211513653531:
5202106170757260009354401:
5202106170757310006013140:
5202106170757350008497291:
5202106170757360009323985:
5202106170757400009339812:
5202106170757410006039671:
5202106170757430008519522:
5202106170757450006030118:
5202106170757470009225481:
5202106170757500009321395:
5202106170757520008676811:
5202106170757540006016275:
5202106170757560009342183:
5202106170757590009282809:
5202106170758040004984899:
5202106170758070009347607:
5202106170758100006033090:
5202106170758140003920040:
5202106170758160009296798:
5202106170758180003920040:
5202106170758200006010458:
5202106170758210007419049:
5202106170758230006029988:
5202106170758250008509806:
5202106170758270009295423:
5202106170758290008709011:
5202106170758330007413810:
5202106170758360006018005:
5202106170758410006040952:
5202106170758430009226412:
5202106170758540008512059:
5202106170758560009248283:
5202106170759050007398914:
5202106170759300006036875:
5202106170759320009225507:
5202106170759350008495037:
5202106170759400006030130:
5202106170759440009339795:
5202106170759480009342959:
5202106170800130009253842:
5202106170800160009230754:
5202106170800190006030142:
5202106170800210009225523:
5202106170800240004937357:
5202106170800310000439539:
5202106170800380008697063:
5202106170800420006028451:
5202106170800480009354001:
5202106170800500008696894:
5202106170800541513649006:
5202106170801010008516236:
5202106170801140009339803:
5202106170801180009232355:
5202106170802040007413042:
5202106170802060007410385:
5202106170802140006031525:
5202106170802300009287006:
5202106170803100008506376:
5202106170803210009321818:
5202106170803240009326612:
5202106170803270009297056:
5202106170804010008493366:
5202106170805110007410282:
5202106170805130009232651:
5202106170806450009300607:
5202106170807310006009777:
5202106170808150008500312:
5202106170812410009286880:
5202106170840470009346170:
5202106171329240009346170:
5202106171408450006032924:
5202106171702340008717926:
5202106171800200009296798:
5202106171811350008497291:
5202106171859170009226385:
5202106171859200009343149:
5202106171859330003132773:
5202106171900230008506632:
5202106171900370004937625:
5202106171902550009302534:
5202106171903170008703693:
5202106171904190009321818:
5202106171913290009285983:
5202106171914490008697063:
5202106171930490009348762:
5202106171930520004965968:
5202106171930550009323985:
5202106171930570006018005:
5202106171931000006029988:
5202106171931030008509370:
5202106171931070008718216:
5202106171931100006040284:
5202106171931120009247716:
5202106171931200009352009:
5202106171931220009225523:
5202106171931240009338814:
5202106171931280009230795:
5202106171931300008507561:
5202106171931330007411321:
5202106171931360008510518:
5202106171931380009282809:
5202106171931410002851479:
5202106171931440008494564:
5202106171931470009305918:
5202106171931510007398159:
5202106171931540003928344:
5202106171931560007401654:
5202106171932000008499208:
5202106171932020009330833:
5202106171932040009324831:
5202106171932060009226965:
5202106171932090009339812:
5202106171932100007402500:
5202106171936130004945898:
5202106171959120008499509:
5202106171959330008694944:
5202106172000220008698795:
5202106172000280006026834:
5202106172000300007398172:
5202106172000370006033720:
5202106172001080009326650:
5202106172002240002851799:
5202106172002310007415195:
5202106172003130009300544:
5202106172005160008510696:
5202106172005460009339828:
5202106172005510009293911:
5202106172005520008708048:
5202106172006330008508352:
5202106172007080008497657:
5202106172009340009232651:
5202106172010570008515578:
5202106172012420009232651:
5202106172023430006016277:
5202106172049020008500378:
5202106172102130008686680:
5202106172104120009230795:
5202106172107330004937356:
5202106172109150009253846:
5202106172113110009343364:
5202106172116170006022855:
5202106172126460008677300:
5202106172155270009287006:
5202106172158590008692560:
5202106172159220006027609:
5202106172200030007411536:
5202106172200070006015163:
5202106172200090006010458:
5202106172200110008497935:
5202106172200120008508290:
5202106172200140008517815:
5202106172200160009253988:
5202106172200190008501833:
5202106172200270009286616:
5202106172200300008494656:
5202106172200330008706878:
5202106172200350009326645:
5202106172200370004180013:
5202106172200390006030142:
5202106172200410009276680:
5202106172200430009236903:
5202106172200450006040952:
5202106172200480006037287:
5202106172200500006022159:
5202106172200520006030146:
5202106172200540009324107:
5202106172200570008682585:
5202106172200580008515021:
5202106172201000003137990:
5202106172201020003892332:
5202106172201040008493524:
5202106172201060004930355:
5202106172201090009236809:
5202106172201110009232187:
5202106172201130009306769:
5202106172201140008678678:
5202106172201160007421209:
5202106172201190009306769:
5202106172201210008491998:
5202106172201230009231410:
5202106172201240008513950:
5202106172201260008709954:
5202106172201280009288270:
5202106172201290001108277:
5202106172201310008513950:
5202106172201340009327616:
5202106172201370008687593:
5202106172201380009234088:
5202106172201400001077087:
5202106172201410008493750:
5202106172201430009310954:
5202106172201450008699606:
5202106172201460000424165:
5202106172201480009310954:
5202106172201500009340820:
5202106172201510009327416:
5202106172201530009234467:
5202106172201540006030130:
5202106172201560004951445:
5202106172201570006041715:
5202106172201590009351833:
5202106172202000009346362:
5202106172202020007407739:
5202106172202040009306271:
5202106172202060008504180:
5202106172202070007413810:
5202106172202100008680789:
5202106172202130009279709:
5202106172202160009339797:
5202106172202190009347607:
5202106172202200009346707:
5202106172202230008510716:
5202106172202240009339794:
5202106172202260009234236:
5202106172202280008516236:
5202106172202300006039969:
5202106172202320008503171:
5202106172202330009305457:
5202106172202370009234480:
5202106172202400008493366:
5202106172202420006033090:
5202106172202450008499075:
5202106172202470006012153:
5202106172202500004973075:
5202106172202530004932362:
5202106172203010009226412:
5202106172203030004950845:
5202106172203060009351308:
5202106172203080009295423:
5202106172203110007422441:
5202106172203140004947668:
5202106172203190009354401:
5202106172203210009225481:
5202106172203230006025445:
5202106172203260004947668:
5202106172203290004972145:
5202106172203361513649006:
5202106172203380009232355:
5202106172203450004972145:
5202106172203470004947668:
5202106172203540006039494:
5202106172203580004947668:
5202106172204000004972145:
5202106172204080009286880:
5202106172204190004972145:
5202106172204280009339524:
5202106172204330009232378:
5202106172207201513637915:
5202106172207220008692450:
5202106172209550007401654:
5202106172209590004940674:
5202106172210040009339795:
5202106172210060004940674:
5202106172210090009340824:
5202106172210370004950546:
5202106172210400008517932:
5202106172210430008509806:
5202106172210460008697836:
5202106172210520008509806:
5202106172211000008701083:
5202106172211060009248283:
5202106172211090006013140:
5202106172211140009248283:
5202106172211550004951145:
5202106172212020009290365:
5202106172212060004951145:
5202106172212190001083110:
5202106172212230009225507:
5202106172212250008496310:
5202106172212260008694659:
5202106172212280009321395:
5202106172212290008496310:
5202106172212310008691017:
5202106172212330006016275:
5202106172212360009341030:
5202106172212410009354001:
5202106172213000008519522:
5202106172213010003920040:
5202106172213060008519522:
5202106172213080003920040:
5202106172213320009326612:
5202106172213380007414082:
5202106172213410004984899:
5202106172213430006021877:
5202106172213450006040283:
5202106172213490009280491:
5202106172215210008500312:
5202106172215270008503915:
5202106172218380008709011:
5202106172221040008503532:
5202106172223150006009777:
5202106172229500009281814:
5202106172229540007410282:
5202106172229560009297056:
5202106172236440009304051:
5202106172242471513653531:
5202106172242500009233710:
5202106172244090008686064:
5202106172251070009241934:
5202106172251110009225494:
5202106172251120006031525:
5202106172254080009339824:
5202106172256150008500113:
5202106172300360007413042:
5202106172301010004937357:
5202106172301050009226826:
5202106172301070006030118:
5202106172301100009346376:
5202106172301130009253842:
5202106172301170009339273:
5202106172301180006036875:
5202106172301210007422376:
5202106172301220009300607:
5202106172302480008511010:
5202106172303380009230785:
5202106172303460009225495:
5202106172303480008495616:
5202106172303500009298207:
5202106172303520001079288:
5202106172303540009339219:
5202106172303570008676811:
5202106172304040008497795:
5202106172304050006022852:
5202106172304070008493286:
5202106172304090008506797:
5202106172304150009254229:
5202106172304260009342002:
5202106172304290008690529:
5202106172304340008696894:
5202106172304370000439539:
5202106172304390009342959:
5202106172304410008510090:
5202106172304440009342183:
5202106172305010009294273:
5202106172305120007421212:
5202106172305310006036993:
5202106172305360008709393:
5202106172309450007410385:
5202106172314130006036321:
5202106172356270008494333:
5202106172356310007402523:
5202106172356330008512059:
5202106172356340009254183:
5202106172356390007398914:
6202106170727050009232186:
6202106170727100007405149:
6202106170728030009326438:
6202106170731550009230790:
6202106170732180009348566:
6202106170734120009294513:
6202106170735050009285700:
6202106170735400008692290:
6202106170735460006039493:
6202106170736270006039674:
6202106170738010008503824:
6202106170738220008517056:
6202106170738410008492636:
6202106170739250009324076:
6202106170740170009252946:
6202106170740230009287614:
6202106170740410008495365:
6202106170742360008509407:
6202106170742590009301802:
6202106170743050009339274:
6202106170744320008698121:
6202106170744350009234108:
6202106170744420008710216:
6202106170744460008499556:
6202106170744520008501833:
6202106170744580008507639:
6202106170745000004166400:
6202106170745030009283693:
6202106170745050009247696:
6202106170745060009283693:
6202106170745090006037015:
6202106170745130009226816:
6202106170745160008716113:
6202106170745260006014943:
6202106170745310004930576:
6202106170746140009272184:
6202106170746250008509948:
6202106170746340009300413:
6202106170746350007411542:
6202106170746400006015163:
6202106170746440008492622:
6202106170747250008712785:
6202106170747320008718055:
6202106170747380008712416:
6202106170747530009305197:
6202106170748100008683421:
6202106170748120009226426:
6202106170748160009288870:
6202106170748190009298019:
6202106170748220006042240:
6202106170748240009236868:
6202106170748260009292442:
6202106170748310008503303:
6202106170748500008502735:
6202106170749030008500109:
6202106170749060009253739:
6202106170749110006025823:
6202106170749130009241075:
6202106170749250008716625:
6202106170749270009330829:
6202106170749310008716625:
6202106170749350004936823:
6202106170749410009286387:
6202106170749460008517815:
6202106170749540008503515:
6202106170750070002851459:
6202106170750130009298223:
6202106170750150008493676:
6202106170750160006039497:
6202106170750190006038306:
6202106170750200009307131:
6202106170750220008512859:
6202106170750240008498971:
6202106170750280006028762:
6202106170750300004972764:
6202106170750340006039510:
6202106170750390008505663:
6202106170750410008683630:
6202106170750430006028762:
6202106170750480006040360:
6202106170750520006016252:
6202106170751010008689944:
6202106170751140006030484:
6202106170751220008711249:
6202106170751260008711445:
6202106170751290007412611:
6202106170751310008689537:
6202106170751380008714113:
6202106170751410004931450:
6202106170751540009346367:
6202106170751580006027609:
6202106170752050007422441:
6202106170752150000431430:
6202106170752200009305547:
6202106170752230009281874:
6202106170752260006028799:
6202106170752280008492410:
6202106170752300009326626:
6202106170752320009335539:
6202106170752350006026797:
6202106170752380009226959:
6202106170752410008508290:
6202106170752440009348543:
6202106170752460009326650:
6202106170752500009326609:
6202106170752540006031532:
6202106170752560009324629:
6202106170752580007404782:
6202106170753020008501795:
6202106170753040006027344:
6202106170753070008492480:
6202106170753090001083945:
6202106170753110009327616:
6202106170753130009353030:
6202106170753150009339195:
6202106170753160009282830:
6202106170753180000424007:
6202106170753200007404952:
6202106170753210008693892:
6202106170753230009226393:
6202106170753250008511510:
6202106170753270009274874:
6202106170753290008492776:
6202106170753310008508521:
6202106170753330008692032:
6202106170753360004931229:
6202106170753430009226385:
6202106170753470009326600:
6202106170753490008497699:
6202106170753540009233704:
6202106170754000009278808:
6202106170754070008515502:
6202106170754090008500888:
6202106170754130004932608:
6202106170754160006023662:
6202106170754200006029910:
6202106170754220008516772:
6202106170754270006030482:
6202106170754410009324879:
6202106170754430006028757:
6202106170754460006039974:
6202106170754480009283164:
6202106170754510009324068:
6202106170754540009285983:
6202106170754560008497774:
6202106170754590009339792:
6202106170755010008510316:
6202106170755040006039337:
6202106170755070008443266:
6202106170755090009254908:
6202106170755110001087528:
6202106170755140008498021:
6202106170755150008708003:
6202106170755170001114611:
6202106170755210007417231:
6202106170755230003137966:
6202106170755250009354460:
6202106170755270003132773:
6202106170755290009343592:
6202106170755300008690234:
6202106170755320004045200:
6202106170755330004937088:
6202106170755350008680280:
6202106170755360009325535:
6202106170755380008494613:
6202106170755400009342998:
6202106170755420009343593:
6202106170755440006037924:
6202106170755460007411536:
6202106170755480009343174:
6202106170755490009232631:
6202106170755531513626317:
6202106170755560008496367:
6202106170755570003916932:
6202106170755590008431645:
6202106170756020008500401:
6202106170756041513643510:
6202106170756060009286616:
6202106170756080008494924:
6202106170756100009230815:
6202106170756110008681703:
6202106170756130006030480:
6202106170756150008501482:
6202106170756160008517323:
6202106170756180003892332:
6202106170756190003126147:
6202106170756210004966592:
6202106170756230008506055:
6202106170756241513409863:
6202106170756260009278607:
6202106170756290007421735:
6202106170756300009342978:
6202106170756320008502189:
6202106170756340009348542:
6202106170756360009272020:
6202106170756370009348376:
6202106170756390008506074:
6202106170756400006040154:
6202106170756420009254212:
6202106170756430009354581:
6202106170756450006039130:
6202106170756470009351830:
6202106170756490002851443:
6202106170756510008698315:
6202106170756530001122577:
6202106170756560001096293:
6202106170756580004969598:
6202106170757000009254002:
6202106170757020008513144:
6202106170757030008512397:
6202106170757050009230812:
6202106170757060008516213:
6202106170757080009348603:
6202106170757090008501942:
6202106170757110008707911:
6202106170757120009230793:
6202106170757140008515734:
6202106170757150008512035:
6202106170757170006024122:
6202106170757180006016276:
6202106170757200008497935:
6202106170757220009226394:
6202106170757240008491901:
6202106170757250006015460:
6202106170757270007404980:
6202106170757310009339802:
6202106170757330008513365:
6202106170757340008518128:
6202106170757360009324085:
6202106170757380007398172:
6202106170757400009232629:
6202106170757420006016090:
6202106170757430009279704:
6202106170757450002854367:
6202106170757460009325511:
6202106170757470009234486:
6202106170757490004931897:
6202106170757500008508757:
6202106170757520009292116:
6202106170757540009247694:
6202106170757550006018006:
6202106170757570009354391:
6202106170758000008715034:
6202106170758020008693920:
6202106170758040008709488:
6202106170758050004930793:
6202106170758070000439530:
6202106170758100009253861:
6202106170758120009292077:
6202106170758140009342981:
6202106170758160008699992:
6202106170758170006017488:
6202106170758200008677829:
6202106170758220004046800:
6202106170758230009354349:
6202106170758250009273013:
6202106170758270009308083:
6202106170758290009288958:
6202106170758310007419034:
6202106170758340006039506:
6202106170758350009324574:
6202106170758370008493833:
6202106170758380009240533:
6202106170758400006010458:
6202106170758410009279481:
6202106170758430008499805:
6202106170758460007406867:
6202106170758480006022003:
6202106170758490007421253:
6202106170758510004935767:
6202106170758530009231410:
6202106170758550006032030:
6202106170758560009288913:
6202106170758580009293895:
6202106170759000009339144:
6202106170759010009231410:
6202106170759030009226447:
6202106170759040004988026:
6202106170759060008686117:
6202106170759100000424146:
6202106170759120009285701:
6202106170759130009288913:
6202106170759150000431385:
6202106170759170008686117:
6202106170759180009324138:
6202106170759200009354825:
6202106170759210009342034:
6202106170759230008695905:
6202106170759250004987436:
6202106170759280004988026:
6202106170759300008713928:
6202106170759310006022159:
6202106170759330008507829:
6202106170759340008685403:
6202106170759360004178213:
6202106170759370007421209:
6202106170759390009311591:
6202106170759410003918790:
6202106170759420009232653:
6202106170759440008500597:
6202106170759450008493565:
6202106170759470006042274:
6202106170759480006026834:
6202106170759500004987436:
6202106170759510009291382:
6202106170759530006026834:
6202106170759540002851460:
6202106170759550009280630:
6202106170759570009283932:
6202106170759580006020195:
6202106170800010009231473:
6202106170800030009343383:
6202106170800050006033720:
6202106170800060009343383:
6202106170800080008511515:
6202106170800090009278862:
6202106170800110008499792:
6202106170800120008502759:
6202106170800150009230749:
6202106170800160006017496:
6202106170800180006028797:
6202106170800210008500889:
6202106170800230004937089:
6202106170800250001077087:
6202106170800270007395627:
6202106170800290006025807:
6202106170800300007421743:
6202106170800320009281193:
6202106170800340009340450:
6202106170800360009322590:
6202106170800380006019432:
6202106170800400004950247:
6202106170800420004971518:
6202106170800440009337945:
6202106170800450008704914:
6202106170800470006039972:
6202106170800490008499149:
6202106170800510004936557:
6202106170800540009346327:
6202106170800560003137754:
6202106170800580009348748:
6202106170801000008696238:
6202106170801030009354582:
6202106170801050009309504:
6202106170801070009342940:
6202106170801080008503532:
6202106170801100009340801:
6202106170801110006021994:
6202106170801130009352016:
6202106170801140009324606:
6202106170801160009287411:
6202106170801170009310954:
6202106170801190008505932:
6202106170801220001089614:
6202106170801230009282645:
6202106170801270008515578:
6202106170801280009326648:
6202106170801300009253742:
6202106170801320009254169:
6202106170801430006035813:
6202106170801450003137963:
6202106170801460009282114:
6202106170801520008499458:
6202106170801550009342954:
6202106170802010009299920:
6202106170802090009233737:
6202106170802210006022160:
6202106170802230006025806:
6202106170802270008719239:
6202106170802300006036876:
6202106170802360009226817:
6202106170802420004966904:
6202106170803070007402467:
6202106170803100008515848:
6202106170803220006021991:
6202106170803240008698795:
6202106170803270008500567:
6202106170803290006016277:
6202106170803320009346020:
6202106170803340008508589:
6202106170803400004969682:
6202106170803490006024741:
6202106170803510008494964:
6202106170803530007409900:
6202106170803590008677300:
6202106170804040009296138:
6202106170804130004951746:
6202106170805020008508352:
6202106170805200009343567:
6202106170805500009253988:
6202106170805530009231452:
6202106170806510009253846:
6202106170807370009289323:
6202106170808470009226429:
6202106170808570007407764:
6202106170817040006030145:
6202106170848120008510378:
6202106171022400006022420:
6202106171033450009279594:
6202106171713200004969598:
6202106171715240008496969:
6202106171800010009324085:
6202106171800040007417231:
6202106171801390006032999:
6202106171857110008493028:
6202106171858560008713719:
6202106171859000009226385:
6202106171859020008692117:
6202106171859040000439530:
6202106171859060009343149:
6202106171859070003132773:
6202106171859090009354349:
6202106171859100001077421:
6202106171859120009324574:
6202106171859370009273013:
6202106171859490009331842:
6202106171859540009352016:
6202106171900020008445992:
6202106171900040009293228:
6202106171900060009324606:
6202106171900100009272184:
6202106171900120009226433:
6202106171900130006030145:
6202106171900150004937625:
6202106171900160009306586:
6202106171900190008710216:
6202106171900320008497774:
6202106171900350009309829:
6202106171900370007402205:
6202106171900390009336959:
6202106171900420006018008:
6202106171900500008518703:
6202106171901050000424007:
6202106171901120009339195:
6202106171901140009326609:
6202106171901150009353030:
6202106171902330006023085:
6202106171903290006042240:
6202106171904150001096293:
6202106171904510009232350:
6202106171905210009226816:
6202106171906310004931897:
6202106171906430004966904:
6202106171908380009324138:
6202106171909440009234248:
6202106171909560008689537:
6202106171909580008503303:
6202106171910050008711445:
6202106171910120009291382:
6202106171910460009226393:
6202106171911020009343383:
6202106171911050009300413:
6202106171911400003137966:
6202106171911430009300413:
6202106171911470008517056:
6202106171911550002851460:
6202106171911580009343567:
6202106171912050002851460:
6202106171912310004951746:
6202106171912330006021994:
6202106171912430008692290:
6202106171912451513653096:
6202106171912480006038306:
6202106171912540009285701:
6202106171913010009274203:
6202106171913040006025806:
6202106171913100009285983:
6202106171913130009299920:
6202106171913190009283164:
6202106171913280006017488:
6202106171913310009283164:
6202106171913350009348566:
6202106171913390004947077:
6202106171913460004971518:
6202106171914130007411174:
6202106171914180009283931:
6202106171914220009232186:
6202106171914250004971518:
6202106171914270007404782:
6202106171914310009305260:
6202106171914430004971518:
6202106171915090004987436:
6202106171915340006025823:
6202106171915380006032903:
6202106171920400008491901:
6202106171921080009279704:
6202106171921400009309504:
6202106171921460008502735:
6202106171956560009305547:
6202106171957100009351768:
6202106171958130009292077:
6202106171959070006022420:
6202106171959110006040154:
6202106171959130009348376:
6202106171959490008508757:
6202106171959570006040154:
6202106172000010008506074:
6202106172000030008698795:
6202106172000040009348376:
6202106172000060009343593:
6202106172000080006026834:
6202106172000090009339792:
6202106172000110006033720:
6202106172000130006039506:
6202106172000140007404952:
6202106172000150008497699:
6202106172000170003126383:
6202106172000190009230793:
6202106172000200008712785:
6202106172000220008502759:
6202106172000240009226394:
6202106172000250008680900:
6202106172000270004931450:
6202106172000310008499792:
6202106172000320008517323:
6202106172000330004931450:
6202106172000350008499792:
6202106172000360004935767:
6202106172000380006023662:
6202106172000400009233697:
6202106172000410008500889:
6202106172000430009337006:
6202106172000440009300618:
6202106172000470007402467:
6202106172000490008716625:
6202106172000500004936557:
6202106172000530008502189:
6202106172000580009351830:
6202106172001000009274446:
6202106172001080009230749:
6202106172001100008689944:
6202106172001140008702698:
6202106172001160009230749:
6202106172001180006039129:
6202106172001220008509948:
6202106172001230009323446:
6202106172001250009340470:
6202106172001370009338161:
6202106172001390008689944:
6202106172001410006028799:
6202106172001430008498021:
6202106172001560008508521:
6202106172001570008518128:
6202106172002210008511510:
6202106172002330008503515:
6202106172002410006033000:
6202106172002510009339144:
6202106172003070003137754:
6202106172003080008695905:
6202106172003130009351758:
6202106172003210008506766:
6202106172003370009252946:
6202106172003560009301802:
6202106172004110008498971:
6202106172004490008507639:
6202106172004530004931229:
6202106172005330000431430:
6202106172006150008508352:
6202106172006170009278862:
6202106172012111513643510:
6202106172012350007395627:
6202106172016330006039130:
6202106172017430008492622:
6202106172023200009226429:
6202106172027550009293895:
6202106172031430009232629:
6202106172033200009298223:
6202106172034310008491948:
6202106172038550004179142:
6202106172038580009241075:
6202106172040520006039998:
6202106172045380007405149:
6202106172049030009348542:
6202106172051070008500401:
6202106172101080006039972:
6202106172101100009339274:
6202106172101180008686680:
6202106172107080004937356:
6202106172110290009349952:
6202106172112210004930576:
6202106172136340006028797:
6202106172143190009346063:
6202106172143230009254002:
6202106172144430009305197:
6202106172145260009231452:
6202106172157030006036876:
6202106172157090009292442:
6202106172158340008692560:
6202106172158350008696238:
6202106172159040008492636:
6202106172159060006031532:
6202106172159080009232631:
6202106172159100009280630:
6202106172159110008501942:
6202106172159130006028762:
6202106172159150008510316:
6202106172159170008499149:
6202106172159180009283693:
6202106172159210006037015:
6202106172159230009283693:
6202106172159260006027344:
6202106172159270009278808:
6202106172159290009307131:
6202106172159310009226447:
6202106172159330006042274:
6202106172159360006039674:
6202106172159390006035813:
6202106172159430008431645:
6202106172159460008517815:
6202106172159480009324637:
6202106172159490008500109:
6202106172159510009230790:
6202106172159540008501833:
6202106172159560008508290:
6202106172200000006032030:
6202106172200020009288870:
6202106172200040007419034:
6202106172200050009282114:
6202106172200070006028757:
6202106172200080004178213:
6202106172200100008494613:
6202106172200110009254908:
6202106172200130004930793:
6202106172200140008501795:
6202106172200160004966592:
6202106172200170008515734:
6202106172200190004936823:
6202106172200210004166400:
6202106172200230008443266:
6202106172200240008515734:
6202106172200260007411542:
6202106172200280008683421:
6202106172200290009226426:
6202106172200310006022159:
6202106172200330006022160:
6202106172200340008493565:
6202106172200360008492776:
6202106172200380003892332:
6202106172200400007401166:
6202106172200420009325511:
6202106172200430009231473:
6202106172200450006016276:
6202106172200470009288913:
6202106172200480008511515:
6202106172200500009287614:
6202106172200540009231410:
6202106172200560008501942:
6202106172200580009287614:
6202106172200590009231410:
6202106172201000006016276:
6202106172201020009348543:
6202106172201030008704914:
6202106172201050001083945:
6202106172201060008512859:
6202106172201080009311591:
6202106172201100001122577:
6202106172201120004988026:
6202106172201130009298019:
6202106172201190009286387:
6202106172201210006025807:
6202106172201220006028451:
6202106172201240009233704:
6202106172201260008492480:
6202106172201270006016252:
6202106172201290009240533:
6202106172201300007419049:
6202106172201320006014993:
6202106172201360007406867:
6202106172201370009247696:
6202106172201390006040360:
6202106172201400006014993:
6202106172201420008496367:
6202106172201430008513365:
6202106172201450006037924:
6202106172201470008513733:
6202106172201480008500597:
6202106172201500009354582:
6202106172201510008517783:
6202106172201530009232653:
6202106172201540001114611:
6202106172201560008680280:
6202106172201570009254207:
6202106172201590004950247:
6202106172202000006030482:
6202106172202020008499556:
6202106172202030009232653:
6202106172202050007422441:
6202106172202070009292116:
6202106172202080009346033:
6202106172202100009281193:
6202106172202110009247694:
6202106172202200007421743:
6202106172202220009281193:
6202106172202260009247694:
6202106172202310009335539:
6202106172202360007421743:
6202106172202390009281193:
6202106172202410009247694:
6202106172202450004972764:
6202106172202470004937088:
6202106172202490004969682:
6202106172202510007409900:
6202106172202530004969682:
6202106172202550008715034:
6202106172202570008495365:
6202106172202580008513144:
6202106172203000009285700:
6202106172203020008501482:
6202106172203030008512035:
6202106172203050008499805:
6202106172203070009234108:
6202106172203090006015460:
6202106172203100006021991:
6202106172203120008500567:
6202106172203140009226817:
6202106172203170006024122:
6202106172203190009226959:
6202106172203200007412611:
6202106172203230004937089:
6202106172203260001087528:
6202106172203281513409863:
6202106172203300008493676:
6202106172203320006039510:
6202106172203350008516213:
6202106172203370008715034:
6202106172203390009233737:
6202106172203410007398203:
6202106172203440006019315:
6202106172203480009296138:
6202106172204520004046800:
6202106172204550006039337:
6202106172205030006022420:
6202106172205370004028003:
6202106172205440006041103:
6202106172206420006016277:
6202106172208250006017496:
6202106172223100007404980:
6202106172223120007395586:
6202106172223140007404980:
6202106172223190007395586:
6202106172234300006022420:
6202106172234330008504041:
6202106172234380008500916:
6202106172234410008494092:
8202106170740280008503089:
8202106170741001513631613:
8202106170743370001087543:
8202106170743440007396382:
8202106170743520008513100:
8202106170744050008511681:
8202106170747190009339834:
8202106170747540004969910:
8202106170749370006033000:
8202106170749550003137945:
8202106170750500008500626:
8202106170750550009273291:
8202106170751360008512375:
8202106170752060009234249:
8202106170752490009341511:
8202106170753080008679170:
8202106170753140007406670:
8202106170753160008493340:
8202106170753540007407499:
8202106170754300004171887:
8202106170754330009296645:
8202106170754510008708560:
8202106170754590008500493:
8202106170755100008710875:
8202106170755140006036336:
8202106170755370009311280:
8202106170755440008499471:
8202106170755460008445656:
8202106170755510006037029:
8202106170755530008512783:
8202106170756240006041875:
8202106170756290009339821:
8202106170756320009327620:
8202106170756561513653050:
8202106170757110008496149:
8202106170757160008683912:
8202106170758040009346685:
8202106170758140008493749:
8202106170759120009340816:
8202106170759190009226433:
8202106170759300009339837:
8202106170759320009342035:
8202106170759370009342984:
8202106170800130007395601:
8202106170800540008506912:
8202106170801380008509836:
8202106170801420008498988:
8202106170801590008499706:
8202106170804030009346364:
8202106170806070008495161:
8202106170847250007406683:
8202106171636480008690224:
8202106171701300008426949:
8202106171702100009339225:
8202106171702150008509836:
8202106171705220006020192:
8202106171800060009324605:
8202106171801100006036997:
8202106171900490009282645:
8202106171900520007406670:
8202106171902060009337945:
8202106171903240009343174:
8202106171903260009342034:
8202106171903270009346367:
8202106171903320009232350:
8202106171903340009346367:
8202106171903360009348603:
8202106171903370009339817:
8202106171903400009351958:
8202106171903420008507829:
8202106171903500009232350:
8202106171903550008514966:
8202106171904070009339818:
8202106171904100002851443:
8202106171904140001077425:
8202106171904220006039973:
8202106171904240006041717:
8202106171904250009351814:
8202106171904270009343592:
8202106171904280006041717:
8202106171904310009298206:
8202106171904350001088074:
8202106171904370009298206:
8202106171904380009226402:
8202106171904400008495426:
8202106171904410003137945:
8202106171904430009326648:
8202106171904470008499706:
8202106171904490009342035:
8202106171904500009246202:
8202106171904520009326648:
8202106171904540008499706:
8202106171904560008504736:
8202106171904580007395592:
8202106171905000009225508:
8202106171905020009327620:
8202106171905030004969910:
8202106171905080009231455:
8202106171905110008510188:
8202106171905170008500142:
8202106171905190008445656:
8202106171905300009340816:
8202106171905390009342143:
8202106171905420004923338:
8202106171905470001087543:
8202106171905490007421735:
8202106171905520008513100:
8202106171905520009295454:
8202106171905560009253995:
8202106171906010008493749:
8202106171906050001083930:
8202106171906060006016091:
8202106171906080009283323:
8202106171906150008499867:
8202106171906170008680442:
8202106171906250009296645:
8202106171906280009337903:
8202106171906300009296645:
8202106171906340009250787:
8202106171906360006027612:
8202106171906390009337903:
8202106171906460003126356:
8202106171906500006027345:
8202106171907110004179293:
8202106171907230008511681:
8202106171907251513631613:
8202106171907320008515848:
8202106171907440006036336:
8202106171907510004969304:
8202106171908330008496149:
8202106171908380009321481:
8202106171909170008512783:
8202106171909470009311280:
8202106171910330009254169:
8202106171910370008493092:
8202106171910390008499047:
8202106171911390006024741:
8202106171911410008679170:
8202106171911560009253739:
8202106171912120008697764:
8202106171912250006023666:
8202106171915390009290264:
8202106171917560006014349:
8202106171918450009234484:
8202106171921090008499458:
8202106171959000009277510:
8202106171959050009346364:
8202106171959090008708048:
8202106171959320009322590:
8202106172000010004949949:
8202106172000030009340817:
8202106172000040009272187:
8202106172000060008494402:
8202106172000080006033000:
8202106172000110008493895:
8202106172000150009342981:
8202106172000270009341511:
8202106172000290008501835:
8202106172000360004163548:
8202106172000390006013128:
8202106172000410008495556:
8202106172000430007395601:
8202106172000440003126147:
8202106172000460004169060:
8202106172000480008493340:
8202106172000490004171887:
8202106172000510007396382:
8202106172000530009273291:
8202106172000540009234249:
8202106172000570006041088:
8202106172000590008494201:
8202106172001010009290271:
8202106172001020009326600:
8202106172001040009331044:
8202106172001130007402196:
8202106172001150004045200:
8202106172001160009324614:
8202106172001180008683912:
8202106172001240009339915:
8202106172001250008710875:
8202106172001280009324572:
8202106172001290009352010:
8202106172001340000424545:
8202106172001370008500626:
8202106172001400003126360:
8202106172002070009348776:
8202106172002120009339834:
8202106172002490009226821:
8202106172003020007407499:
8202106172003100009226797:
8202106172003130008500493:
8202106172003210009232613:
8202106172003260008511222:
8202106172003280009232613:
8202106172003510008504234:
8202106172003550006028960:
8202106172003580006036504:
8202106172004031513653050:
8202106172004160008499471:
8202106172005410008712416:
8202106172006240008512375:
8202106172006260006037029:
8202106172010160006041875:
8202106172019110009343432:
8202106172023060009226399:
8202106172050320008503089:
8202106172103040009354391:
8202106172106390007418333:
8202106172106430009322602:
8202106172106470008716113:
8202106172106550009253846:
8202106172159470002851485:
8202106172159530000424167:
8202106172200020009342978:
8202106172200040009346685:
8202106172200070006039974:
8202106172200090006021988:
8202106172200100009346181:
8202106172200140004936293:
8202106172200160008515910:
8202106172200300009247701:
8202106172200320004164864:
8202106172200350008500567:
8202106172200440009339821:
8202106172200580008719239:
8202106172201040008708560:
8202106172201110009339204:
8202106172201180009342984:
8202106172201380000431385:
8202106172201460006019432:
