2202106140000010008709393:
2202106140000030009339794:
2202106140000050008676811:
2202106140000070008497795:
2202106140000080006031525:
2202106140000100007421212:
2202106140000120008690529:
2202106140000140008512216:
2202106140000150009352009:
2202106140000190001108277:
2202106140000210009340824:
2202106140000220008698279:
2202106140000250009339524:
2202106140000260008510518:
2202106140000280008511010:
2202106140000290009230795:
2202106140000320009339524:
2202106140000340009230795:
2202106140000360008692450:
2202106140000380008690941:
2202106140000400001083110:
2202106140000450009330833:
2202106140000470008680789:
2202106140000490008491998:
2202106140000500009347607:
2202106140000520009296798:
2202106140000540008496310:
2202106140000550008494333:
2202106140000560006021877:
2202106140000580006016275:
2202106140001020000424165:
2202106140001040008491998:
2202106140001050009324604:
2202106140001060008494333:
2202106140001080009346362:
2202106140001090006016275:
2202106140001110008517932:
2202106140001130008516236:
2202106140001150009347607:
2202106140001170008499075:
2202106140001200008701083:
2202106140001210007413810:
2202106140001230008508219:
2202106140001240009321334:
2202106140001260007398914:
2202106140001270009295615:
2202106140001290008701083:
2202106140001300006039969:
2202106140001320008697836:
2202106140001340009232378:
2202106140001350006039969:
2202106140001370009253997:
2202106140001380009321395:
2202106140001400001079288:
2202106140001410009225495:
2202106140001430007402194:
2202106140001440009351833:
2202106140001460008495616:
2202106140001480008699606:
2202106140001490007407739:
2202106140001510003920040:
2202106140001520008497463:
2202106140001540003920040:
2202106140001550008504180:
2202106140001570009232378:
2202106140001590009248283:
2202106140002010009354001:
2202106140002030009252984:
2202106140002060007401654:
2202106140002090008503915:
2202106140002110008504180:
2202106140002210009230781:
2202106140002230009339839:
2202106140002250008504180:
2202106140002270009226965:
2202106140002280006030142:
2202106140002310009351308:
2202106140002330007402500:
2202106140002450009324107:
2202106140002470008493750:
2202106140002510008706494:
2202106140002530009323985:
2202106140002570009348762:
2202106140002580009234480:
2202106140003040009341030:
2202106140003060006037287:
2202106140003090008500184:
2202106140003281513649006:
2202106140003430007414082:
2202106140003470009294273:
2202106140010100006036321:
2202106140010200008500113:
2202106140706400006042873:
2202106140727080006039998:
2202106140734570004028003:
2202106140736390006026835:
2202106140736460009300590:
2202106140739210008506907:
2202106140739250008698044:
2202106140739320006040161:
2202106140739550009307295:
2202106140741120008500956:
2202106140741150001079879:
2202106140741180008515447:
2202106140741500008681883:
2202106140741530006041088:
2202106140742580009297569:
2202106140743300009288638:
2202106140745460006030135:
2202106140748120009343364:
2202106140748410008503198:
2202106140749000008686663:
2202106140749040009275335:
2202106140749150008680743:
2202106140749220006019430:
2202106140749240009287011:
2202106140749260008692587:
2202106140749270009248259:
2202106140749290008504041:
2202106140749380002851478:
2202106140749490006021877:
2202106140749520006025812:
2202106140749570009349952:
2202106140750331513646659:
2202106140750540009314286:
2202106140751030009254926:
2202106140751050008497657:
2202106140751230009252984:
2202106140751340009286624:
2202106140751410009281753:
2202106140751510002851465:
2202106140751550009340483:
2202106140752020006021875:
2202106140752210006022439:
2202106140752230009276908:
2202106140752260009291663:
2202106140752290008439606:
2202106140752300006036505:
2202106140752330009326618:
2202106140752360007415195:
2202106140752380009322682:
2202106140752420008501741:
2202106140752510008494564:
2202106140752540008501741:
2202106140753160008504258:
2202106140753190009272184:
2202106140753400009323985:
2202106140753490009346063:
2202106140753540008678354:
2202106140753590006036993:
2202106140754020009272184:
2202106140754060008716113:
2202106140754090009226826:
2202106140754110006016275:
2202106140754180009314167:
2202106140754200008702320:
2202106140754310008709393:
2202106140754360007414082:
2202106140754441513628688:
2202106140754580008514157:
2202106140755050009234089:
2202106140755080008709369:
2202106140755180000431412:
2202106140755230008492705:
2202106140755250009300596:
2202106140755280006751664:
2202106140755300009339812:
2202106140755310009277203:
2202106140755330009253997:
2202106140755360008492684:
2202106140755390006029990:
2202106140755410009342183:
2202106140755440009346038:
2202106140755590009297664:
2202106140756010009341030:
2202106140756030009236810:
2202106140756320008690794:
2202106140756360006033001:
2202106140756380007398914:
2202106140756400008701527:
2202106140756420009313676:
2202106140756450008707832:
2202106140756480009313676:
2202106140756570009279709:
2202106140757010008701083:
2202106140757200008680789:
2202106140757400009342035:
2202106140757420009232378:
2202106140757440008694944:
2202106140757520008515081:
2202106140757560007396360:
2202106140758000008695140:
2202106140758020007396360:
2202106140758040006029911:
2202106140758070009243147:
2202106140758140009230785:
2202106140758150003126383:
2202106140758180008715034:
2202106140758210008508587:
2202106140758220008509806:
2202106140758270009296651:
2202106140758290008519522:
2202106140758310008495616:
2202106140758340009226412:
2202106140758370008510696:
2202106140758390008511010:
2202106140758420009339824:
2202106140758440009282101:
2202106140758470006019428:
2202106140758500009354625:
2202106140758520008690941:
2202106140758550009226392:
2202106140758570009311703:
2202106140759000009313530:
2202106140759160006031525:
2202106140759200008429638:
2202106140759230008509894:
2202106140759250009293911:
2202106140759270009321395:
2202106140759290007402482:
2202106140759300008491901:
2202106140759320009330833:
2202106140759330006020220:
2202106140759350009339828:
2202106140759360008706494:
2202106140759370007422376:
2202106140759390009288224:
2202106140759400008494333:
2202106140759420009292038:
2202106140759430009288224:
2202106140759450009301551:
2202106140759460008497795:
2202106140759480009236809:
2202106140759500006014349:
2202106140759520008691017:
2202106140759550008493524:
2202106140800060008709061:
2202106140800100009340801:
2202106140800150008500312:
2202106140800450009279728:
2202106140800580009225495:
2202106140801030009340499:
2202106140801120003915458:
2202106140801200008506376:
2202106140801270008677773:
2202106140801390006027540:
2202106140801450006028797:
2202106140802090009303870:
2202106140802380006027553:
2202106140802410002851799:
2202106140802440009246193:
2202106140802510008510378:
2202106140803060008709954:
2202106140803120009346707:
2202106140803190008677300:
2202106140803290008716625:
2202106140803360009293535:
2202106140803570006042277:
2202106140803580008505663:
2202106140804040006041715:
2202106140804190008493028:
2202106140804240009347607:
2202106140804300006036321:
2202106140804370008426247:
2202106140804450009343383:
2202106140805000008502364:
2202106140805170008508352:
2202106140805330008508326:
2202106140805350008688767:
2202106140805370009307388:
2202106140806080008515578:
2202106140807050009307388:
2202106140807320009241071:
2202106140808030008426248:
2202106140808050009254000:
2202106140808130001083941:
2202106140808170007421212:
2202106140808540009321319:
2202106140811300008693150:
2202106140904540009310727:
2202106141328570008517783:
2202106141700440008680743:
2202106141701510009303870:
2202106141738100008706494:
2202106141750180009246193:
2202106141918380006042277:
2202106141920420008510378:
2202106141932220009293535:
2202106141950340009311703:
2202106141958170009346353:
2202106141958350006037287:
2202106142000050008704200:
2202106142000110008506797:
2202106142000580006019430:
2202106142001520006040161:
2202106142001560009288638:
2202106142002020006033001:
2202106142002040008678354:
2202106142002070008709369:
2202106142002090008506907:
2202106142002140009314286:
2202106142002170008701527:
2202106142002360002851460:
2202106142002430004937625:
2202106142002471513628688:
2202106142004250008681883:
2202106142004280000431412:
2202106142005030008429638:
2202106142005470008695140:
2202106142005540006019428:
2202106142007330009281753:
2202106142007460008508326:
2202106142007550006022439:
2202106142014480009226392:
2202106142031180009289101:
2202106142046070008426248:
2202106142119060009292038:
2202106142129390009286624:
2202106142150170009313530:
2202106142150210009292038:
2202106142150330008439606:
2202106142158380009236810:
2202106142158420008698044:
2202106142159000009307388:
2202106142159040008514157:
2202106142159130007398172:
2202106142159530009326618:
2202106142200000009287011:
2202106142200020008501741:
2202106142200040009288224:
2202106142200060009287011:
2202106142200070009288224:
2202106142200090009296651:
2202106142200100009301551:
2202106142200120009307295:
2202106142200130009297664:
2202106142200150009301551:
2202106142200160009296651:
2202106142200180009307295:
2202106142200200001079879:
2202106142200220008501741:
2202106142200230007415195:
2202106142200250002851799:
2202106142200280009276908:
2202106142200300009248259:
2202106142200330009275335:
2202106142200340009248259:
2202106142200360008492705:
2202106142200380006030135:
2202106142200400009297569:
2202106142200420008508587:
2202106142200440008515447:
2202106142200460008504258:
2202106142200470009314167:
2202106142200490007396360:
2202106142200510009340483:
2202106142200540008709061:
2202106142200580003915458:
2202106142201020006021875:
2202106142201040008492684:
2202106142201130007402482:
2202106142201160008509894:
2202106142201180006029990:
2202106142201560008692587:
2202106142203240009293911:
2202106142203270009339828:
2202106142205300003137754:
2202106142215050008707832:
3202106140728540001099428:
3202106140730260008501288:
3202106140734550008513325:
3202106140736190006031524:
3202106140737140009339211:
3202106140739590009305555:
3202106140741260006028953:
3202106140741290007402205:
3202106140741320006028957:
3202106140741370009301802:
3202106140742490008504736:
3202106140743160003137991:
3202106140743430009234458:
3202106140744500009354344:
3202106140744550009274446:
3202106140745020009284852:
3202106140745040009274446:
3202106140745450009298435:
3202106140745490006023085:
3202106140746080006039016:
3202106140746120009351758:
3202106140746160008503303:
3202106140746330008494290:
3202106140747050008510264:
3202106140747540006025823:
3202106140748110008499509:
3202106140748150008711197:
3202106140748170006025403:
3202106140748260009306586:
3202106140748570008714702:
3202106140749270009343384:
3202106140749310008687514:
3202106140749350009335491:
3202106140749370004155886:
3202106140749540009252962:
3202106140750240008497634:
3202106140750311513637255:
3202106140750340008680900:
3202106140750380008689944:
3202106140750420008498170:
3202106140750470009314247:
3202106140751000009275492:
3202106140751040009314247:
3202106140751080009232350:
3202106140751100008495468:
3202106140751130009247521:
3202106140751160003126147:
3202106140751200008494010:
3202106140751220008498188:
3202106140751260003137966:
3202106140751280009302534:
3202106140751310008502984:
3202106140751340006032999:
3202106140751350008702698:
3202106140751370008502189:
3202106140751410009306129:
3202106140751430006041717:
3202106140751460008514966:
3202106140751590006018008:
3202106140752010009326609:
3202106140752030009300618:
3202106140752060006023662:
3202106140752090007421690:
3202106140752110009335560:
3202106140752140008445992:
3202106140752170009236820:
3202106140752200006022433:
3202106140752220008501480:
3202106140752260008697156:
3202106140752280009233695:
3202106140752400008516658:
3202106140752430009283931:
3202106140753240003137967:
3202106140753280009284157:
3202106140753320006028799:
3202106140753350009343149:
3202106140753510009325498:
3202106140753550009340813:
3202106140753581513653821:
3202106140754040008710216:
3202106140754070008499556:
3202106140754100008514795:
3202106140754140006042240:
3202106140754180006025403:
3202106140754210009234248:
3202106140754240009336959:
3202106140754280008697063:
3202106140754320008712416:
3202106140754350008678678:
3202106140754370009324637:
3202106140754400008429633:
3202106140754430009287195:
3202106140754460009343593:
3202106140754490008518703:
3202106140754530009226952:
3202106140754560008516420:
3202106140754580008713928:
3202106140755030009282830:
3202106140755040008693920:
3202106140755070007421210:
3202106140755140003117204:
3202106140755180008498021:
3202106140755210000439530:
3202106140755240008691341:
3202106140755260009226385:
3202106140755290008518736:
3202106140755320008504275:
3202106140755350008680280:
3202106140755380008692117:
3202106140755410007402196:
3202106140755450006024738:
3202106140755550009324574:
3202106140755570009273013:
3202106140756000006019315:
3202106140756040008494924:
3202106140756070009276661:
3202106140756160004164864:
3202106140756260009254169:
3202106140756290009323446:
3202106140756320009342978:
3202106140756340009309829:
3202106140756370008688253:
3202106140756430009321321:
3202106140756450009295891:
3202106140756470009286996:
3202106140756490008713719:
3202106140756540009327615:
3202106140756570008695330:
3202106140757000008697764:
3202106140757030001077421:
3202106140757120009339802:
3202106140757160006039497:
3202106140757190006028450:
3202106140757200008690203:
3202106140757250009331842:
3202106140757350008500889:
3202106140757390008707174:
3202106140757410009277145:
3202106140757430009354349:
3202106140757460009342962:
3202106140757480008688282:
3202106140757500003132773:
3202106140757520004158333:
3202106140757540009351964:
3202106140757570006015460:
3202106140758000003137963:
3202106140758030009348603:
3202106140758060009339792:
3202106140758080009299255:
3202106140758100009354391:
3202106140758130008504091:
3202106140758170009322602:
3202106140758210008512397:
3202106140758240008503489:
3202106140758260008506766:
3202106140758300008492065:
3202106140758320008507829:
3202106140758340006039541:
3202106140758350009230812:
3202106140758370006039541:
3202106140758390009287411:
3202106140758430009293228:
3202106140758480009339195:
3202106140758520008686117:
3202106140758550009324068:
3202106140758590008714113:
3202106140759020006030480:
3202106140759110009309524:
3202106140759150008692032:
3202106140759180009342954:
3202106140759210009243147:
3202106140759260009274443:
3202106140759300006033902:
3202106140759320008699273:
3202106140759340009322614:
3202106140759410009323999:
3202106140759430008493217:
3202106140759440009226400:
3202106140759590009339144:
3202106140800480009339930:
3202106140800550009340470:
3202106140801040009252970:
3202106140801110006014941:
3202106140801480008507772:
3202106140802220009253846:
3202106140802370003137754:
3202106140802440009253719:
3202106140803150008491948:
3202106140803180007395592:
3202106140804280008506597:
3202106140806330008505932:
3202106140929290009323999:
3202106141707270009299920:
3202106141713480009284157:
3202106141755060008499509:
3202106141804050006032999:
3202106141858470008679943:
3202106141859050008710216:
3202106141859110008499556:
3202106141859170009326609:
3202106141900020009287411:
3202106141900040006018008:
3202106141900060008691341:
3202106141900080008516420:
3202106141900110008514795:
3202106141900130004155886:
3202106141900180009354825:
3202106141900190009277145:
3202106141900210009321321:
3202106141900230008718055:
3202106141900250009300618:
3202106141900260009335491:
3202106141900300008493770:
3202106141900320009354344:
3202106141900340009354460:
3202106141900370008692117:
3202106141900380009354460:
3202106141900410009309829:
3202106141900420009324879:
3202106141900450008699992:
3202106141900480008714702:
3202106141900490008518736:
3202106141900510009295891:
3202106141900530009234458:
3202106141900550009336959:
3202106141900570009327615:
3202106141901030009247521:
3202106141901050008518703:
3202106141901140000439530:
3202106141901170009226385:
3202106141901230003137991:
3202106141901331513637255:
3202106141902210008684967:
3202106141902230008503303:
3202106141902260007402205:
3202106141902280009339930:
3202106141902340008494290:
3202106141902390006028957:
3202106141902520009335560:
3202106141903110009282830:
3202106141903160004936293:
3202106141903260009279481:
3202106141903410008506597:
3202106141903420008513325:
3202106141903440008506597:
3202106141904310008494010:
3202106141909120009306586:
3202106141913350006042240:
3202106141920330008503489:
3202106141928050008703693:
3202106141936450009289323:
3202106141953160009274874:
3202106141957590006028953:
3202106141958010009342954:
3202106141958030003137963:
3202106141958060009340450:
3202106141958070009324574:
3202106141958100009324637:
3202106141958110009346033:
3202106141958130009343149:
3202106141958160003132773:
3202106141958180008707174:
3202106141958200009273013:
3202106141958220009352016:
3202106141958230008688767:
3202106141958300008713719:
3202106141958320008495468:
3202106141958340008692032:
3202106141958380009340813:
3202106141958430001096293:
3202106141958450009226952:
3202106141958510008507772:
3202106141958530008502984:
3202106141958570008497634:
3202106141959000009243147:
3202106141959050006031524:
3202106141959340009346367:
3202106142000000009331842:
3202106142000020008517323:
3202106142000040008678678:
3202106142000060009324606:
3202106142000070008680900:
3202106142000090000424007:
3202106142000100008445992:
3202106142000120006023662:
3202106142000150003934713:
3202106142000160008688282:
3202106142000180009293228:
3202106142000200009348748:
3202106142000220006023085:
3202106142000240009342034:
3202106142000260008503339:
3202106142000290009226400:
3202106142000340009322602:
3202106142000360006030480:
3202106142000410009348603:
3202106142000430008504275:
3202106142000470009333812:
3202106142000490008500889:
3202106142000530009346327:
3202106142000560008514966:
3202106142000570008429633:
3202106142000590007421735:
3202106142001040009301802:
3202106142001070009354349:
3202106142001110009246199:
3202106142001130009236868:
3202106142001210009343383:
3202106142001310009343567:
3202106142001370009326438:
3202106142001460004164864:
3202106142003060007418333:
3202106142005130009232613:
3202106142005260009230812:
3202106142005290009354581:
3202106142005360009324068:
3202106142006150009354391:
3202106142007130009305555:
3202106142007150009354625:
3202106142009260008698315:
3202106142018300006036318:
3202106142020230008676957:
3202106142030460009314247:
3202106142044430009291327:
3202106142046240006041103:
3202106142046380006019315:
3202106142049190008494092:
3202106142101020009305547:
3202106142116380008503979:
3202106142146150009291036:
3202106142154310008498988:
3202106142158220004935767:
3202106142158340009253861:
3202106142158540008709488:
3202106142158560009253742:
3202106142158570009340470:
3202106142158590009342962:
3202106142159010009253742:
3202106142159030008693920:
3202106142159040009253861:
3202106142159080009252962:
3202106142159100009323446:
3202106142159120008501288:
3202106142159140009236820:
3202106142159160009330829:
3202106142159170001099428:
3202106142159210009298435:
3202106142159230004934470:
3202106142159270008716625:
3202106142159290009298435:
3202106142159320009252970:
3202106142159390008708003:
3202106142159420009343384:
3202106142159440009252970:
3202106142159470008492065:
3202106142159490008687514:
3202106142159510004936029:
3202106142159530000424146:
3202106142159570009324629:
3202106142200010009350096:
3202106142200030009324629:
3202106142200050008502189:
3202106142200070006032903:
3202106142200090009306129:
3202106142200110008689944:
3202106142200130008693892:
3202106142200150008689944:
3202106142200160009272020:
3202106142200180009343593:
3202106142200200009233695:
3202106142200220009253719:
3202106142200250006035580:
3202106142200280009274443:
3202106142200320006028450:
3202106142200350008498021:
3202106142200380009274446:
3202106142200410006024859:
3202106142200470008503515:
3202106142200490008515502:
3202106142201260009278607:
3202106142201300009288958:
3202106142201350008505932:
3202106142201460006039016:
3202106142201540009326658:
3202106142201560009339792:
3202106142202180004158333:
3202106142203150003137754:
3202106142203270008507829:
3202106142203530006025823:
3202106142204070008504091:
3202106142204390006015460:
3202106142204410006039974:
3202106142204460006019432:
3202106142205000008491948:
3202106142205160006033902:
3202106142205200009344566:
3202106142206300008690794:
3202106142206580009351758:
3202106142208100009300590:
3202106142208440009291061:
3202106142221221513653821:
3202106142237560008677300:
3202106142256240002851487:
3202106142256260008510264:
3202106142256300008697063:
3202106142256320008686117:
3202106142256360009254169:
3202106142256380009346020:
3202106142256390009234248:
3202106142256420007395592:
3202106142256460008681703:
3202106142256480008697156:
3202106142256500008501480:
3202106142256520009275492:
3202106142256540006022433:
3202106142256560009230815:
3202106142257010003137966:
3202106142257020008677829:
3202106142257130009325511:
3202106142257590008677773:
3202106142258030006020195:
3202106142258070008707911:
3202106142258090008695330:
3202106142258140006024738:
3202106142259170004936557:
3202106142259310009226816:
3202106142259340004936557:
3202106142259560008680280:
3202106142300000006026834:
3202106142300010006024738:
3202106142300040009232350:
3202106142300060008693150:
3202106142300070006039541:
3202106142300090008701103:
3202106142300110009286996:
3202106142300121513653050:
3202106142300140008697764:
3202106142300170008506766:
3202106142300190009325535:
3202106142300210008506055:
3202106142300230009349985:
3202106142300260008708048:
3202106142300290007421690:
3202106142300320008508589:
3202106142300350008715839:
3202106142300370008493217:
3202106142300390008688253:
3202106142300430008492410:
3202106142300450008500888:
3202106142300470009339144:
3202106142300490008500888:
3202106142300500009339144:
3202106142302250009226390:
3202106142303150008503824:
3202106142303170006026835:
4202106140111080007402498:
4202106140111140008493833:
4202106140111170006029910:
4202106140111210007398203:
4202106140729590009231425:
4202106140733530009324572:
4202106140734420009337903:
4202106140739140008513100:
4202106140739230008504234:
4202106140740001513653075:
4202106140740370008494141:
4202106140741570009285513:
4202106140743510009305260:
4202106140744170006015165:
4202106140744340009331044:
4202106140746150008503089:
4202106140746250007398203:
4202106140746370009272187:
4202106140746510001077425:
4202106140747310009346340:
4202106140747560006027612:
4202106140748280004179142:
4202106140748340008681212:
4202106140748360009349985:
4202106140748390009338161:
4202106140748420008690224:
4202106140748450008680442:
4202106140748510007407499:
4202106140748550009247701:
4202106140748570006020192:
4202106140748580009283323:
4202106140749510006040155:
4202106140749580009272601:
4202106140750010003126360:
4202106140750320009273026:
4202106140750400009313131:
4202106140750420004179293:
4202106140750450009324614:
4202106140750500008429607:
4202106140751030000424545:
4202106140751050008495426:
4202106140751070003116965:
4202106140751100008695597:
4202106140751130008493340:
4202106140751210009349972:
4202106140751240008679170:
4202106140751270008500083:
4202106140751290001087543:
4202106140751440009348776:
4202106140752000009274203:
4202106140752020008493092:
4202106140752040008501953:
4202106140752060009351958:
4202106140752080009226402:
4202106140752100009339818:
4202106140752250008495972:
4202106140752270009339915:
4202106140752300009234249:
4202106140752380009339254:
4202106140753060004163548:
4202106140753100009340817:
4202106140753120008493895:
4202106140753200008499471:
4202106140753240006027345:
4202106140753260007401166:
4202106140753290015629857:
4202106140753310009339225:
4202106140753330004171887:
4202106140753370007406670:
4202106140753400009342982:
4202106140753430008699709:
4202106140753460009252994:
4202106140753590009342997:
4202106140754020009295454:
4202106140754080008710875:
4202106140754100006013128:
4202106140754140009342143:
4202106140754150009277510:
4202106140754270008510188:
4202106140754290009250787:
4202106140754320002854367:
4202106140754350008684967:
4202106140754371513631101:
4202106140754390009327564:
4202106140754470009324605:
4202106140754570009326658:
4202106140755040006036997:
4202106140755060009339837:
4202106140755150008493749:
4202106140755190006016091:
4202106140755240006033000:
4202106140755280008716113:
4202106140755370007402498:
4202106140755430009324118:
4202106140755460009341511:
4202106140755480009339817:
4202106140755500009253995:
4202106140755530008695667:
4202106140755540008500493:
4202106140755570007395601:
4202106140755580009232613:
4202106140756140009327620:
4202106140756160009311280:
4202106140756180009342984:
4202106140756200009341742:
4202106140756220009352010:
4202106140756230007401131:
4202106140756250009280051:
4202106140756260009339204:
4202106140756300009226433:
4202106140756320008496149:
4202106140756361513653096:
4202106140756400006041875:
4202106140756430009342142:
4202106140756450007395586:
4202106140756510001088074:
4202106140756530008499706:
4202106140756550009298206:
4202106140756580009231455:
4202106140757000006022158:
4202106140757020008445656:
4202106140757051513653050:
4202106140757070008495556:
4202106140757100008499867:
4202106140757160008512783:
4202106140757180008683912:
4202106140757200008717694:
4202106140757210009351768:
4202106140757230009351814:
4202106140757260006035802:
4202106140757280008494427:
4202106140757300008494402:
4202106140757370009342981:
4202106140757400009225508:
4202106140757420007404978:
4202106140757440009341013:
4202106140757580003132772:
4202106140758020009346181:
4202106140758040009346685:
4202106140758060008677569:
4202106140758100009354827:
4202106140758130009226821:
4202106140758140008494201:
4202106140758170008506212:
4202106140758190009246201:
4202106140758290008499047:
4202106140758390009339834:
4202106140758470008502693:
4202106140758520006021988:
4202106140758590008426949:
4202106140759130004169060:
4202106140759150009342035:
4202106140759170008501835:
4202106140759200009246202:
4202106140759220007421735:
4202106140759220009337006:
4202106140759260000431385:
4202106140759270009290271:
4202106140759370006039973:
4202106140759430006036994:
4202106140759440008708992:
4202106140759470009322590:
4202106140759480009225500:
4202106140759510008515848:
4202106140759530008503532:
4202106140759540009282645:
4202106140800000009226797:
4202106140800090007404980:
4202106140800180008509836:
4202106140800210008503979:
4202106140800280006032903:
4202106140800390006016090:
4202106140800420008502759:
4202106140801140009274874:
4202106140803380009226399:
4202106140803420008719239:
4202106140804280009343432:
4202106140804450009346364:
4202106140805020002851443:
4202106140805220009290264:
4202106140805270006022420:
4202106140806440006039506:
4202106140810410009303697:
4202106140821330009326648:
4202106140834080008500916:
4202106140902210009290471:
4202106141700060008426949:
4202106141859420009337903:
4202106141859440009298206:
4202106141859460009324118:
4202106141859490009351964:
4202106141859520007402196:
4202106141859540009340817:
4202106141859550008493092:
4202106141859570008499867:
4202106141900010008680442:
4202106141900020006020220:
4202106141900040001088074:
4202106141900060006020220:
4202106141900090008717694:
4202106141900100004179293:
4202106141900130008502693:
4202106141900150009226402:
4202106141900310008493749:
4202106141900380009250787:
4202106141900400009296645:
4202106141900410009351814:
4202106141900430009342984:
4202106141900440009346685:
4202106141900480009342035:
4202106141900500008499706:
4202106141900510008493895:
4202106141901110008719239:
4202106141901180006040155:
4202106141901220008445656:
4202106141901260006016090:
4202106141901420009339837:
4202106141901440007396382:
4202106141901470000431385:
4202106141902000009231455:
4202106141902050009346055:
4202106141902280006027612:
4202106141902300006037029:
4202106141902350009311280:
4202106141902530009324614:
4202106141903170008512783:
4202106141903371513653075:
4202106141903430009272601:
4202106141903450007407499:
4202106141904440015629857:
4202106141905160009326648:
4202106141905370009281928:
4202106141905430008494924:
4202106141906580008494141:
4202106141907410009226433:
4202106141958500008502759:
4202106141958530006036994:
4202106141958560009324076:
4202106141959000002854367:
4202106141959020009342997:
4202106141959040008496969:
4202106141959080006026797:
4202106141959490006033000:
4202106142000010009346340:
4202106142000020009339915:
4202106142000040009225500:
4202106142000060009327564:
4202106142000080006027345:
4202106142000120009225508:
4202106142000160009342981:
4202106142000200008498170:
4202106142000250009246201:
4202106142000270007406670:
4202106142000280007401131:
4202106142000300009273026:
4202106142000320008500567:
4202106142000330008499047:
4202106142000350009340816:
4202106142000370009231425:
4202106142000410009234249:
4202106142001020009343174:
4202106142001051513631101:
4202106142001080008495556:
4202106142001110004169060:
4202106142001130008506212:
4202106142001150006015165:
4202106142001170009305260:
4202106142001190008679170:
4202106142001210009252994:
4202106142001230009341511:
4202106142001310008513100:
4202106142001540009342978:
4202106142002000008512397:
4202106142003160006021988:
4202106142016130008509836:
4202106142100140009283323:
4202106142100160009349972:
4202106142100470009324085:
4202106142100490009339225:
4202106142100570008500083:
4202106142100590007395601:
4202106142104180006039129:
4202106142107580008503089:
4202106142145050009303697:
4202106142157440009290264:
4202106142158520006039973:
4202106142159480006028799:
4202106142159580008695597:
4202106142200020009338161:
4202106142200050008695667:
4202106142200070003116965:
4202106142200090000424545:
4202106142200110009342982:
4202106142200130009331044:
4202106142200140009326626:
4202106142200160009339254:
4202106142200180008494427:
4202106142200190009280051:
4202106142200240008712381:
4202106142200250006035802:
4202106142200290008494201:
4202106142200300004171887:
4202106142200320008699709:
4202106142200340004045200:
4202106142200360009342142:
4202106142200370009234486:
4202106142200390008500493:
4202106142200390009226797:
4202106142200420009240515:
4202106142200500009348776:
4202106142202520007404980:
4202106142202560007395586:
4202106142202580008716113:
4202106142300000008429607:
4202106142300020008677903:
4202106142300060008712416:
4202106142300260009327620:
5202106140000020009342959:
5202106140000030008694659:
5202106140000050008499208:
5202106140000060008496310:
5202106140000080009342959:
5202106140000100009296798:
5202106140000110008499208:
5202106140000130008696894:
5202106140000140008516236:
5202106140000190006041715:
5202106140000200009346362:
5202106140000210008696894:
5202106140000230009236809:
5202106140000240008499075:
5202106140000260009295615:
5202106140000270006030118:
5202106140000320009225507:
5202106140000330008507561:
5202106140000350009324831:
5202106140000360008499075:
5202106140000380008717044:
5202106140000390009321395:
5202106140000430008717926:
5202106140000450008717044:
5202106140000460009339273:
5202106140000480009298207:
5202106140000490008682585:
5202106140000510009234236:
5202106140000550007398914:
5202106140000560009233710:
5202106140000580009339273:
5202106140001000009234236:
5202106140001020008682585:
5202106140001040009351833:
5202106140001050009248283:
5202106140001070008691017:
5202106140001090003126145:
5202106140001110009297056:
5202106140001130008500312:
5202106140001150009234247:
5202106140001160009225494:
5202106140001180008709011:
5202106140001200009286880:
5202106140001240009354001:
5202106140001260009252984:
5202106140001330008503915:
5202106140001340009252984:
5202106140001360009230781:
5202106140001370008686064:
5202106140001410009339839:
5202106140001420009281814:
5202106140001440009226412:
5202106140001470009346353:
5202106140001480009226412:
5202106140001500006030142:
5202106140001520009226965:
5202106140001550007402500:
5202106140001580009351308:
5202106140002001513653531:
5202106140002020008493750:
5202106140002050009226440:
5202106140002061513637915:
5202106140002080009339219:
5202106140002100009354401:
5202106140002110008515021:
5202106140002130006033090:
5202106140002150009324107:
5202106140002170009348762:
5202106140002190008706494:
5202106140002210009323985:
5202106140002220008500184:
5202106140002240009234480:
5202106140002260006040283:
5202106140002280009346708:
5202106140002290008503171:
5202106140002330009282809:
5202106140002350009305457:
5202106140002380009346376:
5202106140002410008493366:
5202106140002430009253842:
5202106140002450008509901:
5202106140002470009306271:
5202106140002500008519522:
5202106140002520006025445:
5202106140002550009280491:
5202106140002570009339812:
5202106140003000009339803:
5202106140003020009241934:
5202106140003050009326612:
5202106140003090007402523:
5202106140003120008512059:
5202106140004010007413042:
5202106140014490009300607:
5202106140245340009300607:
5202106140734340006025445:
5202106140737220008495037:
5202106140739440009305457:
5202106140740390007402194:
5202106140740410006039969:
5202106140740430008511694:
5202106140740560006039494:
5202106140741510006040284:
5202106140742020009295423:
5202106140742220009295615:
5202106140742250006013140:
5202106140743440008517932:
5202106140744110009324831:
5202106140744530009291036:
5202106140745090006032924:
5202106140745170001079288:
5202106140746300008687593:
5202106140747060008499208:
5202106140747190009233710:
5202106140747210009305197:
5202106140747230003137990:
5202106140747380007398159:
5202106140748010008515021:
5202106140748080009351998:
5202106140748160008503915:
5202106140748181513653531:
5202106140748200008503915:
5202106140748310006030146:
5202106140748590009230781:
5202106140749050008509901:
5202106140749080009339273:
5202106140749230008699606:
5202106140749260006012153:
5202106140749300003928344:
5202106140749320008510518:
5202106140749490009234467:
5202106140750061513645885:
5202106140750190009306271:
5202106140750220006037287:
5202106140750310008500113:
5202106140750340006021877:
5202106140750360008686064:
5202106140750520009338814:
5202106140750530008717926:
5202106140750590008717044:
5202106140751100009306769:
5202106140751350008494656:
5202106140751380008507561:
5202106140751510009351833:
5202106140751530009252984:
5202106140751550008491998:
5202106140751570008690529:
5202106140752000006022852:
5202106140752050009247716:
5202106140752080008698279:
5202106140752180009230795:
5202106140752210008698279:
5202106140752240009254229:
5202106140752260007402523:
5202106140752280000439539:
5202106140752300009305918:
5202106140752340009226965:
5202106140752360008504180:
5202106140752380009346362:
5202106140752390000424165:
5202106140752410009282809:
5202106140752470009286616:
5202106140752490009282809:
5202106140752510008493286:
5202106140752530009343151:
5202106140752560009346170:
5202106140752580008694659:
5202106140753000009236903:
5202106140753010009232631:
5202106140753030007402500:
5202106140753050009346353:
5202106140753060009234088:
5202106140753080009234236:
5202106140753100008512059:
5202106140753190008512216:
5202106140753220009326645:
5202106140753250003892332:
5202106140753420009346376:
5202106140753480007411321:
5202106140753550002851479:
5202106140754020009348542:
5202106140754070006040952:
5202106140754090006018005:
5202106140754120001108277:
5202106140754150009232651:
5202106140754160008704200:
5202106140754180006039671:
5202106140754200009285983:
5202106140754220006030118:
5202106140754230009323985:
5202106140754250008497291:
5202106140754310008676811:
5202106140754330009288270:
5202106140754430006040283:
5202106140754450009327416:
5202106140754470001083110:
5202106140754490008510090:
5202106140754520009254207:
5202106140754550008503171:
5202106140754580009321334:
5202106140754590006016275:
5202106140755010008702320:
5202106140755030009225507:
5202106140755040009234480:
5202106140755060009225523:
5202106140755080009280491:
5202106140755110007401654:
5202106140755130007414082:
5202106140755390009225481:
5202106140755410009298207:
5202106140755440009339219:
5202106140755460009253842:
5202106140755480008496310:
5202106140755500007413810:
5202106140755521513637915:
5202106140755530009352009:
5202106140755550008692450:
5202106140755590008688253:
5202106140756030009348762:
5202106140756060006022158:
5202106140756080009351823:
5202106140756110009300544:
5202106140756170008706878:
5202106140756190009232187:
5202106140756210004180013:
5202106140756210006021991:
5202106140756260009321818:
5202106140756380009341030:
5202106140756560009339797:
5202106140757020001096293:
5202106140757040006036875:
5202106140757070008682585:
5202106140757100008497463:
5202106140757120009248283:
5202106140757140008682585:
5202106140757150008509370:
5202106140757170009342959:
5202106140757190009346708:
5202106140757200009339794:
5202106140757220009351308:
5202106140757240007407739:
5202106140757260008500184:
5202106140757270007398914:
5202106140757290008513950:
5202106140757310008718216:
5202106140757330009279709:
5202106140757420008492480:
5202106140757450008506797:
5202106140757480003920040:
5202106140757500006030145:
5202106140757520003920040:
5202106140757550006033090:
5202106140758190008680789:
5202106140758300009340824:
5202106140758320008697836:
5202106140758340009296798:
5202106140758360006030142:
5202106140758380008508219:
5202106140758400008696894:
5202106140758420008493750:
5202106140758470008709011:
5202106140758540009339524:
5202106140759020009287006:
5202106140759050008516236:
5202106140759090009253742:
5202106140759280009241934:
5202106140759320009346055:
5202106140759340008708048:
5202106140759390009339839:
5202106140759500009354401:
5202106140759550009297056:
5202106140800320008496969:
5202106140800350009225488:
5202106140800490009354001:
5202106140801040009230754:
5202106140801070008493366:
5202106140801181513649006:
5202106140801410009226392:
5202106140802220009339803:
5202106140803010008498988:
5202106140803030009294273:
5202106140803220009344572:
5202106140803310006022855:
5202106140803460007413042:
5202106140803490007410385:
5202106140804340009326612:
5202106140804450009340820:
5202106140805160009225494:
5202106140806090008510716:
5202106140807440009234247:
5202106140815020009324604:
5202106140818420006009777:
5202106140821570009291061:
5202106140832460006029988:
5202106140837210009281814:
5202106141702410009303870:
5202106141737420008706494:
5202106141802270008516658:
5202106141859010009282645:
5202106141909490009300544:
5202106141922340001083941:
5202106141956300006040284:
5202106141957021513649006:
5202106141957090006032924:
5202106141957530008506376:
5202106141958310008493524:
5202106141958590009273013:
5202106141959070009253846:
5202106141959090009324831:
5202106141959200001096293:
5202106141959240006039493:
5202106141959270009298207:
5202106141959290008498188:
5202106141959400009325498:
5202106141959430009226394:
5202106142000070009230795:
5202106142000310009331842:
5202106142000330008678678:
5202106142000390009230754:
5202106142000450006023662:
5202106142001050009302534:
5202106142001230009344572:
5202106142001530009285983:
5202106142002040008508352:
5202106142004050007422441:
5202106142004070008692560:
5202106142004120009226426:
5202106142004340006022159:
5202106142004380009310954:
5202106142006230009306769:
5202106142008330009226392:
5202106142010400008502364:
5202106142014290009321334:
5202106142108550009232651:
5202106142112090009241071:
5202106142112240009232651:
5202106142120290008426247:
5202106142158340006032924:
5202106142159080009324138:
5202106142159160008497657:
5202106142159170002851478:
5202106142159290009287006:
5202106142159590009346173:
5202106142200020008497657:
5202106142200040002851478:
5202106142200050009330829:
5202106142200070006015163:
5202106142200230003892332:
5202106142200460009340499:
5202106142208450004937356:
5202106142210440006018005:
5202106142213260008702320:
5202106142300330006026834:
5202106142302170008708048:
6202106140000460007410385:
6202106140001480009294273:
6202106140001530007414082:
6202106140001561513649006:
6202106140001580006037287:
6202106140002080008509370:
6202106140002150009341030:
6202106140112010008493833:
6202106140112040009241075:
6202106140112170007398203:
6202106140729120008676957:
6202106140730150009285700:
6202106140735110008517056:
6202106140735190009326438:
6202106140735220006039493:
6202106140736090009232186:
6202106140736290007405149:
6202106140736520009283693:
6202106140736570006037015:
6202106140737000009283693:
6202106140737380008509407:
6202106140738220006040360:
6202106140739320008692290:
6202106140739390007411542:
6202106140740090004166400:
6202106140741050009304051:
6202106140741160008509948:
6202106140741230008707911:
6202106140741250006039674:
6202106140742100009226447:
6202106140742150009281193:
6202106140742180009339274:
6202106140742210007421743:
6202106140742250007412611:
6202106140743030006039130:
6202106140743200009324076:
6202106140743230009232629:
6202106140743260009279704:
6202106140743320009241075:
6202106140743340008499792:
6202106140743380008501833:
6202106140743420009230790:
6202106140743440008501833:
6202106140744470009294513:
6202106140745180008708003:
6202106140745400008503303:
6202106140745420008718055:
6202106140745450008712785:
6202106140745550008508441:
6202106140746030007422489:
6202106140746050009247696:
6202106140746100004046800:
6202106140746270009305547:
6202106140746350008512035:
6202106140746370006024122:
6202106140746520009296138:
6202106140747320006039974:
6202106140747380008499509:
6202106140747400009305197:
6202106140747420009252946:
6202106140747450008499805:
6202106140747500009350096:
6202106140747540008683630:
6202106140747570006015163:
6202106140748120008499805:
6202106140748210007421269:
6202106140748270006035580:
6202106140748320008517815:
6202106140748340008683421:
6202106140748360009348566:
6202106140748390001083945:
6202106140748530009232186:
6202106140748570009287614:
6202106140749120007404782:
6202106140749170006031532:
6202106140749190008500109:
6202106140749240009287614:
6202106140749290008495365:
6202106140749330009324879:
6202106140749360008493676:
6202106140749380006027609:
6202106140749410009232186:
6202106140749470008502735:
6202106140749560001122577:
6202106140749590008689944:
6202106140750000008693892:
6202106140750030009288870:
6202106140750070009298019:
6202106140750100006038306:
6202106140750190009232350:
6202106140750280009236868:
6202106140750300008508290:
6202106140750310008679943:
6202106140750340008510316:
6202106140750360006018006:
6202106140750400002851459:
6202106140750430009288958:
6202106140750470009292116:
6202106140750530009348543:
6202106140750550008502189:
6202106140750570008498971:
6202106140751000009300413:
6202106140751040009326600:
6202106140751190006018008:
6202106140751210009326609:
6202106140751270009300618:
6202106140751290008492776:
6202106140751320006023662:
6202106140751340008506434:
6202106140751370009254002:
6202106140751390006042274:
6202106140751440008696388:
6202106140751470006039510:
6202106140751490008503824:
6202106140751530008492622:
6202106140751540007419034:
6202106140751560006037924:
6202106140751590006014943:
6202106140752010008515734:
6202106140752120000424007:
6202106140752170001114611:
6202106140752220009231452:
6202106140752250009226390:
6202106140752300009346367:
6202106140752340008711445:
6202106140752350009325535:
6202106140752370008689537:
6202106140752400008518128:
6202106140752420009231410:
6202106140752440008677903:
6202106140752460009288913:
6202106140752470009226816:
6202106140752490007422441:
6202106140752520008499165:
6202106140752580006028799:
6202106140753000009254908:
6202106140753030008443266:
6202106140753090008516213:
6202106140753120009286616:
6202106140753130009325498:
6202106140753150007417231:
6202106140753180007398172:
6202106140753200008715839:
6202106140753220009340813:
6202106140753240009342998:
6202106140753250007402498:
6202106140753280009230815:
6202106140753300009327616:
6202106140753330008710216:
6202106140753350002851460:
6202106140753390008499556:
6202106140753400009346173:
6202106140753420007402467:
6202106140753440006042240:
6202106140753460009230749:
6202106140753480007402467:
6202106140753500003892332:
6202106140753530008712416:
6202106140753550009285701:
6202106140753560000431430:
6202106140753580008515502:
6202106140754000006029910:
6202106140754030009253739:
6202106140754040009343592:
6202106140754070009343593:
6202106140754090009234457:
6202106140754110006030482:
6202106140754140009226394:
6202106140754170008500401:
6202106140754190006028757:
6202106140754210009354582:
6202106140754240007418333:
6202106140754320009282830:
6202106140754330009326626:
6202106140754360004045200:
6202106140754380008492410:
6202106140754400009278607:
6202106140754440008508757:
6202106140754450008498021:
6202106140754470009285983:
6202106140754480000439530:
6202106140754500009240515:
6202106140754520008508521:
6202106140754540009226385:
6202106140754570006030484:
6202106140754590008496367:
6202106140755000009226393:
6202106140755020007404952:
6202106140755040009226393:
6202106140755050008680280:
6202106140755070004178213:
6202106140755090008503515:
6202106140755110008517323:
6202106140755130008709488:
6202106140755150009226426:
6202106140755180009226959:
6202106140755200009330829:
6202106140755220009273013:
6202106140755230008511222:
6202106140755260007421253:
6202106140755310006022159:
6202106140755340009286387:
6202106140755380009335539:
6202106140755400008504585:
6202106140755440009346033:
6202106140755480008494613:
6202106140755510007411536:
6202106140755510008503339:
6202106140755560008699992:
6202106140755580008690234:
6202106140756000008501942:
6202106140756020008703693:
6202106140756040009281928:
6202106140756060006023108:
6202106140756080009342978:
6202106140756120006027344:
6202106140756140009276489:
6202106140756160008688253:
6202106140756180009351830:
6202106140756200009234486:
6202106140756210009295891:
6202106140756230009280630:
6202106140756250008681703:
6202106140756270009308083:
6202106140756290009324629:
6202106140756310009230793:
6202106140756330006039972:
6202106140756350009254212:
6202106140756370009272020:
6202106140756390009233704:
6202106140756500008431645:
6202106140756520002851487:
6202106140756540009354581:
6202106140756550009331842:
6202106140756570009233704:
6202106140756580009255827:
6202106140757000006021991:
6202106140757020008500888:
6202106140757030009278808:
6202106140757050006016276:
6202106140757070006021994:
6202106140757090008493565:
6202106140757110009324085:
6202106140757130007395593:
6202106140757160006026834:
6202106140757190009234484:
6202106140757210006036876:
6202106140757230009247694:
6202106140757250009298223:
6202106140757270008497935:
6202106140757290008497774:
6202106140757300006015460:
6202106140757320006022003:
6202106140757330001096293:
6202106140757350006016252:
6202106140757370009279481:
6202106140757390009348376:
6202106140757410006039129:
6202106140757430008513733:
6202106140757450006039129:
6202106140757470008686680:
6202106140757480009246199:
6202106140757500008512397:
6202106140757510007419049:
6202106140757530006025807:
6202106140757540006028762:
6202106140757560009283164:
6202106140757580008717268:
6202106140758000008507829:
6202106140758020008511510:
6202106140758030008492480:
6202106140758050008511510:
6202106140758070008506074:
6202106140758090008501795:
6202106140758100007402512:
6202106140758120009324138:
6202106140758140008512859:
6202106140758150006026834:
6202106140758170008513144:
6202106140758180007395593:
6202106140758200008686117:
6202106140758210009324085:
6202106140758230009324068:
6202106140758250008703345:
6202106140758270008714113:
6202106140758280009240533:
6202106140758300008677829:
6202106140758310007406867:
6202106140758350008701103:
6202106140758400008494092:
6202106140758420006030480:
6202106140758440009232653:
6202106140758450009342954:
6202106140758470001087528:
6202106140758490009343174:
6202106140758500008501482:
6202106140758520008517783:
6202106140758530008492776:
6202106140758560009226817:
6202106140758570009354825:
6202106140758590008497699:
6202106140759000006020195:
6202106140759020008503532:
6202106140759040006025806:
6202106140759050006022160:
6202106140759070007421209:
6202106140759080001077087:
6202106140759100000424146:
6202106140759120009293895:
6202106140759140009247509:
6202106140759160009278862:
6202106140759170006019432:
6202106140759191513409863:
6202106140759200008698315:
6202106140759221513409863:
6202106140759230009339144:
6202106140759250008715034:
6202106140759270009310954:
6202106140759280006040154:
6202106140759300006039337:
6202106140759320008698121:
6202106140759370009343567:
6202106140759390006028451:
6202106140759420008493770:
6202106140759440008701274:
6202106140759460009325511:
6202106140759470009324606:
6202106140759500009354460:
6202106140759510008708048:
6202106140800021513643510:
6202106140800050009342034:
6202106140800090009340470:
6202106140800110009311591:
6202106140800140009340816:
6202106140800160001089614:
6202106140800180007409900:
6202106140800200009340450:
6202106140800220006020220:
6202106140800230006010458:
6202106140800250006032030:
6202106140800300008493833:
6202106140800330006017488:
6202106140800360008692560:
6202106140800390008494964:
6202106140800410008695905:
6202106140800430006026797:
6202106140800450008692560:
6202106140800480008499149:
6202106140800510006024859:
6202106140800540009226812:
6202106140800580009253861:
6202106140801000008500567:
6202106140801020009340801:
6202106140801041513627710:
6202106140801060009225488:
6202106140801070009231473:
6202106140801090008516772:
6202106140801160008496969:
6202106140801260008696238:
6202106140801360006017496:
6202106140801440009233737:
6202106140801480008508589:
6202106140801490008506055:
6202106140801510009333812:
6202106140801530006033720:
6202106140801570009253846:
6202106140801590009299920:
6202106140802190003137754:
6202106140803000006035813:
6202106140803010009282114:
6202106140803040009253991:
6202106140803060009352016:
6202106140803101513626317:
6202106140803290006036318:
6202106140803320008495161:
6202106140803380006019317:
6202106140803450009234240:
6202106140803540008712381:
6202106140804070009303097:
6202106140805010009348748:
6202106140805060009346327:
6202106140805070009253988:
6202106140805310009343383:
6202106140806000008500597:
6202106140806040008511515:
6202106140806450009346020:
6202106140806580006041103:
6202106140807060009289323:
6202106140807330009226429:
6202106140808340006014993:
6202106140808390009298073:
6202106140813010009344566:
6202106140814010009309504:
6202106140828580006016277:
6202106140954440009279594:
6202106141700040007395593:
6202106141704020009272187:
6202106141704150009278862:
6202106141704570006039506:
6202106141708080008508757:
6202106141804230006032999:
6202106141816550009310727:
6202106141845490009309504:
6202106141855560008493028:
6202106141859290008710216:
6202106141859310009232186:
6202106141859340009225488:
6202106141859360003137967:
6202106141859380008681212:
6202106141859390006021994:
6202106141859410006019317:
6202106141859430009322614:
6202106141859450009280630:
6202106141859460009326609:
6202106141859580007404952:
6202106141900010008516772:
6202106141900030009340801:
6202106141900040008499556:
6202106141900130008690203:
6202106141900290006018008:
6202106141900450009277145:
6202106141900500009300618:
6202106141900520009321321:
6202106141901010009309829:
6202106141901070008712785:
6202106141901090006030484:
6202106141901120007402512:
6202106141901140008504585:
6202106141901150006022160:
6202106141901170008512859:
6202106141901230008711445:
6202106141901290009226385:
6202106141902060008509948:
6202106141902090008513733:
6202106141902190009230793:
6202106141902210009232653:
6202106141902240006030482:
6202106141902380008503303:
6202106141902510007419034:
6202106141903120007417231:
6202106141903270009282830:
6202106141903350008715034:
6202106141903420009279481:
6202106141903520006042274:
6202106141906040009326648:
6202106141906370008517056:
6202106141908500007421269:
6202106141909360008498971:
6202106141909380008695905:
6202106141909420009339274:
6202106141909440006039972:
6202106141909470008506434:
6202106141909490008497699:
6202106141913490006042240:
6202106141914410008505663:
6202106141924020006014349:
6202106141929200009254000:
6202106141929270008698121:
6202106141958100009351768:
6202106141958220009272184:
6202106141958240009342954:
6202106141958330009272184:
6202106141958340009346033:
6202106141958370009343149:
6202106141958390009273013:
6202106141958410003132773:
6202106141958470009339195:
6202106141958500009253846:
6202106141959000003126383:
6202106141959020001089614:
6202106141959030009283693:
6202106141959050009253739:
6202106141959070009283693:
6202106141959090001077421:
6202106141959110008701274:
6202106141959120009325498:
6202106141959140001077421:
6202106141959170009325498:
6202106141959200009226394:
6202106141959220008497634:
6202106141959240006039674:
6202106141959250006038306:
6202106141959290008518128:
6202106141959310009253991:
6202106141959350006038306:
6202106141959410009232631:
6202106141959430009226447:
6202106141959460004966904:
6202106141959570009300413:
6202106142000000008511515:
6202106142000020006023108:
6202106142000040004966904:
6202106142000060009348566:
6202106142000080006039130:
6202106142000110006040154:
6202106142000130006037924:
6202106142000160006039510:
6202106142000170001122577:
6202106142000190008501833:
6202106142000210009230754:
6202106142000220009324606:
6202106142000250008511510:
6202106142000260008500597:
6202106142000280008492776:
6202106142000290008500109:
6202106142000311513626317:
6202106142000320008506074:
6202106142000340000424007:
6202106142000360008517323:
6202106142000370008508521:
6202106142000380009226393:
6202106142000400008680900:
6202106142000410006025806:
6202106142000430006023085:
6202106142000470009302534:
6202106142000540006033720:
6202106142000560009322602:
6202106142000580006039337:
6202106142001010007404782:
6202106142001170001114611:
6202106142001200008492622:
6202106142001230006017488:
6202106142001260009285983:
6202106142001270008496367:
6202106142001290009285701:
6202106142001320004046800:
6202106142001330000431430:
6202106142001360002851460:
6202106142001450008508352:
6202106142001460009343383:
6202106142002060009226812:
6202106142002140007421743:
6202106142002170008495365:
6202106142002210009281193:
6202106142002250007421743:
6202106142002520008499805:
6202106142003090009303097:
6202106142003110006014993:
6202106142003140007411536:
6202106142003160008501942:
6202106142003190009293895:
6202106142003380004178213:
6202106142003390009226959:
6202106142003420008499149:
6202106142003450006028762:
6202106142003460008692560:
6202106142003480007422441:
6202106142003490004966592:
6202106142003510009276489:
6202106142003530009288913:
6202106142003540008515734:
6202106142003560009226426:
6202106142003580009278808:
6202106142004000009282114:
6202106142004020009254908:
6202106142004040006027344:
6202106142004050009282114:
6202106142004070009288870:
6202106142004080009298019:
6202106142004100006035813:
6202106142004110008683421:
6202106142004130006040360:
6202106142004140006022159:
6202106142004160006027609:
6202106142004170008499165:
6202106142004190008510316:
6202106142004210009247696:
6202106142004220008509407:
6202106142004240004936823:
6202106142004250007411542:
6202106142004270009311591:
6202106142004280008513144:
6202106142004300009292116:
6202106142004310007421209:
6202106142004360009233704:
6202106142004390008703345:
6202106142004400008516213:
6202106142004420009233737:
6202106142004460008508290:
6202106142004590008492480:
6202106142005230007406867:
6202106142005250009252946:
6202106142005270008501795:
6202106142005350008493565:
6202106142005380004969682:
6202106142005400008702698:
6202106142005540008517815:
6202106142005560008497774:
6202106142006001513643510:
6202106142006280004937089:
6202106142006310007412611:
6202106142006501513409863:
6202106142006520008497935:
6202106142006540006016276:
6202106142006560001087528:
6202106142007270006028757:
6202106142007290008686680:
6202106142007410007405149:
6202106142007430009335539:
6202106142007550009348543:
6202106142008430006031532:
6202106142009040004166400:
6202106142009370008431645:
6202106142009390009230790:
6202106142009420004930793:
6202106142009480008698315:
6202106142010010009279704:
6202106142010050009232629:
6202106142010290008497699:
6202106142011220009254207:
6202106142011520006014943:
6202106142011570009292077:
6202106142012270008512035:
6202106142012280006010458:
6202106142012480009253988:
6202106142014180009231452:
6202106142014510008491901:
6202106142015070009339274:
6202106142015480007409900:
6202106142017240009348542:
6202106142020400008501953:
6202106142020440003117204:
6202106142020470009309524:
6202106142022220002851459:
6202106142022240009285700:
6202106142024350006036321:
6202106142025540001077087:
6202106142030330004930576:
6202106142031230009247509:
6202106142038290006017496:
6202106142043490009305197:
6202106142050080008504041:
6202106142101060008506434:
6202106142101070001083945:
6202106142101150008519041:
6202106142101180009305547:
6202106142101510008508441:
6202106142101550006039972:
6202106142102400004028003:
6202106142104050008493676:
6202106142104130006021991:
6202106142105330006013128:
6202106142129530009346063:
6202106142130050009254002:
6202106142158450004935767:
6202106142158480009324138:
6202106142158510009240533:
6202106142159040009351830:
6202106142159060009276661:
6202106142159120006025403:
6202106142159140008689537:
6202106142159190009340470:
6202106142159230009255827:
6202106142159250006037015:
6202106142159270006025807:
6202106142159300008443266:
6202106142159320009346173:
6202106142159370009240533:
6202106142159390006024122:
6202106142159410008502735:
6202106142159430009247694:
6202106142159450006032030:
6202106142159480008696238:
6202106142159500009348376:
6202106142159520006032030:
6202106142159550009231410:
6202106142159580009283164:
6202106142200000009231410:
6202106142200040008494613:
6202106142200070003892332:
6202106142200080008494613:
6202106142200130004972764:
6202106142200150009287614:
6202106142200180008501482:
6202106142200190004971518:
6202106142200220007422489:
6202106142200250009327616:
6202106142200280008713928:
6202106142200310006018006:
6202106142200330009286616:
6202106142200350008502189:
6202106142200370007419049:
6202106142200390008689944:
6202106142200420009343593:
6202106142200570008498021:
6202106142201340009240515:
6202106142202240006039016:
6202106142202590009296138:
6202106142203410008499792:
6202106142203470009298223:
6202106142203520003137754:
6202106142203540008493833:
6202106142203550008507829:
6202106142204060006025823:
6202106142204130009343364:
6202106142204590006015460:
6202106142205100008512375:
6202106142205140006019432:
6202106142205170008504091:
6202106142205200006036876:
6202106142206500008690794:
6202106142208060004937356:
6202106142208530006028797:
6202106142210510008500401:
6202106142255090009284852:
6202106142256080008696388:
6202106142256540008686117:
6202106142256560009346020:
6202106142256590009254169:
6202106142257020008714113:
6202106142257040008681703:
6202106142257080008692290:
6202106142257120007395592:
6202106142257150009342998:
6202106142257170003137966:
6202106142257260008677829:
6202106142257280009325511:
6202106142258070008717268:
6202106142258110008699273:
6202106142259470006028451:
6202106142259490009230749:
6202106142259520009354582:
6202106142259530009226816:
6202106142259560009230749:
6202106142300120008495972:
6202106142300160008680280:
6202106142300190006026834:
6202106142300250008495972:
6202106142300280006022003:
6202106142300310009232350:
6202106142300331513653050:
6202106142300340009286996:
6202106142300360008697764:
6202106142300380008506766:
6202106142300410009299255:
6202106142300430008494964:
6202106142300460009325535:
6202106142300480008506055:
6202106142301000008688253:
6202106142301120009339144:
6202106142307420009226429:
8202106140730300009231425:
8202106140739290008513100:
8202106140741430003934713:
8202106140742180007396382:
8202106140744390009305260:
8202106140744450008511681:
8202106140744580002851485:
8202106140746511513631613:
8202106140748310008506912:
8202106140748340003137945:
8202106140749170007407499:
8202106140750230006040155:
8202106140750280009272601:
8202106140751060009273291:
8202106140751320008493340:
8202106140751470008679170:
8202106140751490001087543:
8202106140751540008500083:
8202106140752080009296645:
8202106140752330008512375:
8202106140752420009234249:
8202106140752460008708560:
8202106140752560008500626:
8202106140753310004163548:
8202106140753570015629857:
8202106140754000004171887:
8202106140754280008710875:
8202106140755030009250787:
8202106140755320006037029:
8202106140755360006028960:
8202106140755380006036504:
8202106140755400008493749:
8202106140755430008716113:
8202106140755510006033000:
8202106140756170008500493:
8202106140756200007395601:
8202106140756350009327620:
8202106140756370009342984:
8202106140756420009311280:
8202106140756490009280051:
8202106140756510007401131:
8202106140756540009339204:
8202106140757150008499706:
8202106140757180009231455:
8202106140757240008445656:
8202106140757261513653050:
8202106140757440008512783:
8202106140757480009352010:
8202106140758390009346685:
8202106140758440009246201:
8202106140759150006021988:
8202106140800230007404980:
8202106140800390008509836:
8202106140804020008719239:
8202106140821460009326648:
8202106141258010006029911:
8202106141259330002851485:
8202106141859500009339817:
8202106141900000006020192:
8202106141900030008495426:
8202106141900050008493749:
8202106141900070009296645:
8202106141900090008499471:
8202106141900110009250787:
8202106141900130009351814:
8202106141900150009254212:
8202106141900170009342984:
8202106141900190009342035:
8202106141900210009346685:
8202106141900220008499706:
8202106141900240009253995:
8202106141900270008493895:
8202106141900390006028960:
8202106141900410009339818:
8202106141900430009351958:
8202106141900450006022158:
8202106141900470008719239:
8202106141900490006036504:
8202106141900500001077425:
8202106141900520009343592:
8202106141900540006040155:
8202106141900560009295454:
8202106141900580008445656:
8202106141901020006016091:
8202106141901070009246202:
8202106141901100007396382:
8202106141901151513627710:
8202106141901160000431385:
8202106141901190008511222:
8202106141901250008510188:
8202106141901320009274203:
8202106141901360008494402:
8202106141901380009226821:
8202106141901401513653096:
8202106141901420009231455:
8202106141901440009346055:
8202106141901550008515848:
8202106141901570006041717:
8202106141901590006041875:
8202106141902060006037029:
8202106141902090009311280:
8202106141902110007421253:
8202106141902140009324614:
8202106141902160007404978:
8202106141902530008512783:
8202106141903280007407499:
8202106141903310009339204:
8202106141903331513631613:
8202106141903430009290271:
8202106141904150015629857:
8202106141904530009326648:
8202106141905280008494924:
8202106141905300002851443:
8202106141907060009226433:
8202106141908560008495161:
8202106141909180008711197:
8202106141958350009342143:
8202106141959250006033000:
8202106141959550008504736:
8202106142000010007406670:
8202106142000030009277510:
8202106142000050009340816:
8202106142000070009231425:
8202106142000090009234249:
8202106142000110003137945:
8202106142000150009346364:
8202106142000170009322590:
8202106142000390008495556:
8202106142000430009305260:
8202106142000460008679170:
8202106142000480001087543:
8202106142000500009252994:
8202106142000520009341511:
8202106142000550004169060:
8202106142000560009324572:
8202106142000580003126360:
8202106142001010009286387:
8202106142001040006036997:
8202106142001060008513100:
8202106142001090008504234:
8202106142001160008511681:
8202106142001350008512397:
8202106142001370009342978:
8202106142001390008708992:
8202106142001410009247701:
8202106142001430008496149:
8202106142001440009324605:
8202106142002520006021988:
8202106142003010009354827:
8202106142003150009346181:
8202106142003460003132772:
8202106142003490009352010:
8202106142005210007401166:
8202106142014190008501835:
8202106142015510008509836:
8202106142017320006041088:
8202106142100280009324085:
8202106142100380008500083:
8202106142100410007395601:
8202106142101200009308083:
8202106142101240009234484:
8202106142101260009326600:
8202106142101570008506912:
8202106142103590006039129:
8202106142104470009341742:
8202106142147530004179142:
8202106142155170009343432:
8202106142155200009226399:
8202106142157200009290264:
8202106142159220009337006:
8202106142159240006028799:
8202106142159360009339254:
8202106142159510009280051:
8202106142159560004171887:
8202106142200000008494201:
8202106142200020009273291:
8202106142200030009287195:
8202106142200060009234240:
8202106142200080009226797:
8202106142200100008500493:
8202106142200130008500626:
8202106142200200009339834:
8202106142200450008690224:
8202106142201220008708560:
8202106142202090008716113:
8202106142202160007395586:
8202106142202200007404980:
8202106142208150008515578:
8202106142213220009339802:
8202106142213260009283931:
8202106142259290009341013:
8202106142259390008712416:
8202106142300010003126147:
8202106142300040009327620:
