2202106080000010009230785:
2202106080000030009321334:
2202106080000050009339795:
2202106080000060009248283:
2202106080000080009296798:
2202106080000100008509806:
2202106080000120009340824:
2202106080000140001083110:
2202106080000160008509806:
2202106080000180006016275:
2202106080000190008701083:
2202106080000210006016275:
2202106080000230003920040:
2202106080000250008701083:
2202106080000270006021877:
2202106080000350009321395:
2202106080000370008496310:
2202106080000400007410385:
2202106080000420009225507:
2202106080000440008503915:
2202106080000490008517932:
2202106080000510008694659:
2202106080000520008519522:
2202106080000560009341030:
2202106080000580009354001:
2202106080001000007414082:
2202106080002470009339803:
2202106080011410009343364:
2202106080724070006025445:
2202106080731340008698044:
2202106080738370008506907:
2202106080738580009314286:
2202106080739020008515447:
2202106080740340009248259:
2202106080741060006029990:
2202106080741190008503198:
2202106080741590008492705:
2202106080743120006039998:
2202106080743180009248259:
2202106080744420006036321:
2202106080745000008503532:
2202106080746350004028003:
2202106080746420001079879:
2202106080746460006030135:
2202106080748310008514157:
2202106080748370006041088:
2202106080748430009288638:
2202106080748490009351833:
2202106080749040006021877:
2202106080749360008509806:
2202106080749530007414082:
2202106080750080008702965:
2202106080750270009234089:
2202106080750380009288224:
2202106080750410008497657:
2202106080751080009234236:
2202106080751330009341030:
2202106080751380002851478:
2202106080751500008681883:
2202106080751530004181482:
2202106080751550006040161:
2202106080752000008678354:
2202106080752140008497276:
2202106080752170009326618:
2202106080753140008694659:
2202106080753350009226392:
2202106080753380009287011:
2202106080754020006022852:
2202106080754050009254229:
2202106080754110009246193:
2202106080754290008690794:
2202106080754350009293148:
2202106080754560008707832:
2202106080754590009296651:
2202106080755020006033001:
2202106080755040009252984:
2202106080755060008701527:
2202106080755080009276908:
2202106080755110008695140:
2202106080755160008501741:
2202106080755220003915458:
2202106080755240009279728:
2202106080755250009307295:
2202106080755270009253997:
2202106080755290008709369:
2202106080755340009339795:
2202106080755350008709369:
2202106080755380007415195:
2202106080755400008690941:
2202106080756120009330833:
2202106080756150009232378:
2202106080756340009346063:
2202106080756480009297569:
2202106080756530006019430:
2202106080756560006039497:
2202106080757090008686064:
2202106080757130009339828:
2202106080757330009337900:
2202106080757350008683123:
2202106080757390008494564:
2202106080757430009236810:
2202106080757460006021875:
2202106080757500008508589:
2202106080757550008680743:
2202106080758040008694944:
2202106080758080008514478:
2202106080758230009349952:
2202106080758270006040283:
2202106080758310009314167:
2202106080758340006012153:
2202106080758390003126383:
2202106080758400003928344:
2202106080758500006751664:
2202106080758540009348542:
2202106080758560006751664:
2202106080759010009340499:
2202106080759040009346038:
2202106080759060008504258:
2202106080759080008429638:
2202106080759120007402482:
2202106080759150008686663:
2202106080759180009311703:
2202106080759200000431412:
2202106080759220008509894:
2202106080759240008500956:
2202106080759260000431412:
2202106080759400006014349:
2202106080759470007407459:
2202106080759500009339524:
2202106080759560009226826:
2202106080759590008508219:
2202106080800020008500184:
2202106080800070009275335:
2202106080800100002851465:
2202106080800210009301551:
2202106080800240009272418:
2202106080800280009297664:
2202106080800310009232187:
2202106080800360009351823:
2202106080800390006016275:
2202106080800440008499206:
2202106080800460008709061:
2202106080800480009313676:
2202106080800500008508587:
2202106080800530009230785:
2202106080800550009342183:
2202106080800590008677773:
2202106080801040006036993:
2202106080801070008496191:
2202106080801100008688253:
2202106080801170008515081:
2202106080801320003132773:
2202106080801340009272184:
2202106080801380008493750:
2202106080801440009234486:
2202106080802000008495616:
2202106080802040009248283:
2202106080802080009293911:
2202106080802120004180013:
2202106080802150009293421:
2202106080802171513633836:
2202106080802190007407739:
2202106080802220008424093:
2202106080802241513633836:
2202106080802260008493286:
2202106080802340008500312:
2202106080802360009247716:
2202106080802390008504041:
2202106080802440008497463:
2202106080802450009339144:
2202106080802480008517783:
2202106080803090008494333:
2202106080803170009324604:
2202106080803200009291036:
2202106080803240008502364:
2202106080803350009282101:
2202106080804080008710957:
2202106080804520009232355:
2202106080805100008508326:
2202106080805241513646659:
2202106080806260009303870:
2202106080806310006027540:
2202106080806380009340483:
2202106080807020006041715:
2202106080807230006028292:
2202106080807470009253861:
2202106080808210008510378:
2202106080808340009281753:
2202106080808370009307388:
2202106080808410009286624:
2202106080808490007422376:
2202106080808520008508352:
2202106080808550007396360:
2202106080809050001083941:
2202106080809470002851799:
2202106080810460008426247:
2202106080811080009339824:
2202106080811240009303525:
2202106080811260006022855:
2202106080811300006027553:
2202106080811470006019428:
2202106080811570009304051:
2202106080812020008498988:
2202106080812050008680789:
2202106080812070009290365:
2202106080812150009275624:
2202106080814010008709954:
2202106080815090008499075:
2202106080815290008493028:
2202106080816050009254000:
2202106080817070006014993:
2202106080817300008426248:
2202106080818570009291663:
2202106080819480006022439:
2202106080820380009321319:
2202106080821150009310727:
2202106080823390003109818:
2202106080824090006042277:
2202106080825200008500378:
2202106080830160009298073:
2202106080831500008506632:
2202106080832530006039339:
2202106080835170009291061:
2202106080913070009292038:
2202106080958040008439606:
2202106081718310001079879:
2202106081725420009246193:
2202106081808190008694944:
2202106081907030001083941:
2202106081914020009286624:
2202106082000410002851478:
2202106082001120006021875:
2202106082001240008497276:
2202106082001320008680743:
2202106082001340008501741:
2202106082001440009326618:
2202106082002220009314167:
2202106082002240007396360:
2202106082002270008504258:
2202106082002310006033001:
2202106082002330008678354:
2202106082002330009307295:
2202106082002360009297569:
2202106082002390009307295:
2202106082003490009297664:
2202106082004200006030135:
2202106082004310009293148:
2202106082004530006040161:
2202106082005140009275335:
2202106082005160008506907:
2202106082005360009293911:
2202106082009450008702965:
2202106082010060009277203:
2202106082010091513633836:
2202106082010130008702965:
2202106082010220009293421:
2202106082011160008492705:
2202106082013320008508326:
2202106082013340009303870:
2202106082022270006039339:
2202106082023430008500956:
2202106082023470009226392:
2202106082023590009346038:
2202106082024100008514157:
2202106082024130006029990:
2202106082024150009248259:
2202106082025110007402482:
2202106082026080008426248:
2202106082028050009311703:
2202106082030340009236810:
2202106082054590006027540:
2202106082055040008424093:
2202106082108000008426247:
2202106082155400009272418:
2202106082156230009321319:
2202106082158400009284852:
2202106082158430009307388:
2202106082159030007398172:
2202106082159280009339828:
2202106082159320009281753:
2202106082159350009288224:
2202106082159420006019430:
2202106082200010002851799:
2202106082200030009296651:
2202106082200040009287011:
2202106082200060008514478:
2202106082200070009296651:
2202106082200090004181482:
2202106082200120009301551:
2202106082200130009321395:
2202106082200150008681883:
2202106082200170008429638:
2202106082200190008515447:
2202106082200200008709369:
2202106082200220008509894:
2202106082200240009276908:
2202106082200250009340483:
2202106082200280008686663:
2202106082200300009288638:
2202106082200310000431412:
2202106082200330008701527:
2202106082200350000431412:
2202106082200360006019428:
2202106082200380009314286:
2202106082200490008695140:
2202106082200520009314286:
2202106082200540008709061:
2202106082200570008698044:
2202106082201400006022439:
2202106082203190003915458:
2202106082207231513646659:
2202106082212120008503198:
2202106082303230008499075:
2202106082317440006027553:
2202106082357220009292038:
2202106082359010001083110:
2202106082359040008494656:
2202106082359070008511694:
2202106082359120009346170:
2202106082359160009321818:
2202106082359190008494656:
2202106082359210008494564:
2202106082359320009324604:
2202106082359350006032924:
2202106082359380008509901:
2202106082359420009324604:
2202106082359440006032924:
2202106082359460009342183:
2202106082359490009324107:
2202106082359500008690941:
2202106082359520009342183:
2202106082359560008698279:
2202106082359580009306271:
3202106080729180008501288:
3202106080729210006031524:
3202106080736260006026835:
3202106080738480009276661:
3202106080738570006028953:
3202106080739190003117204:
3202106080740330003934713:
3202106080740370009305555:
3202106080741520009346367:
3202106080742120009339211:
3202106080742140009350096:
3202106080742340008499556:
3202106080743040002851485:
3202106080743100008716625:
3202106080743550008681103:
3202106080744180009234458:
3202106080744210009277145:
3202106080744240009321481:
3202106080744280008687514:
3202106080744370009252962:
3202106080744440009298435:
3202106080744520008711197:
3202106080744550009335560:
3202106080745070008713719:
3202106080746500009323446:
3202106080747340006028799:
3202106080748330006018008:
3202106080748410006041717:
3202106080748450009306129:
3202106080748510009306586:
3202106080748530008503515:
3202106080749080009339792:
3202106080749130008678678:
3202106080749310006023662:
3202106080749330008500888:
3202106080749520008677903:
3202106080750050008692117:
3202106080750300009324637:
3202106080750410008501480:
3202106080750440009236820:
3202106080750480006022433:
3202106080750540008697156:
3202106080750580009233695:
3202106080751210009309829:
3202106080751330008502189:
3202106080751370009343384:
3202106080751480004155886:
3202106080751550008680900:
3202106080751590008714702:
3202106080752090008711249:
3202106080752120008690203:
3202106080752130008691341:
3202106080752140008697764:
3202106080752180008518703:
3202106080752210006039016:
3202106080752220006036336:
3202106080752240009284157:
3202106080752360009287411:
3202106080752400008689944:
3202106080752520008510264:
3202106080752550008494290:
3202106080752580008704360:
3202106080753020008703693:
3202106080753140008702698:
3202106080753160009336959:
3202106080753240008517496:
3202106080754000009295891:
3202106080754040008713928:
3202106080754060009326626:
3202106080754170009340813:
3202106080754340009331842:
3202106080754390009247521:
3202106080754410009354344:
3202106080754450001077421:
3202106080754480008503339:
3202106080754520008516658:
3202106080754560008498188:
3202106080754580009326609:
3202106080755000008502984:
3202106080755010009273013:
3202106080755030009322602:
3202106080755060009343593:
3202106080755260008711892:
3202106080755320006030484:
3202106080755390009299255:
3202106080755420004045200:
3202106080755510003137966:
3202106080755580009326658:
3202106080756020009252970:
3202106080756050008514795:
3202106080756080008504091:
3202106080756150009339930:
3202106080756280008680280:
3202106080756310006030480:
3202106080756410008494924:
3202106080756430009300618:
3202106080756470009233697:
3202106080756520009342954:
3202106080756540001099428:
3202106080757000009284852:
3202106080757020009272020:
3202106080757060009274203:
3202106080757110009346033:
3202106080757170003137967:
3202106080757190009325511:
3202106080757390008701274:
3202106080757470008498021:
3202106080757500008507829:
3202106080757530009308083:
3202106080757550008506766:
3202106080757570009301802:
3202106080758030006039497:
3202106080758050006039541:
3202106080758120001096293:
3202106080758140000424007:
3202106080758170008429633:
3202106080758190007404980:
3202106080758310008701103:
3202106080758330009324574:
3202106080758360009343149:
3202106080758390009322614:
3202106080758410009321321:
3202106080758450008512397:
3202106080758470008494141:
3202106080758520006024859:
3202106080758540008699992:
3202106080758580008494010:
3202106080759010006036318:
3202106080759080001094052:
3202106080759130009300590:
3202106080759150009343174:
3202106080759190008699273:
3202106080759370009340812:
3202106080759400008445992:
3202106080759460009339195:
3202106080759490009232350:
3202106080759511513653821:
3202106080759530009226952:
3202106080759550009327615:
3202106080759570003137964:
3202106080759590007422489:
3202106080800000009354625:
3202106080800030003137964:
3202106080800050009234248:
3202106080800060009243147:
3202106080800130009330829:
3202106080800160006016090:
3202106080800540009253719:
3202106080800590008498170:
3202106080801150006020195:
3202106080801180008688767:
3202106080802170007421690:
3202106080802290009226412:
3202106080802310009326648:
3202106080802330008492065:
3202106080802350009226412:
3202106080802390006032999:
3202106080802560008503789:
3202106080802580006015460:
3202106080803070008504275:
3202106080803190008518736:
3202106080803210008497634:
3202106080803330007419418:
3202106080803420008695330:
3202106080803470009279481:
3202106080804160009286996:
3202106080805050009346327:
3202106080805060006023085:
3202106080806280003137991:
3202106080806320009226400:
3202106080806340009289323:
3202106080806490007402205:
3202106080807330009337945:
3202106080807380007421210:
3202106080807420006023666:
3202106080807470008506597:
3202106080808130003137754:
3202106080808190008493217:
3202106080808210006033902:
3202106080808230008698795:
3202106080809000006024738:
3202106080809170009226449:
3202106080809200008505932:
3202106080810550008504585:
3202106080812250008514966:
3202106080812340009288958:
3202106080813300009275624:
3202106080813320008494092:
3202106080814090001089614:
3202106080814170006041721:
3202106080817590009293228:
3202106080818510009225488:
3202106080820550009323999:
3202106080820580008699143:
3202106080824250006019317:
3202106080825360008503489:
3202106080826580009354802:
3202106080827070008704323:
3202106080905570006022420:
3202106081700080004155886:
3202106081702140008699485:
3202106081702160009326609:
3202106081704210008702698:
3202106081705050008497634:
3202106081708050009302534:
3202106081738290008677300:
3202106081759510009226448:
3202106081800020008692117:
3202106081800040006018008:
3202106081800060009324879:
3202106081800080009252970:
3202106081800120008690234:
3202106081800140008699992:
3202106081800170000439530:
3202106081800210009327615:
3202106081800270008514795:
3202106081800470008711892:
3202106081800530008504585:
3202106081800590009324606:
3202106081801020009354349:
3202106081801060009336959:
3202106081801120009354349:
3202106081801180008494010:
3202106081801520008500889:
3202106081806340009274203:
3202106081811370007401166:
3202106081811430008494402:
3202106081816401513653096:
3202106081900000009331842:
3202106081900020009306586:
3202106081900040009234458:
3202106081900050009351964:
3202106081900071513637255:
3202106081900090008690203:
3202106081900110008429633:
3202106081900140008518703:
3202106081901330008445992:
3202106081901350008502984:
3202106081901430009243147:
3202106081901450008681103:
3202106081902040009340450:
3202106081903040008711197:
3202106081903070009246199:
3202106081903090009339930:
3202106081903120008713928:
3202106081903140009282830:
3202106081903250006024859:
3202106081903370008518736:
3202106081903510009335560:
3202106081904040006032999:
3202106081904090006030480:
3202106081904160008503515:
3202106081904190008703693:
3202106081904240006033902:
3202106081904470007402205:
3202106081905110006042240:
3202106081905310006030484:
3202106081907290009226400:
3202106081909040008503303:
3202106081909450008506597:
3202106081910110006024741:
3202106081910150008509836:
3202106081910180006024741:
3202106081923240008698121:
3202106081952210008503489:
3202106081953280009254000:
3202106081958310007422489:
3202106081958480008516420:
3202106081958500006028953:
3202106081959040003137991:
3202106081959260009346327:
3202106082000010009295891:
3202106082000020006023662:
3202106082000050008715630:
3202106082000070008688282:
3202106082000090009254212:
3202106082000110009333812:
3202106082000140008691341:
3202106082000170009301802:
3202106082000190008504091:
3202106082000210009342940:
3202106082000230006028450:
3202106082000340009346367:
3202106082002010008514966:
3202106082002030006036336:
3202106082002060002851443:
3202106082002110009354391:
3202106082002190002851443:
3202106082002220009236868:
3202106082002240002851443:
3202106082002300009277145:
3202106082002380008504275:
3202106082002410003137964:
3202106082002510009277145:
3202106082002580009322602:
3202106082003000006031524:
3202106082003240008517323:
3202106082003250009308083:
3202106082003290000424007:
3202106082003430009287411:
3202106082006210003137966:
3202106082011480009293228:
3202106082017460007407502:
3202106082017510009289323:
3202106082021370008494092:
3202106082021560008504041:
3202106082023310009304051:
3202106082033240009292442:
3202106082042450009291061:
3202106082057500009291061:
3202106082100140009281874:
3202106082100220009322590:
3202106082101010000424146:
3202106082101280009236820:
3202106082102430008507829:
3202106082102500009326626:
3202106082103390006015460:
3202106082103500008500888:
3202106082107260009291036:
3202106082157350008714113:
3202106082157370009342954:
3202106082157380003918790:
3202106082157400008688767:
3202106082157430006019317:
3202106082157460009225488:
3202106082157470006041721:
3202106082157490008713719:
3202106082157520009230815:
3202106082157540003137967:
3202106082157550009309829:
3202106082157570002851487:
3202106082157590009340812:
3202106082158010006025403:
3202106082158030009340813:
3202106082158070009324068:
3202106082158080009340813:
3202106082158110009226816:
3202106082158130006028799:
3202106082158140009273013:
3202106082158170008499509:
3202106082158190008515502:
3202106082158200009247521:
3202106082158220007419418:
3202106082158250009226952:
3202106082158270009234248:
3202106082158290008714702:
3202106082158320008510264:
3202106082158330009324637:
3202106082158350008711249:
3202106082158380009343384:
3202106082158400001099428:
3202106082158460007406670:
3202106082158490001094052:
3202106082158510008701274:
3202106082158530009325511:
3202106082158540008695330:
3202106082158570009346020:
3202106082159010008717268:
3202106082159030008681703:
3202106082159050008501288:
3202106082159060009324138:
3202106082159080009253861:
3202106082159090008697156:
3202106082159130008710216:
3202106082159140008499556:
3202106082159160009354344:
3202106082159190003137754:
3202106082159210008704360:
3202106082159220008493217:
3202106082159240008708003:
3202106082159260004164864:
3202106082159290006035580:
3202106082159320008501480:
3202106082159340009330829:
3202106082159380009252962:
3202106082159400009232350:
3202106082159410009354802:
3202106082159450008498188:
3202106082159470009321321:
3202106082159490008704323:
3202106082159510006022433:
3202106082159540009323446:
3202106082159570008492410:
3202106082200010008707174:
3202106082200040008502189:
3202106082200060008707174:
3202106082200080009306129:
3202106082200090008680900:
3202106082200110009354825:
3202106082200130008494290:
3202106082200150009226412:
3202106082200160008503789:
3202106082200180008495468:
3202106082200190009226412:
3202106082200210008718055:
3202106082200230009339792:
3202106082200260008680280:
3202106082200271513653050:
3202106082200310009346033:
3202106082200330008492065:
3202106082200360008678678:
3202106082200370008687514:
3202106082200410006040154:
3202106082200430009340801:
3202106082200440009350096:
3202106082200460009300618:
3202106082200480009324629:
3202106082200500009339802:
3202106082200520009324629:
3202106082200540008687514:
3202106082200560008494427:
3202106082200570008497528:
3202106082200590008506766:
3202106082201000009253719:
3202106082201030006025823:
3202106082201050009298435:
3202106082201070009323999:
3202106082201100009343593:
3202106082201110009335491:
3202106082201130008693150:
3202106082201150008716625:
3202106082201170008707911:
3202106082201180008701103:
3202106082201200007418333:
3202106082201220008698315:
3202106082201240009234108:
3202106082201250006023666:
3202106082201270001096293:
3202106082201290006014943:
3202106082201300008693892:
3202106082201320008685403:
3202106082201340006014943:
3202106082201350001087543:
3202106082201370008498021:
3202106082201390009326650:
3202106082201421513653821:
3202106082201440009339144:
3202106082201460008496969:
3202106082201480008696388:
3202106082201500008677829:
3202106082201530008688253:
3202106082201550006030145:
3202106082201560006039129:
3202106082201580007421690:
3202106082202010008508589:
3202106082202030008688253:
3202106082202070006039016:
3202106082202090009226449:
3202106082202110006020195:
3202106082202140008716113:
3202106082202170009351758:
3202106082202190009284157:
3202106082202260009288958:
3202106082202300009326648:
3202106082202370007395593:
3202106082202390007405149:
3202106082202430009324085:
3202106082202450003126147:
3202106082202500009305555:
3202106082202520008503824:
3202106082203040009354625:
3202106082203070009233697:
3202106082203110009339211:
3202106082203130006039998:
3202106082203200009291061:
3202106082203220008677903:
3202106082203240009286996:
3202106082203270008712416:
3202106082203400009230749:
3202106082204350008677773:
3202106082204580009299255:
3202106082205000006026835:
3202106082205040009276661:
3202106082205060008500378:
3202106082205120008494964:
3202106082205150008515578:
3202106082205170001089614:
3202106082205200007421210:
3202106082206540009325528:
4202106080734580008501835:
4202106080741490001087543:
4202106080742380009250787:
4202106080744170009285513:
4202106080744290009296645:
4202106080744450009339818:
4202106080745020008429607:
4202106080745320000424545:
4202106080747010008681212:
4202106080747130009324572:
4202106080747150008690224:
4202106080747200008493340:
4202106080747230008695597:
4202106080747520009295454:
4202106080748130009339821:
4202106080749280009341742:
4202106080749410006040155:
4202106080750330009231425:
4202106080750390009346340:
4202106080750430009339915:
4202106080750540004163548:
4202106080751060006016091:
4202106080751140007406670:
4202106080751160006027612:
4202106080751190006015165:
4202106080751420006013128:
4202106080751481513631101:
4202106080752000009252994:
4202106080752070006021988:
4202106080752120009234249:
4202106080752150009253995:
4202106080752230009324118:
4202106080752310008495556:
4202106080752330009351814:
4202106080752361513653096:
4202106080752380004179293:
4202106080753080009226797:
4202106080753090003126356:
4202106080753130009342978:
4202106080753490009339834:
4202106080753540009246202:
4202106080753570003132772:
4202106080754000009352010:
4202106080754160009351958:
4202106080754190015629857:
4202106080754210009305260:
4202106080754230006039974:
4202106080754360007398203:
4202106080754490009311280:
4202106080754590003116965:
4202106080755050009246201:
4202106080755060009342984:
4202106080755080009346055:
4202106080755130004171887:
4202106080755160009249489:
4202106080755230009298206:
4202106080755260009324614:
4202106080755410008684967:
4202106080755450008716113:
4202106080755490009226821:
4202106080756030009340817:
4202106080756050009272601:
4202106080756220009339204:
4202106080756250009341511:
4202106080756260009348776:
4202106080756280008677569:
4202106080756310009341511:
4202106080756340009327620:
4202106080756360008710875:
4202106080756390009348776:
4202106080756460001088074:
4202106080756480008495972:
4202106080756510008499867:
4202106080756530008695667:
4202106080756560007396382:
4202106080756580009346181:
4202106080757000008699709:
4202106080757050008496149:
4202106080757070009324605:
4202106080757090006022158:
4202106080757110006027345:
4202106080757130009283252:
4202106080757150008500083:
4202106080757270007401166:
4202106080757300009341013:
4202106080757330001083930:
4202106080757350008505427:
4202106080757400008502693:
4202106080758090009342143:
4202106080758120009277510:
4202106080758140008686117:
4202106080758160009253991:
4202106080758200009346685:
4202106080758250009342142:
4202106080758300009337006:
4202106080758330009331044:
4202106080758440007402196:
4202106080758500008511222:
4202106080758530007402196:
4202106080758560006036994:
4202106080759110008501953:
4202106080759150008499047:
4202106080759170009225508:
4202106080759190009342981:
4202106080759210008499706:
4202106080759280006029910:
4202106080759310004169060:
4202106080759371513653050:
4202106080759440003126360:
4202106080759470007398198:
4202106080759500008503979:
4202106080759520009346035:
4202106080800000009342035:
4202106080800040009339837:
4202106080800170007401131:
4202106080800260008494427:
4202106080800270000431385:
4202106080800290009342997:
4202106080800310009273026:
4202106080800340008510188:
4202106080800460006036997:
4202106080800550008499310:
4202106080801100008493895:
4202106080801440009342982:
4202106080801500006037029:
4202106080801580008717694:
4202106080802010009339817:
4202106080802120009301075:
4202106080802140009339817:
4202106080802220008494402:
4202106080802240009274874:
4202106080802270008719239:
4202106080802340008500142:
4202106080802540009354827:
4202106080803080006033000:
4202106080803400007411174:
4202106080803510008445656:
4202106080803530008499675:
4202106080804360009226433:
4202106080804550008426949:
4202106080805060008509836:
4202106080805240008512783:
4202106080806390008513100:
4202106080807140004179142:
4202106080808050009339254:
4202106080809180006039973:
4202106080809220007406683:
4202106080809360008501349:
4202106080810140009300544:
4202106080811010009226399:
4202106080811110009343432:
4202106080812210007395592:
4202106080813010006036504:
4202106080817050009231455:
4202106080822010007407764:
4202106080822030008493677:
4202106080822210009322590:
4202106080825440009303697:
4202106080830310006039506:
4202106080843100009226448:
4202106080931230009283323:
4202106081700350008426949:
4202106081715170008699143:
4202106081759020008708992:
4202106081800540009252994:
4202106081801170009249489:
4202106081801190006020192:
4202106081801320007395592:
4202106081801470009234249:
4202106081801490008512783:
4202106081801520009341511:
4202106081801570009250787:
4202106081802240009339817:
4202106081805270008515848:
4202106081812030009324118:
4202106081858380009226797:
4202106081900040008505427:
4202106081900150009351814:
4202106081900330009342997:
4202106081900370004179293:
4202106081900390009281928:
4202106081901040009346685:
4202106081901100009311280:
4202106081901170009327564:
4202106081901210009346055:
4202106081901230009342035:
4202106081901300006033000:
4202106081901450009354827:
4202106081902100006041875:
4202106081902130009231425:
4202106081903240009324574:
4202106081904380009342984:
4202106081904490009341013:
4202106081905180009272020:
4202106082000170008499867:
4202106082001150009342978:
4202106082001240009343174:
4202106082001500008500567:
4202106082002190009324614:
4202106082002240009346340:
4202106082002300008513100:
4202106082002320008512397:
4202106082003230006021988:
4202106082033130009303697:
4202106082153010009349952:
4202106082158460007402498:
4202106082158510006036994:
4202106082158580007421735:
4202106082159010002854367:
4202106082159080009339254:
4202106082159110009234457:
4202106082159130008507377:
4202106082159150004171887:
4202106082159240008690794:
4202106082159280008493092:
4202106082159300009324076:
4202106082159320009298206:
4202106082159380009233695:
4202106082159400009351830:
4202106082159420009233695:
4202106082159430009337006:
4202106082159450009351830:
4202106082159470008695667:
4202106082159480006020220:
4202106082159510004169060:
4202106082159550009349985:
4202106082159580003116965:
4202106082200000008502693:
4202106082200020008493340:
4202106082200030004045200:
4202106082200060008502693:
4202106082200070008493340:
4202106082200090006040155:
4202106082200120009272601:
4202106082200140008695597:
4202106082200160009339195:
4202106082200180008695597:
4202106082200200008681212:
4202106082200220008686117:
4202106082200250007398203:
4202106082200270008717694:
4202106082200280000424545:
4202106082200300008493833:
4202106082200320009339915:
4202106082200340009277510:
4202106082200360009326600:
4202106082200380008710875:
4202106082200390009342982:
4202106082200410006041088:
4202106082200440008499706:
4202106082200460008493895:
4202106082200480009234486:
4202106082200500009346035:
4202106082200510009301075:
4202106082200530009331044:
4202106082200540009226433:
4202106082200560009341742:
4202106082200580008494924:
4202106082201020009343567:
4202106082201030008690224:
4202106082201050009336990:
4202106082201090007401131:
4202106082201100001088074:
4202106082201120008699709:
4202106082201130008499675:
4202106082201160009342142:
4202106082201180008429607:
4202106082201200008495972:
4202106082201200009324572:
4202106082201230006022003:
4202106082201250007396382:
4202106082201270009348776:
4202106082201280009273026:
4202106082201310009327620:
4202106082201330004163548:
4202106082201350006013128:
4202106082201370007402196:
4202106082201390008719239:
4202106082201421513631101:
4202106082201440008494201:
4202106082201460008495556:
4202106082201491513631101:
4202106082201510008719239:
4202106082201530007402196:
4202106082201560009305260:
4202106082201581513631101:
4202106082201590001083930:
4202106082202010008499047:
4202106082202060006039506:
4202106082202290009231455:
4202106082202310009226821:
4202106082202330008500142:
4202106082202380009254169:
4202106082202530007407499:
4202106082203060009226399:
4202106082203350007407764:
4202106082203390009226429:
5202106080000010008503915:
5202106080000060009321395:
5202106080000080008496310:
5202106080000090009321395:
5202106080000110009225507:
5202106080000120008519522:
5202106080000140009341030:
5202106080000150008519522:
5202106080000170008517932:
5202106080000190008694659:
5202106080000220009341030:
5202106080000240007414082:
5202106080001020009281814:
5202106080001050007410282:
5202106080001070009297056:
5202106080002450007413042:
5202106080002590003137987:
5202106080006510008686064:
5202106080011050009285513:
5202106080011140008503532:
5202106080735440009254926:
5202106080741110008690059:
5202106080741390008495037:
5202106080742220008676811:
5202106080743040008499208:
5202106080743110009346707:
5202106080743140009298483:
5202106080743170009234467:
5202106080743290006032924:
5202106080743320001079288:
5202106080743450007402194:
5202106080743501513637915:
5202106080743590006039969:
5202106080745230008699606:
5202106080745280008510518:
5202106080745360008503532:
5202106080745390008699606:
5202106080745480008500113:
5202106080746060008718216:
5202106080746120008690529:
5202106080746550004175443:
5202106080747351513645885:
5202106080747470009236903:
5202106080748500009279709:
5202106080748580007402523:
5202106080749060009305457:
5202106080749230009346353:
5202106080749260008496310:
5202106080749290009351833:
5202106080749370007411321:
5202106080749440008503915:
5202106080749490003137990:
5202106080749570006021877:
5202106080750000008495319:
5202106080750200008496310:
5202106080750220009230781:
5202106080750310008509806:
5202106080750390007414082:
5202106080750410008517932:
5202106080750580007413810:
5202106080751000009314377:
5202106080751130008709393:
5202106080751170009342002:
5202106080751360009336988:
5202106080751380008511694:
5202106080751510003892332:
5202106080752100009338814:
5202106080752120008692450:
5202106080752140008494656:
5202106080752150006037287:
5202106080752180009343364:
5202106080752210009341030:
5202106080752340008491998:
5202106080752390009340824:
5202106080752420008511010:
5202106080753100009225495:
5202106080753150009339273:
5202106080753170009225495:
5202106080753220008706878:
5202106080753310001108277:
5202106080753340009339797:
5202106080753530008694659:
5202106080754060004179472:
5202106080754090008509370:
5202106080754220007402500:
5202106080754250009296798:
5202106080754280009225523:
5202106080754290007402500:
5202106080754310009234487:
5202106080754400009254229:
5202106080754420006022852:
5202106080754580009352009:
5202106080755010009226965:
5202106080755370008515021:
5202106080755380008513950:
5202106080755400009253842:
5202106080755440009306271:
5202106080755480009226440:
5202106080755540009252984:
5202106080755560008512362:
5202106080756010009226392:
5202106080756030009254207:
5202106080756050007398914:
5202106080756100008512362:
5202106080756120008682585:
5202106080756150007402466:
5202106080756180008512059:
5202106080756200006040952:
5202106080756300009321818:
5202106080756320008698279:
5202106080756410009300607:
5202106080756420009339219:
5202106080756440008709011:
5202106080756460009241934:
5202106080756500008697836:
5202106080756520009225481:
5202106080756540008510518:
5202106080756590009327416:
5202106080757010009232378:
5202106080757130008704200:
5202106080757150008701083:
5202106080757200009287006:
5202106080757220000424165:
5202106080757230006029911:
5202106080757290008717044:
5202106080757310008497291:
5202106080757450009346362:
5202106080757460008686064:
5202106080757510008506797:
5202106080757590006030118:
5202106080758080003920040:
5202106080758140009230795:
5202106080758180009225507:
5202106080758340009321334:
5202106080758400006039671:
5202106080758450008702320:
5202106080758510009351308:
5202106080758570001077087:
5202106080759060008503171:
5202106080759080006030142:
5202106080759210009298207:
5202106080759250009230754:
5202106080759260003928344:
5202106080759280008493366:
5202106080759290003928344:
5202106080759310009346376:
5202106080759330009321395:
5202106080759350009348762:
5202106080759370009347607:
5202106080759380009297056:
5202106080759420009282809:
5202106080759460008717926:
5202106080759490009226385:
5202106080759510009300596:
5202106080759540001083110:
5202106080759550009288270:
5202106080800020003126147:
5202106080800040009288270:
5202106080800080009342959:
5202106080800090009234480:
5202106080800180007407459:
5202106080800240008509901:
5202106080800340008508219:
5202106080800390008500184:
5202106080800430009324831:
5202106080800470008510090:
5202106080801010008708048:
5202106080801060009346170:
5202106080801090009234088:
5202106080801220009236809:
5202106080801360009246199:
5202106080801430009326648:
5202106080801460009326612:
5202106080801480000424167:
5202106080801550006030130:
5202106080802030003126145:
5202106080802210008510716:
5202106080802500008507561:
5202106080802520009321326:
5202106080802540009339839:
5202106080802580008687593:
5202106080803030008493286:
5202106080803120008500312:
5202106080803230001097762:
5202106080803300009323985:
5202106080803320001097762:
5202106080803340009323985:
5202106080803381513649006:
5202106080804160007411536:
5202106080805440009281814:
5202106080805470007410282:
5202106080805590008519522:
5202106080806100008506376:
5202106080806120008519522:
5202106080806460009275948:
5202106080806580000439539:
5202106080807060008697063:
5202106080808030009339803:
5202106080808200007413042:
5202106080809250009254183:
5202106080810090006009777:
5202106080810390002851479:
5202106080811080009324107:
5202106080812200003137987:
5202106080812270006031525:
5202106080812390009225494:
5202106080813370008706494:
5202106080813520008497795:
5202106080814030008512216:
5202106080814340008709954:
5202106080814510006036876:
5202106080815410008499075:
5202106080816580009326645:
5202106080817590007410385:
5202106080820100009234247:
5202106080821400009293535:
5202106080829550009232651:
5202106081659300008690529:
5202106081702250009288270:
5202106081717570008709954:
5202106081758260008495319:
5202106081900030009226826:
5202106081900170009226385:
5202106081921570008497657:
5202106081936170008506632:
5202106081958210007411536:
5202106081959050009310954:
5202106082000010009283932:
5202106082000030009226426:
5202106082000060007422441:
5202106082000080001122577:
5202106082000170006042277:
5202106082000300009230754:
5202106082003580009287011:
5202106082004330008508587:
5202106082004430009293911:
5202106082006310007406867:
5202106082011470007415195:
5202106082013140008676957:
5202106082014230009232651:
5202106082022400009226392:
5202106082024200009340499:
5202106082045360008678308:
5202106082101330008519041:
5202106082148050006022855:
5202106082148070008498988:
5202106082155070009272418:
5202106082155310009321319:
5202106082156440009303525:
5202106082158110003137963:
5202106082158140009272184:
5202106082158170008689537:
5202106082158210009272184:
5202106082158250008697063:
5202106082158270008711445:
5202106082158300009346063:
5202106082159090006021991:
5202106082159120008499509:
5202106082159140008491901:
5202106082159160006040360:
5202106082159160009321395:
5202106082159190008491901:
5202106082159260009325511:
5202106082159370009327616:
5202106082159390009287006:
5202106082159430006027344:
5202106082159440006024122:
5202106082159460008681703:
5202106082159470006026834:
5202106082159490003132773:
5202106082159500006027344:
5202106082159520009233704:
5202106082159540009343149:
5202106082159550009273013:
5202106082200010003137754:
5202106082200030008493217:
5202106082200040009226447:
5202106082200060003892332:
5202106082200070009226394:
5202106082200370008497699:
5202106082200380009254207:
5202106082200400009226812:
5202106082200420008513365:
5202106082200450006015163:
5202106082200470007412611:
5202106082200510004169060:
5202106082200520008508352:
5202106082201060008678678:
5202106082201190008708048:
5202106082201310007398203:
5202106082201340009300544:
5202106082201360008708048:
5202106082201410000424545:
5202106082201560006030146:
5202106082202560009339795:
5202106082221120006009777:
5202106082233130007410282:
5202106082302490008499075:
5202106082358230009321818:
5202106082358270008503532:
5202106082358290006012153:
5202106082358420009327416:
5202106082358500009324107:
5202106082358520009327416:
5202106082358550006030118:
5202106082358590009324107:
5202106082359010009351833:
5202106082359050006030142:
5202106082359060003928344:
5202106082359100008687593:
5202106082359130003928344:
5202106082359200008706878:
5202106082359220006041715:
5202106082359310006030130:
5202106082359320006041715:
5202106082359340006040952:
5202106082359350008497291:
5202106082359430009351823:
5202106082359500008513950:
5202106082359540009323985:
6202106080728540008501612:
6202106080732430009326438:
6202106080735530006039493:
6202106080736490008712381:
6202106080737350007411542:
6202106080738260008692290:
6202106080738320009324076:
6202106080739090008509948:
6202106080739300009283693:
6202106080739320009253739:
6202106080739350009283693:
6202106080739420009234108:
6202106080739460004166400:
6202106080739490009283693:
6202106080740080009292116:
6202106080741080006040360:
6202106080741190008500109:
6202106080741250008712785:
6202106080741410009231452:
6202106080741550008509407:
6202106080741590008499556:
6202106080742320008716625:
6202106080743190007412611:
6202106080743240006039674:
6202106080743270007412611:
6202106080743420008710216:
6202106080743450008508521:
6202106080743540006028762:
6202106080743560008710216:
6202106080743580008508521:
6202106080744050006028762:
6202106080744150006025403:
6202106080744280008718055:
6202106080744300009351758:
6202106080744420008713719:
6202106080745080009327616:
6202106080745190008707911:
6202106080745260008708003:
6202106080746020008501833:
6202106080746100009349985:
6202106080746140008508290:
6202106080746310009339274:
6202106080746360009236868:
6202106080747000006028799:
6202106080747130007405149:
6202106080747380002851459:
6202106080747450006018008:
6202106080747460009230790:
6202106080748000009326650:
6202106080748290006027609:
6202106080748330008498971:
6202106080748370008683421:
6202106080748530009325535:
6202106080748560006023662:
6202106080749390008685403:
6202106080749450009296138:
6202106080749490009324637:
6202106080749530008491948:
6202106080750100009348376:
6202106080750230008492622:
6202106080750340008715839:
6202106080750550008492636:
6202106080750570009226393:
6202106080751010008496367:
6202106080751050009247696:
6202106080751080008501942:
6202106080751120009233704:
6202106080751170003916932:
6202106080751310009282830:
6202106080751360002851460:
6202106080751390001083945:
6202106080751410001122577:
6202106080751440008517323:
6202106080751460009352016:
6202106080751480006036336:
6202106080751510006025823:
6202106080751550006037924:
6202106080751570008513144:
6202106080752000008515734:
6202106080752050008689944:
6202106080752070008506434:
6202106080752100003892332:
6202106080752190008510316:
6202106080752250006028757:
6202106080752270002851487:
6202106080752320008688282:
6202106080752330006039510:
6202106080752350004046800:
6202106080752460008693892:
6202106080752480008493676:
6202106080752570009252946:
6202106080753040006041875:
6202106080753080008711445:
6202106080753140008709488:
6202106080753150008501942:
6202106080753170008689537:
6202106080753190008693920:
6202106080753200008492410:
6202106080753220008517056:
6202106080753240009281928:
6202106080753260008495468:
6202106080753270007402467:
6202106080753330001087528:
6202106080753360007402467:
6202106080753400009226959:
6202106080753420009342962:
6202106080753440007421269:
6202106080753470009226426:
6202106080753480009340813:
6202106080753530007421269:
6202106080754020008443266:
6202106080754060008513365:
6202106080754140009326609:
6202106080754180007395586:
6202106080754200003137945:
6202106080754220007395627:
6202106080754240009343593:
6202106080754260009273013:
6202106080754290008716113:
6202106080754330006030482:
6202106080754470008717268:
6202106080754500008506055:
6202106080755000009232653:
6202106080755020009348566:
6202106080755040009254908:
6202106080755080007398172:
6202106080755120007421735:
6202106080755160009234457:
6202106080755170008517815:
6202106080755210001114611:
6202106080755240009310978:
6202106080755290008516213:
6202106080755310009326658:
6202106080755330009351768:
6202106080755390009346173:
6202106080755410008695905:
6202106080755520009226812:
6202106080755540008680280:
6202106080755590007419049:
6202106080756010008519041:
6202106080756030006030480:
6202106080756050009324879:
6202106080756070008494924:
6202106080756110008515502:
6202106080756150008683630:
6202106080756190009339802:
6202106080756210007395593:
6202106080756220008518128:
6202106080756240009342954:
6202106080756280009324085:
6202106080756310009286616:
6202106080756340009286387:
6202106080756360006018006:
6202106080756380009342998:
6202106080756400007402466:
6202106080756420006022003:
6202106080756450009349972:
6202106080756470007422441:
6202106080756500009230815:
6202106080756520009339225:
6202106080756560008511510:
6202106080756570006028957:
6202106080756590009278607:
6202106080757030009327564:
6202106080757050009324629:
6202106080757060002854367:
6202106080757080009324629:
6202106080757110008512035:
6202106080757120006024122:
6202106080757140008507829:
6202106080757150008498021:
6202106080757180003918790:
6202106080757200009226817:
6202106080757210006025807:
6202106080757230009348543:
6202106080757260007406867:
6202106080757320009240533:
6202106080757340001096293:
6202106080757360008500889:
6202106080757390000424007:
6202106080757410009226447:
6202106080757430008698121:
6202106080757440008506074:
6202106080757460007415144:
6202106080757480007421253:
6202106080757530009305197:
6202106080757550007404980:
6202106080757560009348603:
6202106080758020008516420:
6202106080758040008500401:
6202106080758060009335539:
6202106080758070008512397:
6202106080758090009230793:
6202106080758110006015163:
6202106080758130008699992:
6202106080758180007402512:
6202106080758200006035580:
6202106080758210004164864:
6202106080758230006026834:
6202106080758240008708992:
6202106080758280008497935:
6202106080758290006016276:
6202106080758350008515719:
6202106080758360008492480:
6202106080758380008512859:
6202106080758400008497528:
6202106080758420008501795:
6202106080758450009343174:
6202106080758470008713215:
6202106080758490009325498:
6202106080758510006039129:
6202106080758540007419034:
6202106080758560006028298:
6202106080759000009254212:
6202106080759020008445992:
6202106080759040009326600:
6202106080759060009232350:
6202106080759081513653821:
6202106080759100009324068:
6202106080759110008493833:
6202106080759140008501482:
6202106080759170008431645:
6202106080759190001077087:
6202106080759210009335491:
6202106080759260009278808:
6202106080759270009354625:
6202106080759300009340801:
6202106080759310009354391:
6202106080759340007409900:
6202106080759370007404952:
6202106080759390004178213:
6202106080759410008698315:
6202106080759430009330829:
6202106080759470009353030:
6202106080759490009230754:
6202106080759510009310954:
6202106080759520007402498:
6202106080759540007421209:
6202106080759560008712416:
6202106080759570009351830:
6202106080759590009354825:
6202106080800030009340816:
6202106080800050006019432:
6202106080800070009226385:
6202106080800120006032030:
6202106080800140006020220:
6202106080800160006027344:
6202106080800180006032030:
6202106080800210006042240:
6202106080800220004158333:
6202106080800260000431430:
6202106080800290008498170:
6202106080800320008515578:
6202106080800340006010458:
6202106080800390009241075:
6202106080800400009247694:
6202106080800430008692560:
6202106080800450008696238:
6202106080800480008493565:
6202106080800500008494201:
6202106080800510003137963:
6202106080800540009342940:
6202106080801000009230749:
6202106080801030009324138:
6202106080801040009324606:
6202106080801060009354582:
6202106080801080009307131:
6202106080801120008708560:
6202106080801150009354349:
6202106080801180008499805:
6202106080801200008708048:
6202106080801220008497699:
6202106080801280009233737:
6202106080801300006039337:
6202106080801320008498240:
6202106080801350006028450:
6202106080801390006028797:
6202106080801430006033720:
6202106080801470008508757:
6202106080801520008677829:
6202106080801540008513733:
6202106080801560008703345:
6202106080801580009282114:
6202106080802000008495365:
6202106080802020008715630:
6202106080802040008500597:
6202106080802060008511515:
6202106080802080008696388:
6202106080802100000424167:
6202106080802120006035813:
6202106080802130006033000:
6202106080802160009333812:
6202106080802180008499165:
6202106080802200008503789:
6202106080802220009351964:
6202106080802250006015460:
6202106080802270009294520:
6202106080802300008505663:
6202106080802350009292442:
6202106080802380008714113:
6202106080802400009234486:
6202106080802450008681703:
6202106080802470000424146:
6202106080802490006024741:
6202106080802520008499792:
6202106080802550009276489:
6202106080802580009254002:
6202106080803011513637255:
6202106080803050006031532:
6202106080803070009340450:
6202106080803100008494613:
6202106080803120008506912:
6202106080803180009311591:
6202106080803220008500567:
6202106080803260008680442:
6202106080803340009354699:
6202106080803380006039972:
6202106080803440009232629:
6202106080803490007417231:
6202106080803530008502735:
6202106080804060006016277:
6202106080804100007421743:
6202106080804120006022160:
6202106080804140006025806:
6202106080804350009309504:
6202106080804380006023085:
6202106080805040009231473:
6202106080805070006028451:
6202106080805110008497774:
6202106080805200009303097:
6202106080805231513409863:
6202106080805290008503824:
6202106080805320008679943:
6202106080805341513643510:
6202106080805380009247509:
6202106080805470008499149:
6202106080805520008495161:
6202106080806020008715034:
6202106080806090006039675:
6202106080806210009354581:
6202106080806270008516772:
6202106080806380009226816:
6202106080806390008512000:
6202106080806440009336990:
6202106080806460009343567:
6202106080806520009337903:
6202106080806580009231410:
6202106080807000009288913:
6202106080807090009234484:
6202106080807130009346020:
6202106080807220008707174:
6202106080807250008686680:
6202106080807310006039995:
6202106080808040009226804:
6202106080808490009298223:
6202106080808530009232613:
6202106080808550009254169:
6202106080809210008491901:
6202106080810080006040154:
6202106080810260008502759:
6202106080810340006017496:
6202106080810400009226946:
6202106080811490009282645:
6202106080812120006024088:
6202106080812500001077425:
6202106080813070006021991:
6202106080813370009325528:
6202106080817020008507377:
6202106080817120009226390:
6202106080817570006014993:
6202106080818210009225488:
6202106080818280009283932:
6202106080820220008699143:
6202106080820250009323999:
6202106080822250009226429:
6202106080822590008676957:
6202106080824030008691906:
6202106080834330009234240:
6202106080834380009225500:
6202106080834580009253988:
6202106080845230008699485:
6202106080847500008496969:
6202106080900140007407502:
6202106080913470009290471:
6202106080941380009254170:
6202106081702320006024088:
6202106081702390009326609:
6202106081702460008426949:
6202106081703050008516658:
6202106081704110006039995:
6202106081706100008497634:
6202106081711300006031532:
6202106081759080009322614:
6202106081800080009354460:
6202106081800360006018008:
6202106081800450009327615:
6202106081800580008514795:
6202106081801070008711892:
6202106081801230009324606:
6202106081801260009336959:
6202106081805250008494141:
6202106081816200009310727:
6202106081816310009298073:
6202106081852390008493028:
6202106081858490008691906:
6202106081858530006039972:
6202106081858560008506434:
6202106081859000009348566:
6202106081859020008517056:
6202106081859270009307131:
6202106081859320008501833:
6202106081859350009339274:
6202106081859360008509948:
6202106081859480009310978:
6202106081900000009282645:
6202106081900020009226385:
6202106081900030001077421:
6202106081900050003916932:
6202106081900070004046800:
6202106081900110008516772:
6202106081900240003126383:
6202106081900260006025806:
6202106081900290009306586:
6202106081900310009331842:
6202106081900370006039674:
6202106081900390008518703:
6202106081900410006039493:
6202106081900440008500597:
6202106081900470008513733:
6202106081900500008511515:
6202106081900550009335539:
6202106081901120009348543:
6202106081901160008695905:
6202106081901180009252946:
6202106081901200008501795:
6202106081901230008492636:
6202106081901260006030482:
6202106081901270006022160:
6202106081901360008508521:
6202106081901390006022160:
6202106081901410008508757:
6202106081901440008511510:
6202106081901500008506074:
6202106081901530009285701:
6202106081901560006039510:
6202106081901590008493676:
6202106081902200008495365:
6202106081902280015629857:
6202106081902500008515719:
6202106081902570009340816:
6202106081903020008515719:
6202106081903050008512859:
6202106081903390009231473:
6202106081903450008715034:
6202106081904180009324574:
6202106081904210009246201:
6202106081904490008513144:
6202106081905070008510378:
6202106081905300006042240:
6202106081906220007417231:
6202106081907140006037924:
6202106081908080008492622:
6202106081909220008686680:
6202106081909270008503303:
6202106081910360008509836:
6202106081910380006024741:
6202106081913300009232629:
6202106081917110008505663:
6202106081917420009275948:
6202106081952150009247509:
6202106081952520009309504:
6202106081955340009293535:
6202106081958010009233737:
6202106081958040008499805:
6202106081958070008499149:
6202106081958090009283693:
6202106081958110008498240:
6202106081958140006028762:
6202106081958160009283693:
6202106081958180009247696:
6202106081958200006027609:
6202106081958220006032030:
6202106081958240009226426:
6202106081958260009283932:
6202106081958290006035813:
6202106081958310009226946:
6202106081958340001122577:
6202106081958360009310954:
6202106081958380007422441:
6202106081958410001122577:
6202106081958430001083945:
6202106081958450008517815:
6202106081958460008692560:
6202106081958480008494613:
6202106081958490008443266:
6202106081958510008431645:
6202106081958520009282114:
6202106081958540009230790:
6202106081958550009254908:
6202106081958570008497774:
6202106081958590004166400:
6202106081959010006028298:
6202106081959040007415144:
6202106081959080009286616:
6202106081959090008515734:
6202106081959130008683421:
6202106081959430008501942:
6202106082000000009254170:
6202106082000030006028757:
6202106082000040008493565:
6202106082000060008498971:
6202106082000070009230754:
6202106082000090002851460:
6202106082000110008703345:
6202106082000120009230754:
6202106082000140008508290:
6202106082000150008515734:
6202106082000180007411536:
6202106082000200007421743:
6202106082000220006023662:
6202106082000240007421743:
6202106082000260006025807:
6202106082000270009325498:
6202106082000290006028957:
6202106082000310008500109:
6202106082000320007411542:
6202106082000340009226959:
6202106082000350009311591:
6202106082000370007411542:
6202106082000380008496367:
6202106082000400009232653:
6202106082000420008518128:
6202106082000440008715630:
6202106082000450004178213:
6202106082000480006039992:
6202106082000521513409863:
6202106082000540008501942:
6202106082000580006010458:
6202106082001000008512035:
6202106082001010009226817:
6202106082001030009346367:
6202106082001090009276489:
6202106082001110009354581:
6202106082001250009226393:
6202106082001290008502759:
6202106082001350009288913:
6202106082001420009301802:
6202106082001480008510316:
6202106082001520008517783:
6202106082001550008512000:
6202106082002290006036336:
6202106082002390006039337:
6202106082002450009354391:
6202106082002560008514966:
6202106082003150003137964:
6202106082003510009308083:
6202106082003520008517323:
6202106082003540000424007:
6202106082003570008712785:
6202106082004450009352016:
6202106082005030009230793:
6202106082005200008501482:
6202106082005440006016276:
6202106082006090007406867:
6202106082006560003137966:
6202106082009210007402512:
6202106082009230007395627:
6202106082010460008505932:
6202106082010491513643510:
6202106082011330007421269:
6202106082011370009274874:
6202106082014100007395586:
6202106082016470006039497:
6202106082018300006022420:
6202106082021120009275624:
6202106082021200008502364:
6202106082022430009231452:
6202106082023590008492480:
6202106082024020009326438:
6202106082034120004028003:
6202106082041570009343364:
6202106082100080008502735:
6202106082103040008507829:
6202106082104000006015460:
6202106082104090008500888:
6202106082104520009305197:
6202106082104550006036876:
6202106082105520009226390:
6202106082126320009346063:
6202106082147240009298223:
6202106082157490008679943:
6202106082157510003137963:
6202106082157540009342954:
6202106082157570008714113:
6202106082158010009351768:
6202106082158040008713215:
6202106082158060009254002:
6202106082158070009348542:
6202106082158090008713215:
6202106082158120008692290:
6202106082158140009225488:
6202106082158200009253991:
6202106082158230009348376:
6202106082158310007404952:
6202106082158340007419034:
6202106082158360006033720:
6202106082158380009342998:
6202106082158390006028799:
6202106082158410009226816:
6202106082158420009340813:
6202106082158440009354699:
6202106082158450006021991:
6202106082158480009253988:
6202106082158500009346173:
6202106082158510008501612:
6202106082158530006040360:
6202106082158550009231410:
6202106082158570007402467:
6202106082158590008499165:
6202106082159020009324637:
6202106082159030009273013:
6202106082159060006039541:
6202106082159080009226394:
6202106082159100009343384:
6202106082159120006024122:
6202106082159140009343149:
6202106082159150008701274:
6202106082159160006026834:
6202106082159180009233704:
6202106082159200004158333:
6202106082159220003132773:
6202106082159240009279481:
6202106082159250006017496:
6202106082159270009240533:
6202106082159290007406670:
6202106082159310006028451:
6202106082159320003892332:
6202106082159340009226447:
6202106082159350007421209:
6202106082159370008710216:
6202106082159380001114611:
6202106082159400006015163:
6202106082159420008698795:
6202106082159430006015163:
6202106082159450006014993:
6202106082159460008499556:
6202106082159480001077087:
6202106082159510009325535:
6202106082159530009349972:
6202106082159540008503339:
6202106082159560008696238:
6202106082200020008509407:
6202106082200030003117204:
6202106082200050008696238:
6202106082200060009303097:
6202106082200080004164864:
6202106082200090009309524:
6202106082200110008513365:
6202106082200130009348603:
6202106082200150007404980:
6202106082200170009232350:
6202106082200180006016090:
6202106082200200006017488:
6202106082200210006026797:
6202106082200230006018006:
6202106082200250007412611:
6202106082200270008501953:
6202106082200290000431430:
6202106082200300008497935:
6202106082200320008508352:
6202106082200330008680900:
6202106082200350008496191:
6202106082200380008503789:
6202106082200400001087528:
6202106082200420007409900:
6202106082200430009354582:
6202106082200450008712381:
6202106082200460009278808:
6202106082200481513653050:
6202106082200500009292116:
6202106082200520008680280:
6202106082200540009346033:
6202106082200560006040154:
6202106082200580009247694:
6202106082201020009353030:
6202106082201030009339195:
6202106082201050009226804:
6202106082201090009300618:
6202106082201120007419049:
6202106082201160008683630:
6202106082201180008689944:
6202106082201200008497528:
6202106082201210008493833:
6202106082201230008506766:
6202106082201240006025823:
6202106082201300009323999:
6202106082201370009343593:
6202106082201390007418333:
6202106082201410009234108:
6202106082201430008698315:
6202106082201450001096293:
6202106082201540001087543:
6202106082201570008498021:
6202106082202000006014943:
6202106082202090008496969:
6202106082202110009343567:
6202106082202130009339144:
6202106082202140009336990:
6202106082202160009294520:
6202106082202430008716113:
6202106082202500009326648:
6202106082202530009296138:
6202106082202580008516213:
6202106082203230006036318:
6202106082204550006014349:
6202106082205330009241075:
6202106082205360008494964:
6202106082205380008499792:
6202106082205400009300590:
6202106082205420001089614:
6202106082205450006028797:
6202106082207310008491948:
8202106080724250008504234:
8202106080734330008511681:
8202106080739150008493092:
8202106080739390009346364:
8202106080741421513631613:
8202106080745100009296645:
8202106080747440008493340:
8202106080748170009250787:
8202106080748440009339821:
8202106080749190008500626:
8202106080750370006040155:
8202106080750590009231425:
8202106080751170004163548:
8202106080751360007406670:
8202106080752300009252994:
8202106080752340009273291:
8202106080752360009234249:
8202106080752400006021988:
8202106080752420009253995:
8202106080752530008512375:
8202106080753280009342978:
8202106080753340008495426:
8202106080754430015629857:
8202106080754550009305260:
8202106080755140009311280:
8202106080755290009342984:
8202106080755320009346055:
8202106080755340009246201:
8202106080755480004171887:
8202106080756251513652762:
8202106080756550008710875:
8202106080757000009348776:
8202106080757010009327620:
8202106080757050008677569:
8202106080757070001088074:
8202106080757140007396382:
8202106080757160009346181:
8202106080757360008679170:
8202106080758040001083930:
8202106080758350008507772:
8202106080758470009346685:
8202106080800011513653050:
8202106080800070007398198:
8202106080800260009342035:
8202106080802200006037029:
8202106080802400008708560:
8202106080802540008719239:
8202106080805170009226433:
8202106080806480008513100:
8202106080812530007395592:
8202106080813270006028960:
8202106080821390008515848:
8202106080821400008504736:
8202106081700540008680442:
8202106081714440008699143:
8202106081714460009337945:
8202106081800150009252994:
8202106081800180009340817:
8202106081800420006020192:
8202106081800580007395592:
8202106081801100009341511:
8202106081801130008512783:
8202106081801160009234249:
8202106081801220009337903:
8202106081801340009296645:
8202106081801380009250787:
8202106081804260006041717:
8202106081804410007411174:
8202106081805230009234240:
8202106081856110007406683:
8202106081858100009226797:
8202106081859420008501349:
8202106081859530009342143:
8202106081859560008504736:
8202106081900330009225500:
8202106081900360009253995:
8202106081900400009311280:
8202106081900420009346685:
8202106081900540015629857:
8202106081900580003137945:
8202106081900590009342035:
8202106081901000006033000:
8202106081901030009351958:
8202106081901060006022158:
8202106081901190009253739:
8202106081901280009340816:
8202106081901330006041875:
8202106081901500009231425:
8202106081902020006037029:
8202106081902110009225508:
8202106081902290000431385:
8202106081902460006029911:
8202106081903310008511222:
8202106081903430007421253:
8202106081903500009339818:
8202106081904080009342984:
8202106081904230009341013:
8202106081905210009321481:
8202106081905290008684967:
8202106081907160009339821:
8202106081909460003132772:
8202106081915130006032903:
8202106082000140001077425:
8202106082000170009247701:
8202106082000380008517783:
8202106082000430008493677:
8202106082000570009342978:
8202106082001040009352010:
8202106082001080009343174:
8202106082001130006039973:
8202106082001190009246202:
8202106082001220008500567:
8202106082001240009346181:
8202106082001310009339837:
8202106082001330009346181:
8202106082001490008498170:
8202106082001520009324614:
8202106082002050009342981:
8202106082002090008512397:
8202106082002110008513100:
8202106082002210006027612:
8202106082002530006021988:
8202106082003240009286387:
8202106082003540008715839:
8202106082059100009278607:
8202106082059150003934713:
8202106082100520008495161:
8202106082102210006039974:
8202106082102240006019432:
8202106082123000004179142:
8202106082158290008693920:
8202106082158320008709488:
8202106082158330009342962:
8202106082158350008445656:
8202106082158380009339254:
8202106082158490009234457:
8202106082158520009324076:
8202106082158580009346364:
8202106082159010009324076:
8202106082159040009346364:
8202106082159080009233695:
8202106082159150006040155:
8202106082200000008710875:
8202106082200020008717694:
8202106082200040008689944:
8202106082200050008710875:
8202106082200070006024738:
8202106082200080008689944:
8202106082200100006024738:
8202106082200110003126360:
8202106082200130008677569:
8202106082200140009273291:
8202106082200160009339225:
8202106082200180009226433:
8202106082200200008507772:
8202106082200250009324572:
8202106082200280008500626:
8202106082200290000424167:
8202106082200310008501835:
8202106082200330001088074:
8202106082200350008499675:
8202106082200360008495426:
8202106082200380007396382:
8202106082200410008506055:
8202106082200430009326658:
8202106082200460009348776:
8202106082200480008496149:
8202106082200490009295454:
8202106082200510009327620:
8202106082200530004163548:
8202106082200560006013128:
8202106082200590008495556:
8202106082201000008697764:
8202106082201020009283252:
8202106082201040008719239:
8202106082201070008494201:
8202106082201090006027345:
8202106082201100008494201:
8202106082201120006036997:
8202106082201170009305260:
8202106082201200003126356:
8202106082201220009324605:
8202106082201250006036997:
8202106082201260008504234:
8202106082201280006016091:
8202106082201310001083930:
8202106082201330008510188:
8202106082201380009339834:
8202106082201390006015165:
8202106082201471513631613:
8202106082201490008511681:
8202106082201510006036504:
8202106082201530008506912:
8202106082201550009339204:
8202106082202030009226821:
8202106082202050008500142:
8202106082202070009231455:
8202106082202090009254169:
8202106082202160009232613:
8202106082202240009234484:
8202106082202260007407499:
8202106082202500009343432:
8202106082202590008512375:
8202106082203030002851485:
8202106082203090008708560:
8202106082203200007407764:
8202106082203230006029910:
