2202106270732170008503532:
2202106270732450008698044:
2202106270733160006026835:
2202106270738330001079879:
2202106270742330008503198:
2202106270743360005006768:
2202106270743420008497657:
2202106270743430009272184:
2202106270744360006039969:
2202106270744390007402194:
2202106270745070009297569:
2202106270747210008497276:
2202106270747380009291663:
2202106270747410006036505:
2202106270747430006022439:
2202106270747591513646659:
2202106270749040009288638:
2202106270749080008500956:
2202106270749120009253997:
2202106270749460006039493:
2202106270749580004986256:
2202106270750040006021875:
2202106270750070009226394:
2202106270750240006030135:
2202106270750480009234089:
2202106270750570008677773:
2202106270751440004181482:
2202106270751490008681883:
2202106270751520004936954:
2202106270751540006019428:
2202106270751590007398914:
2202106270752160006013140:
2202106270752180009314167:
2202106270752231513628688:
2202106270752340009236810:
2202106270752370006024747:
2202106270752390007414082:
2202106270752430008503915:
2202106270752470009311703:
2202106270752490008508587:
2202106270752510009279709:
2202106270752540008686663:
2202106270752570009276908:
2202106270753000006751664:
2202106270753040004975875:
2202106270753070008493750:
2202106270753100007402482:
2202106270753120008494564:
2202106270753160009339794:
2202106270753220004935885:
2202106270753310008692587:
2202106270753320009248259:
2202106270753490009326618:
2202106270753520008515447:
2202106270753550004937625:
2202106270753570009277203:
2202106270754050008514157:
2202106270754110006036993:
2202106270754140008678354:
2202106270754180006033001:
2202106270754390004932123:
2202106270754480006016275:
2202106270754520008429638:
2202106270754550009321334:
2202106270754580009296798:
2202106270755000009275335:
2202106270755020009340824:
2202106270755030009300596:
2202106270755080008509894:
2202106270755120009340483:
2202106270755200000431412:
2202106270755330009281753:
2202106270755340000431412:
2202106270755380009296651:
2202106270755400009307295:
2202106270755420008504258:
2202106270755450008506907:
2202106270755480008697836:
2202106270755530009314286:
2202106270755550008680789:
2202106270755580007415195:
2202106270755590008706494:
2202106270756020009287011:
2202106270756060006036321:
2202106270756080006040161:
2202106270756110009254207:
2202106270756140008511010:
2202106270756160008709369:
2202106270756180002851478:
2202106270756210009346038:
2202106270756230009252984:
2202106270756260006021877:
2202106270756300009341030:
2202106270756320009234236:
2202106270756340008690794:
2202106270756390003915458:
2202106270756430003920040:
2202106270756460004946782:
2202106270756480006041088:
2202106270756500009289101:
2202106270756520006040952:
2202106270756550006018005:
2202106270756560009346063:
2202106270756590009297664:
2202106270757020009349952:
2202106270757050008701527:
2202106270757070009283296:
2202106270757090004947963:
2202106270757110008501741:
2202106270757130002851799:
2202106270757150009288224:
2202106270757170008424093:
2202106270757190006019430:
2202106270757220008709061:
2202106270757230009324138:
2202106270757250009301551:
2202106270757290003918790:
2202106270757310009301551:
2202106270757330008493286:
2202106270757340007401654:
2202106270757360008492705:
2202106270757420009293911:
2202106270757440009226826:
2202106270757460006033090:
2202106270757490007407739:
2202106270757520004974944:
2202106270757570009232653:
2202106270758000008495037:
2202106270758040009254183:
2202106270758060008707832:
2202106270758080003132773:
2202106270758100008686064:
2202106270758110009330833:
2202106270758130009348542:
2202106270758140004923617:
2202106270758160008678678:
2202106270758170009288270:
2202106270758190008509901:
2202106270758200008509806:
2202106270758220009272418:
2202106270758230008691017:
2202106270758250008509806:
2202106270758280006020220:
2202106270758310009339828:
2202106270758320008688767:
2202106270758360009281928:
2202106270758400001077087:
2202106270758430009313676:
2202106270758450009247509:
2202106270758470008688253:
2202106270758490009232378:
2202106270758520003137754:
2202106270758560009339824:
2202106270758590004940674:
2202106270759000009343364:
2202106270759030007395592:
2202106270759040009322682:
2202106270759060003132772:
2202106270759090008694944:
2202106270759150007419049:
2202106270759190008491901:
2202106270759210009288913:
2202106270759230009339524:
2202106270759240009351823:
2202106270759260008515081:
2202106270759280009339144:
2202106270759370008494333:
2202106270759420009290365:
2202106270759470009281193:
2202106270759500006020195:
2202106270759520008497795:
2202106270759530004950247:
2202106270800000008495616:
2202106270800050007421743:
2202106270800100008513733:
2202106270800120009246199:
2202106270800300006014349:
2202106270800380009279481:
2202106270800400006031525:
2202106270800430009225495:
2202106270800520009342183:
2202106270801000006028451:
2202106270801070006029990:
2202106270801090004984899:
2202106270801150006027553:
2202106270801170009313530:
2202106270801190004967002:
2202106270801210004940114:
2202106270801230009226392:
2202106270801300009294273:
2202106270801330006014993:
2202106270801380008426247:
2202106270801400007421212:
2202106270801420004937356:
2202106270801560008702320:
2202106270801590006031526:
2202106270802080009321818:
2202106270802120008506376:
2202106270802230008497463:
2202106270802360008512216:
2202106270802390008715034:
2202106270802410009307388:
2202106270802560008499075:
2202106270802590004948851:
2202106270803180006021991:
2202106270803500009303525:
2202106270803530008508326:
2202106270803550009303870:
2202106270803570009324604:
2202106270804020008502364:
2202106270804060006027540:
2202106270804220008508352:
2202106270804430008508219:
2202106270805560009282101:
2202106270807070008710957:
2202106270808220008500312:
2202106270808270009304051:
2202106270808360008498988:
2202106270808460008515578:
2202106270808490001083941:
2202106270808560004930576:
2202106270809040006042277:
2202106270809200008693150:
2202106270809230008506632:
2202106270809450008519522:
2202106270809480008504041:
2202106270816040008426248:
2202106270817370009291061:
2202106270820440009293535:
2202106270825150009292038:
2202106270825220009279728:
2202106270830380009321319:
2202106270837170009254000:
2202106270934200009310727:
2202106271034010004966904:
2202106271722020009305555:
2202106271757330009275624:
2202106271904110001083941:
2202106271916370004975565:
2202106271933580008505663:
2202106271934000006042277:
2202106271934030006022855:
2202106272000000008704200:
2202106272001300008506907:
2202106272001310006040161:
2202106272002410004936954:
2202106272002430006019430:
2202106272003060006033001:
2202106272003070008678354:
2202106272003110008709369:
2202106272003270008701527:
2202106272003310008429638:
2202106272003330004935885:
2202106272003360009283296:
2202106272005140008710957:
2202106272005420009297664:
2202106272005480006030135:
2202106272006010008492705:
2202106272006490009303870:
2202106272010300008519041:
2202106272010360009226392:
2202106272011280008497276:
2202106272012390008502364:
2202106272014030004945898:
2202106272015450008508326:
2202106272016050004946782:
2202106272017370009351758:
2202106272022010009246193:
2202106272025380006024747:
2202106272025421513646659:
2202106272038380008508441:
2202106272040190006027540:
2202106272115240009272418:
2202106272116280009289101:
2202106272116500002851459:
2202106272119250009286624:
2202106272120370004948851:
2202106272120390004947963:
2202106272122170009313676:
2202106272156070008426247:
2202106272156280009307388:
2202106272157520009307388:
2202106272158570008689537:
2202106272159020009272184:
2202106272159060008494656:
2202106272159370009288224:
2202106272159390009226826:
2202106272159410009288224:
2202106272159420008499208:
2202106272159450008678678:
2202106272159470009277203:
2202106272159490001089614:
2202106272159510008511694:
2202106272159540008692450:
2202106272159570006030142:
2202106272159580008698279:
2202106272200020004975875:
2202106272200030009339794:
2202106272200050008698044:
2202106272200070002851799:
2202106272200090009307295:
2202106272200100008698044:
2202106272200120006021875:
2202106272200150009296651:
2202106272200160008508587:
2202106272200180009307295:
2202106272200200009346038:
2202106272200220008697836:
2202106272200230009296651:
2202106272200240004940674:
2202106272200270006040952:
2202106272200290008493750:
2202106272200310009346038:
2202106272200320009275335:
2202106272200340002851478:
2202106272200360009301551:
2202106272200380009314286:
2202106272200390008681883:
2202106272200410007411321:
2202106272200420009236810:
2202106272200440009279709:
2202106272200450009234236:
2202106272200470008709061:
2202106272200480008497291:
2202106272200500009248283:
2202106272200510008692587:
2202106272200530007398159:
2202106272200540004951145:
2202106272200570006019428:
2202106272200580006751664:
2202106272201000003915458:
2202106272201010006039671:
2202106272201030009300596:
2202106272201050009339795:
2202106272201060009330833:
2202106272201080008495037:
2202106272201110008500184:
2202106272201130008510716:
2202106272201140009295615:
2202106272201150006039671:
2202106272201170009339524:
2202106272201190009348762:
2202106272201210008711445:
2202106272201220009314167:
2202106272201240008504258:
2202106272201250004974944:
2202106272201270008509894:
2202106272201290009287011:
2202106272201310008509894:
2202106272201320009287011:
2202106272201340000431412:
2202106272201350009287011:
2202106272201370000431412:
2202106272201380008496310:
2202106272201400007407739:
2202106272201411513628688:
2202106272201430008494564:
2202106272201440004974944:
2202106272201460008509806:
2202106272201470008501741:
2202106272201490009326618:
2202106272201500008501741:
2202106272201520008503915:
2202106272201530008680789:
2202106272201550009326618:
2202106272201560006025445:
2202106272201580006026797:
2202106272201590009297569:
2202106272202010004932123:
2202106272202020009225507:
2202106272202040006036875:
2202106272202050006016275:
2202106272202070004972145:
2202106272202080006016275:
2202106272202100001079879:
2202106272202110008694944:
2202106272202120009321334:
2202106272202140008512216:
2202106272202160008517932:
2202106272202180009296798:
2202106272202190008508352:
2202106272202210007415195:
2202106272202220009287011:
2202106272202240006021994:
2202106272202250008701083:
2202106272202270008493286:
2202106272202290006021877:
2202106272202310009290365:
2202106272202330008510316:
2202106272202350009226394:
2202106272202370008499075:
2202106272202380009321395:
2202106272202400007402482:
2202106272202420008503824:
2202106272202480008709061:
2202106272202510008707832:
2202106272202530006036993:
2202106272202540007421212:
2202106272202560009276908:
2202106272202590008514157:
2202106272203010008497657:
2202106272203030004181482:
2202106272203050004932362:
2202106272203070008497795:
2202106272203080009340483:
2202106272203100009254229:
2202106272203110009236809:
2202106272203130008515447:
2202106272203150006039969:
2202106272203170003920040:
2202106272203180006039969:
2202106272203200007402194:
2202106272203210003920040:
2202106272203240008495616:
2202106272203250009342183:
2202106272203270004976805:
2202106272203280009225495:
2202106272203300009339219:
2202106272203320008495616:
2202106272203340008686663:
2202106272203360009340824:
2202106272203410006037287:
2202106272203440009281753:
2202106272203540008688253:
2202106272204210009339828:
2202106272204250009293911:
2202106272204280008686663:
2202106272204310009339828:
2202106272204340009324107:
2202106272204390007414082:
2202106272204410004934412:
2202106272204450004984899:
2202106272204480009339812:
2202106272204550009226412:
2202106272205050008512059:
2202106272205110004977423:
2202106272205180009252984:
2202106272205290009341030:
2202106272206250009285701:
2202106272206370008519522:
2202106272206420009294273:
2202106272209350007398914:
2202106272209530006036321:
2202106272210330008503198:
2202106272216470009311703:
3202106270727010008501288:
3202106270728590006039998:
3202106270732580006031524:
3202106270733030004931673:
3202106270739420006028953:
3202106270739540008510264:
3202106270740220009305555:
3202106270740260008494010:
3202106270741260009300590:
3202106270742060004974633:
3202106270742380009354344:
3202106270742530003117204:
3202106270743550009232350:
3202106270743590001099428:
3202106270744230006028957:
3202106270744250006025823:
3202106270744300009234248:
3202106270744400004937222:
3202106270744530009284852:
3202106270745040003934713:
3202106270745210002851485:
3202106270745330007402205:
3202106270746030004936149:
3202106270746110009288958:
3202106270746190006039016:
3202106270746370009335560:
3202106270747260009234108:
3202106270747440008497634:
3202106270748021513637255:
3202106270748280009309524:
3202106270748310008503303:
3202106270748350009252970:
3202106270748370008711197:
3202106270748500008715839:
3202106270749140008687514:
3202106270749430008513325:
3202106270749480004155886:
3202106270750020008710216:
3202106270750200008499556:
3202106270750430009302534:
3202106270751080008681103:
3202106270751150009306586:
3202106270751210009346367:
3202106270751240009340813:
3202106270751280009343593:
3202106270751310006022433:
3202106270751360008501480:
3202106270751400008504275:
3202106270751420009274446:
3202106270751550008680900:
3202106270752050006036318:
3202106270752070009339792:
3202106270752100009282830:
3202106270752110009275492:
3202106270752140009300618:
3202106270752160009225488:
3202106270752170009336959:
3202106270752190008495468:
3202106270752230008498188:
3202106270752260006041717:
3202106270752280009306129:
3202106270752300009323446:
3202106270752320006039541:
3202106270752390008518703:
3202106270752430009233695:
3202106270752470008494290:
3202106270753110006032999:
3202106270753160004929419:
3202106270753190009234458:
3202106270753220009343149:
3202106270753260009230812:
3202106270753370009236820:
3202106270753410009252962:
3202106270753440008692117:
3202106270753520008711249:
3202106270753530003137966:
3202106270753580008714702:
3202106270754070006041721:
3202106270754100003137967:
3202106270754120007421690:
3202106270754160006018008:
3202106270754180009343384:
3202106270754240008502189:
3202106270754260008699992:
3202106270754290009273013:
3202106270754320005001068:
3202106270754340009247521:
3202106270754360006024738:
3202106270754440009322602:
3202106270754470009348603:
3202106270754560008713719:
3202106270754580008514795:
3202106270755000008679943:
3202106270755080008493770:
3202106270755100009277145:
3202106270755130009233697:
3202106270755150007418333:
3202106270755180009295891:
3202106270755200009284157:
3202106270755230009339930:
3202106270755280008711892:
3202106270755300009321321:
3202106270755330008691341:
3202106270755350004932608:
3202106270755370005001262:
3202106270755400009226952:
3202106270755410006023662:
3202106270755440004934470:
3202106270755480003126383:
3202106270756010009309829:
3202106270756050009243147:
3202106270756070009308083:
3202106270756090006023085:
3202106270756110008709488:
3202106270756120008693920:
3202106270756140003126147:
3202106270756170001077421:
3202106270756180004931897:
3202106270756210009226816:
3202106270756220007407459:
3202106270756240006039497:
3202106270756260008429633:
3202106270756280009337945:
3202106270756340008503339:
3202106270756360009326609:
3202106270756380008681703:
3202106270756400008493217:
3202106270756420006039974:
3202106270756450008517323:
3202106270756480004975477:
3202106270756500009342962:
3202106270756520008503515:
3202106270756530008445992:
3202106270756560008512000:
3202106270756580009331842:
3202106270756590008688282:
3202106270757020008506766:
3202106270757040009253719:
3202106270757060008703693:
3202106270757080003137963:
3202106270757110006030480:
3202106270757120006025403:
3202106270757140004158333:
3202106270757180002851443:
3202106270757230008701274:
3202106270757270008680280:
3202106270757300009342954:
3202106270757420008713928:
3202106270757460005000761:
3202106270757480008677829:
3202106270757510008685403:
3202106270757530006015460:
3202106270757550008702698:
3202106270758020001096293:
3202106270758060004936029:
3202106270758100009324606:
3202106270758250009293228:
3202106270758450008695330:
3202106270759020008516420:
3202106270759220008507829:
3202106270759300008678678:
3202106270800110009327615:
3202106270800190009274443:
3202106270800230009324574:
3202106270800430002851487:
3202106270800490009290271:
3202106270801180008502984:
3202106270801340004940394:
3202106270801390004969598:
3202106270801520009326648:
3202106270802020008697764:
3202106270802090004975565:
3202106270802590009276661:
3202106270803010008496191:
3202106270803080009253742:
3202106270803100009226400:
3202106270803260009344566:
3202106270803410008676957:
3202106270803450009340470:
3202106270803530008506597:
3202106270805360008698795:
3202106270937230009246193:
3202106271658310008702698:
3202106271707550008493770:
3202106271854510008503489:
3202106271900000008690234:
3202106271900060009326609:
3202106271904470008498188:
3202106271912360008698121:
3202106271912400009289323:
3202106271958190008709488:
3202106271958210009342962:
3202106271958350008693920:
3202106271958500008693892:
3202106271959010009343384:
3202106271959030008691341:
3202106271959060008692117:
3202106271959110009306586:
3202106272000010008713928:
3202106272000030008684967:
3202106272000040006018008:
3202106272000060006023662:
3202106272000080009351964:
3202106272000090009340817:
3202106272000110007402205:
3202106272000130008680900:
3202106272000140005001068:
3202106272000170009236820:
3202106272000190009281874:
3202106272000200009330829:
3202106272000220001099428:
3202106272000250008690203:
3202106272000260008699992:
3202106272000280004155886:
3202106272000300009336959:
3202106272000310009327615:
3202106272000330009339254:
3202106272000350008518703:
3202106272000390008493217:
3202106272000400008683912:
3202106272000420008494010:
3202106272000430006030480:
3202106272000450008514795:
3202106272000460008507829:
3202106272000480008687514:
3202106272000500009326650:
3202106272000520006015460:
3202106272000540008503339:
3202106272000570009252970:
3202106272000590009324879:
3202106272001020008503303:
3202106272001040008708003:
3202106272001050008501288:
3202106272001070008493340:
3202106272001090008716625:
3202106272001110009335560:
3202106272001130009339930:
3202106272001150009326626:
3202106272001170000424146:
3202106272001190008681103:
3202106272001210006023085:
3202106272001230004934470:
3202106272001240006028957:
3202106272001260000439530:
3202106272001280009243147:
3202106272001290006031524:
3202106272001310009323446:
3202106272001340009282830:
3202106272001350004929419:
3202106272001380009253719:
3202106272001400008492065:
3202106272001430009290271:
3202106272001450008711197:
3202106272001470009324076:
3202106272001490009290264:
3202106272002020006039506:
3202106272002050008445992:
3202106272002100004936029:
3202106272002400008498021:
3202106272002480008715034:
3202106272003030006024859:
3202106272003560008513325:
3202106272004000009284157:
3202106272007540007402467:
3202106272008100009273013:
3202106272009100009352010:
3202106272010030009339211:
3202106272015310006014943:
3202106272016180009351758:
3202106272019430008688282:
3202106272026530004936149:
3202106272032100008500889:
3202106272035040006041103:
3202106272046240008500378:
3202106272046270009276661:
3202106272057040009326438:
3202106272057490009348542:
3202106272100020008503515:
3202106272101200009337945:
3202106272102480009324068:
3202106272104510008498988:
3202106272109020008503979:
3202106272110040009309524:
3202106272110210008494141:
3202106272114280009272418:
3202106272126520009300590:
3202106272157220009272184:
3202106272157250008713719:
3202106272157270006032999:
3202106272157290009309829:
3202106272157370009342954:
3202106272157390009225488:
3202106272157410009324574:
3202106272157440009314247:
3202106272157460008679943:
3202106272157470008688767:
3202106272157520009274443:
3202106272158060009324637:
3202106272158100001096293:
3202106272158230003132773:
3202106272158260009343149:
3202106272158280008692032:
3202106272158300004940394:
3202106272158330003137963:
3202106272158340009288958:
3202106272158360008686117:
3202106272158380001089614:
3202106272158400008707174:
3202106272158411513637255:
3202106272158430009346033:
3202106272158450004947373:
3202106272158460009324138:
3202106272158480009339792:
3202106272158500006028953:
3202106272158520008518736:
3202106272158530003918790:
3202106272158550009322614:
3202106272158560008718055:
3202106272158580009234484:
3202106272159000003934713:
3202106272159030009287411:
3202106272159050009352016:
3202106272159070008497634:
3202106272159100008517323:
3202106272159130003137967:
3202106272159150006041721:
3202106272159160009340470:
3202106272159180009346020:
3202106272159200008690794:
3202106272159230009325511:
3202106272159250009339915:
3202106272159270006025403:
3202106272159280002851487:
3202106272159310008510264:
3202106272159320006025403:
3202106272159350009230815:
3202106272159370009300618:
3202106272159400006022433:
3202106272159410008501480:
3202106272159440009308083:
3202106272159460009293228:
3202106272159480006020195:
3202106272159500008699273:
3202106272159520008681703:
3202106272159540003137966:
3202106272159560009321321:
3202106272159580008502984:
3202106272200000009234458:
3202106272200010009233695:
3202106272200030009234248:
3202106272200050009350096:
3202106272200070009340801:
3202106272200090008680280:
3202106272200100008717268:
3202106272200110008499556:
3202106272200130008506055:
3202106272200140006028451:
3202106272200160008710216:
3202106272200180009300618:
3202106272200200009342998:
3202106272200210008499556:
3202106272200230008677829:
3202106272200250006028451:
3202106272200270009306129:
3202106272200290009232350:
3202106272200320007395592:
3202106272200330008515502:
3202106272200350006039541:
3202106272200370008506766:
3202106272200391513653821:
3202106272200420004937222:
3202106272200440006028450:
3202106272200450004928581:
3202106272200470008492410:
3202106272200480009287195:
3202106272200500008714113:
3202106272200520004937222:
3202106272200540009253861:
3202106272200560009247521:
3202106272200580009277145:
3202106272200590009275492:
3202106272201020006035580:
3202106272201050003117204:
3202106272201060009274446:
3202106272201090009339802:
3202106272201110008698315:
3202106272201130009226952:
3202106272201150008495468:
3202106272201170009253742:
3202106272201190008501953:
3202106272201210002854367:
3202106272201230008711249:
3202106272201250008701274:
3202106272201280008714702:
3202106272201300008494290:
3202106272201310008429607:
3202106272201340009230749:
3202106272201360006022003:
3202106272201380007421690:
3202106272201400009346327:
3202106272201410009281193:
3202106272201430009339144:
3202106272201450007421743:
3202106272201480008698795:
3202106272201490009339144:
3202106272201510009325535:
3202106272201530008697764:
3202106272201550008695330:
3202106272201570008495972:
3202106272202000008715839:
3202106272202030009342940:
3202106272202050008696388:
3202106272202070009326658:
3202106272202090004937356:
3202106272202110008688253:
3202106272202140006015165:
3202106272202160006039016:
3202106272202180008429633:
3202106272202200009344566:
3202106272202220008514966:
3202106272202240009246199:
3202106272202270009354581:
3202106272202310009246199:
3202106272202330009346367:
3202106272202350006025823:
3202106272202360009348603:
3202106272202380009226816:
3202106272202400008512000:
3202106272202410009236868:
3202106272202430004987141:
3202106272202470008698795:
3202106272202480004923758:
3202106272202510006036994:
3202106272202540008506597:
3202106272202590008494964:
3202106272203120008676957:
3202106272203140007395593:
3202106272203170009233697:
3202106272203190003126147:
3202106272203220008699143:
3202106272203260009285701:
3202106272203280009326648:
3202106272203340005001262:
3202106272203370004932608:
3202106272203591513653050:
3202106272204010009286996:
3202106272204050006036318:
3202106272207110006026835:
3202106272207150008677300:
3202106272207220008693150:
3202106272207250008701103:
3202106272207290008677773:
3202106272208480003137754:
3202106272208560007421210:
3202106272209330008676957:
3202106272209360006039497:
3202106272209530008496191:
3202106272209550006039497:
3202106272211580006039998:
3202106272212000007404980:
3202106272215360009226390:
4202106270044110004948259:
4202106270731180008494141:
4202106270737530001087543:
4202106270742040008513100:
4202106270743090009348776:
4202106270745070004973386:
4202106270745290009231425:
4202106270746170009346340:
4202106270746190008506912:
4202106270746290009285513:
4202106270747030008493092:
4202106270748000008504234:
4202106270748030008515848:
4202106270748220001077425:
4202106270748370009338161:
4202106270748410009331044:
4202106270748510009291036:
4202106270749060006027612:
4202106270749490009272187:
4202106270749520008690224:
4202106270749550009349972:
4202106270750060007398203:
4202106270750090008496149:
4202106270750140004179293:
4202106270750160009339225:
4202106270750200009352010:
4202106270750290004935623:
4202106270750350004969304:
4202106270751020008493749:
4202106270751040003126360:
4202106270751100007407499:
4202106270751160006016091:
4202106270751190000424545:
4202106270751280009274874:
4202106270751360000424167:
4202106270751430009349985:
4202106270752030004936688:
4202106270752050004936293:
4202106270752130008708048:
4202106270752230008503089:
4202106270752320008501953:
4202106270752360008495972:
4202106270752380006033000:
4202106270752420004179142:
4202106270752530006028799:
4202106270753040009252994:
4202106270753070015629857:
4202106270753090009272601:
4202106270753120007404978:
4202106270753150008429607:
4202106270753170008689944:
4202106270753200008695597:
4202106270753220003116965:
4202106270753240008493895:
4202106270753250009324605:
4202106270753270008684967:
4202106270753290004949949:
4202106270753330004987141:
4202106270753460008495426:
4202106270753510008493340:
4202106270753560009339254:
4202106270753590008495556:
4202106270754030009351814:
4202106270754240009340817:
4202106270754340009339818:
4202106270754361513653050:
4202106270754400004171887:
4202106270754430009327620:
4202106270754450006036994:
4202106270754470009226797:
4202106270754511513631101:
4202106270754530009234484:
4202106270754570009342984:
4202106270755110008510188:
4202106270755140001088074:
4202106270755160006027345:
4202106270755330009324118:
4202106270755340009253995:
4202106270755360009226433:
4202106270755420008494427:
4202106270755450006035802:
4202106270755460000431385:
4202106270755490009354827:
4202106270755500008500493:
4202106270755520007406670:
4202106270755540004975255:
4202106270755570008716113:
4202106270756050008710875:
4202106270756080006022158:
4202106270756100006036504:
4202106270756180008494201:
4202106270756210004933960:
4202106270756250007395586:
4202106270756270007404980:
4202106270756290006024741:
4202106270756350008683912:
4202106270756390008499867:
4202106270756470008501835:
4202106270756490009295454:
4202106270756520009234249:
4202106270756550008500083:
4202106270756570006013128:
4202106270756590008679170:
4202106270757010006036336:
4202106270757050005001511:
4202106270757090008699709:
4202106270757110008499458:
4202106270757130008512783:
4202106270757150009341511:
4202106270757160003126356:
4202106270757180007401131:
4202106270757200004978162:
4202106270757210008511222:
4202106270757230008499706:
4202106270757250008445656:
4202106270757270009341742:
4202106270757290009231455:
4202106270757310009226821:
4202106270757340006041875:
4202106270757360009333812:
4202106270757410009311280:
4202106270757560009342978:
4202106270758020004923338:
4202106270758110009346685:
4202106270758130006021988:
4202106270758151513627710:
4202106270758190009287195:
4202106270758230009351768:
4202106270758250008494402:
4202106270758310007395601:
4202106270758340009339817:
4202106270758360009283323:
4202106270758370009247701:
4202106270758390009327564:
4202106270758430009342035:
4202106270758450009246202:
4202106270758470009327564:
4202106270758490009339821:
4202106270758510009342997:
4202106270758530009277510:
4202106270758550009342143:
4202106270758560009346181:
4202106270759220009280051:
4202106270759280008717694:
4202106270759300009273026:
4202106270759520008506212:
4202106270800010008502693:
4202106270800030006020220:
4202106270800050008502693:
4202106270800080009342981:
4202106270800090009225508:
4202106270800120001083930:
4202106270800190004948259:
4202106270800490009342142:
4202106270801090009290264:
4202106270801270004929198:
4202106270802050008499047:
4202106270802070008503979:
4202106270802110004969910:
4202106270802200009346035:
4202106270802370009246201:
4202106270802540009342982:
4202106270803540009343432:
4202106270804000009303697:
4202106270804060009226399:
4202106270804360008500142:
4202106270820220009225500:
4202106270821240004977114:
4202106270920320009290471:
4202106271710090008504234:
4202106271909440009342978:
4202106271909570006021988:
4202106271909590009342984:
4202106271911220009303697:
4202106271912420009311280:
4202106271958590009324629:
4202106271959030009252962:
4202106271959050009324629:
4202106271959070009342034:
4202106271959100004949949:
4202106271959130009342034:
4202106271959170009272187:
4202106271959220006028799:
4202106271959310009324118:
4202106271959420009342997:
4202106272000020008695667:
4202106272000050006035802:
4202106272000070009252994:
4202106272000090008689944:
4202106272000130009296645:
4202106272000140009231425:
4202106272000160009250787:
4202106272000350004978162:
4202106272000420006033000:
4202106272000590008498170:
4202106272001010009225508:
4202106272001020009342981:
4202106272001040009247701:
4202106272001060007406670:
4202106272001110009346685:
4202106272001130003116965:
4202106272001170008513100:
4202106272001190003116965:
4202106272001230006027612:
4202106272001250008699709:
4202106272001280009342142:
4202106272001350009226797:
4202106272001420009234249:
4202106272001440008512783:
4202106272001460009322590:
4202106272001480009234249:
4202106272001580008500493:
4202106272002010008717694:
4202106272002120009253846:
4202106272005360004935623:
4202106272005430009342035:
4202106272007060009327620:
4202106272007120000431385:
4202106272008270009343593:
4202106272040210007395586:
4202106272100010009225500:
4202106272100100009346340:
4202106272100130009304051:
4202106272100160007407459:
4202106272100220006024741:
4202106272101300006042240:
4202106272103030008512375:
4202106272104080009354827:
4202106272104450009343432:
4202106272152140008503089:
4202106272159190009287006:
4202106272159340008695597:
4202106272159400008499706:
4202106272159410007401131:
4202106272159430008695597:
4202106272159460008499706:
4202106272159480007411174:
4202106272159500008493092:
4202106272159510006020220:
4202106272159530004171887:
4202106272159550009226402:
4202106272159570008499047:
4202106272159590004933902:
4202106272200020006026834:
4202106272200040004933902:
4202106272200060008708048:
4202106272200070006022158:
4202106272200091513653096:
4202106272200110009351768:
4202106272200130008493833:
4202106272200140008697063:
4202106272200170009339817:
4202106272200180009226433:
4202106272200200009324085:
4202106272200220006027345:
4202106272200240003126360:
4202106272200260003916932:
4202106272200280004969910:
4202106272200290006039493:
4202106272200310009273026:
4202106272200330009346035:
4202106272200340009273026:
4202106272200360008516772:
4202106272200390009324605:
4202106272200410009331044:
4202106272200430004969910:
4202106272200440001088074:
4202106272200460009342982:
4202106272200490009349985:
4202106272200500004163548:
4202106272200520009283323:
4202106272200530009326600:
4202106272200550008500083:
4202106272200560009277510:
4202106272200580008679170:
4202106272200590000424007:
4202106272201010009231455:
4202106272201020008494201:
4202106272201040009234486:
4202106272201050008445656:
4202106272201070009246201:
4202106272201080008710875:
4202106272201100008445656:
4202106272201140008504091:
4202106272201160006013128:
4202106272201180004179293:
4202106272201210009338161:
4202106272201230008493895:
4202106272201240004923338:
4202106272201270008500142:
4202106272201280008504091:
4202106272201390007396382:
4202106272201410009272601:
4202106272201430008504091:
4202106272201450009341742:
4202106272201460009226821:
4202106272201480008502693:
4202106272201500008495556:
4202106272201521513631101:
4202106272201540007395601:
4202106272201550008506912:
4202106272201570004936688:
4202106272201580003126356:
4202106272202000009339834:
4202106272202020007407499:
4202106272202050006016252:
4202106272202070008493749:
4202106272202090001083930:
4202106272202280009343174:
4202106272203400009234240:
4202106272203510004977114:
4202106272203570008716113:
4202106272206050004933960:
4202106272207160004975255:
4202106272208130007402498:
4202106272208140007407764:
4202106272208220009234108:
4202106272209090004948259:
5202106270725220008503532:
5202106270739050009305918:
5202106270739090008510518:
5202106270739560006028292:
5202106270743220009339273:
5202106270743420008690529:
5202106270744190009276680:
5202106270744220009226440:
5202106270744260009324831:
5202106270744320006025445:
5202106270745100001079288:
5202106270745130006032924:
5202106270745350009234467:
5202106270746110008511694:
5202106270746380008704200:
5202106270746540009346707:
5202106270747240006026797:
5202106270747311513645885:
5202106270748340008499509:
5202106270748360004974322:
5202106270748400009230781:
5202106270748460009305457:
5202106270748520004950845:
5202106270748550009306769:
5202106270748590009339839:
5202106270749130004932362:
5202106270749170009339797:
5202106270749220008517932:
5202106270750180008499208:
5202106270750360009306271:
5202106270751110006030146:
5202106270751170004951145:
5202106270751230008513950:
5202106270751250008500113:
5202106270751280000424165:
5202106270751300009282809:
5202106270751410009226412:
5202106270751440009286624:
5202106270751480009326645:
5202106270751500009354625:
5202106270751530008504180:
5202106270752140009346170:
5202106270752160009346362:
5202106270752180008717926:
5202106270752260007398159:
5202106270752280008706878:
5202106270752300008698279:
5202106270752320007398914:
5202106270752340009236809:
5202106270752360008494656:
5202106270752450009351998:
5202106270752520003137990:
5202106270752550008676811:
5202106270752580008512059:
5202106270752590007402523:
5202106270753030008496310:
5202106270753120004965968:
5202106270753160007414082:
5202106270753270008503915:
5202106270753290009247716:
5202106270753310009279709:
5202106270753330006022852:
5202106270753340009254229:
5202106270753380004947668:
5202106270753440009321395:
5202106270753460009351308:
5202106270753470006016090:
5202106270753530008692450:
5202106270753580007402500:
5202106270753590008497291:
5202106270754040006037287:
5202106270754060001108277:
5202106270754080008510696:
5202106270754130008687593:
5202106270754160004950546:
5202106270754170009340820:
5202106270754200006030130:
5202106270754230005001814:
5202106270754250006012153:
5202106270754270009323985:
5202106270754300009233710:
5202106270754310008694659:
5202106270754330008503171:
5202106270754370009339812:
5202106270754380000439539:
5202106270754400007411321:
5202106270754410004180013:
5202106270754430006030142:
5202106270754450009339219:
5202106270754480006036993:
5202106270754500009351833:
5202106270754550006040283:
5202106270755040008491998:
5202106270755060008699606:
5202106270755080003892332:
5202106270755120009342959:
5202106270755230009232651:
5202106270755280006016275:
5202106270755300009280491:
5202106270755320009339795:
5202106270755340007407459:
5202106270755360004934412:
5202106270755370009340824:
5202106270755390008510090:
5202106270755410009226965:
5202106270755420009253842:
5202106270755440009232187:
5202106270755470009300544:
5202106270755490009296798:
5202106270755510009236903:
5202106270755560009348762:
5202106270756020009286616:
5202106270756040006039671:
5202106270756060008709954:
5202106270756090009308592:
5202106270756110008510716:
5202106270756130009347607:
5202106270756160008699606:
5202106270756180007413810:
5202106270756210008717268:
5202106270756300008709011:
5202106270756330001083110:
5202106270756370006036875:
5202106270756390009225481:
5202106270756470008511010:
5202106270756500008677300:
5202106270756540009252984:
5202106270756560009225507:
5202106270757010006021877:
5202106270757070004937357:
5202106270757110009341030:
5202106270757130005000508:
5202106270757150009234480:
5202106270757170008701083:
5202106270757210004976805:
5202106270757230003920040:
5202106270757260006029988:
5202106270757280009281814:
5202106270757300009225523:
5202106270757310004951445:
5202106270757471513637915:
5202106270757500008695667:
5202106270757510006030118:
5202106270757530009346376:
5202106270757570009241934:
5202106270758020009234486:
5202106270758100008718216:
5202106270758160008506797:
5202106270758180008682585:
5202106270758200006033090:
5202106270758210009337006:
5202106270758230008500184:
5202106270758390008495037:
5202106270758410009254183:
5202106270758420008507561:
5202106270758440009354001:
5202106270758580006028797:
5202106270759110004972145:
5202106270759171513649006:
5202106270759190008696894:
5202106270759220008688253:
5202106270759250008492480:
5202106270759280009326612:
5202106270759300009339834:
5202106270759320003126145:
5202106270759400008516236:
5202106270759520006041103:
5202106270800090009248283:
5202106270800110007413042:
5202106270800160007410385:
5202106270800350009298207:
5202106270800450006021994:
5202106270800490009339803:
5202106270800560009230754:
5202106270800580006041715:
5202106270801030009324107:
5202106270801120009253988:
5202106270801170004948555:
5202106270801190006022855:
5202106270801510008519041:
5202106270801570002851479:
5202106270802010009225494:
5202106270802120004973075:
5202106270802140009354401:
5202106270802180009305197:
5202106270802430009287006:
5202106270802520009295615:
5202106270803220006022160:
5202106270803380009297056:
5202106270803410008499075:
5202106270803520009232355:
5202106270804060008493366:
5202106270804310004951746:
5202106270804340008508326:
5202106270805440009286880:
5202106270805580007410282:
5202106270807340009232631:
5202106270810210008519522:
5202106270811550003137987:
5202106270815500006025812:
5202106270819340004945898:
5202106270958470008709954:
5202106271351430009321818:
5202106271635500009346170:
5202106271800040001083110:
5202106271900040009310954:
5202106271900450004951445:
5202106271901260009253997:
5202106271901280008513365:
5202106271901440008692560:
5202106271901570009339797:
5202106271905330003892332:
5202106271933510009276680:
5202106271955520009343364:
5202106271959470009331842:
5202106271959520009284852:
5202106272000090009324606:
5202106272000110009240533:
5202106272000430006018008:
5202106272000580001079288:
5202106272001260009300544:
5202106272004060009281814:
5202106272006530009322602:
5202106272007580006031525:
5202106272010010009232651:
5202106272014400009230754:
5202106272026350006017496:
5202106272026380004940114:
5202106272110100006022439:
5202106272146500009349952:
5202106272158170009342954:
5202106272158270004922875:
5202106272158290008510696:
5202106272158340006028292:
5202106272158350003137990:
5202106272158370004937625:
5202106272158420009288270:
5202106272158440005001814:
5202106272158470009232187:
5202106272158490009351823:
5202106272158530009248259:
5202106272158550009232187:
5202106272158560009351823:
5202106272158580004180013:
5202106272159000006032924:
5202106272159010009286880:
5202106272159030009236903:
5202106272159070008687593:
5202106272159090008499208:
5202106272159090008706878:
5202106272159130008513950:
5202106272159150008692450:
5202106272159160006012153:
5202106272159180009306769:
5202106272159220009230781:
5202106272159230009306769:
5202106272159240006030142:
5202106272159261513645885:
5202106272159280009247716:
5202106272159290009339794:
5202106272159310009351998:
5202106272159320009351833:
5202106272159340008493750:
5202106272159350009279709:
5202106272159370009347607:
5202106272159390004965968:
5202106272159401513637915:
5202106272159420008504180:
5202106272159440006030146:
5202106272159450008699606:
5202106272159470008508290:
5202106272159480008699606:
5202106272159500008516236:
5202106272159510009326645:
5202106272159530006030118:
5202106272159540006025812:
5202106272159560008497291:
5202106272159570009248283:
5202106272159590008717926:
5202106272200010008509901:
5202106272200030009326645:
5202106272200040009295615:
5202106272200060008510716:
5202106272200080008682585:
5202106272200100006029988:
5202106272200120008510716:
5202106272200140009348762:
5202106272200190009340820:
5202106272200210009354625:
5202106272200230008491998:
5202106272200250009339795:
5202106272200260008507561:
5202106272200280001108277:
5202106272200290009339524:
5202106272200310008509806:
5202106272200320006030130:
5202106272200340006033090:
5202106272200350006041715:
5202106272200370006030130:
5202106272200380008510518:
5202106272200400008491998:
5202106272200420000424165:
5202106272200430008496310:
5202106272200450008510518:
5202106272200460008509806:
5202106272200520004930090:
5202106272200530009346362:
5202106272200550008718216:
5202106272200560004947668:
5202106272200580008718216:
5202106272200590008512216:
5202106272201040004930090:
5202106272201090008512216:
5202106272201110008694659:
5202106272201130009225481:
5202106272201160008694659:
5202106272201180004930090:
5202106272201190009225507:
5202106272201210008512216:
5202106272201220009324831:
5202106272201310009323985:
5202106272201330009234467:
5202106272201360009296798:
5202106272201380006021877:
5202106272201390008702320:
5202106272201400009308592:
5202106272201420008511010:
5202106272201440008493286:
5202106272201450009305918:
5202106272201470009225523:
5202106272201490008494333:
5202106272201520008511010:
5202106272201530006013140:
5202106272201550009226965:
5202106272201570008499075:
5202106272201590008676811:
5202106272202010009321395:
5202106272202020008506797:
5202106272202040009226440:
5202106272202050008690529:
5202106272202070003126145:
5202106272202090008506376:
5202106272202130009342183:
5202106272202140006036993:
5202106272202160008493366:
5202106272202180006022852:
5202106272202190009342183:
5202106272202210009342959:
5202106272202220004932362:
5202106272202240009254229:
5202106272202250006040283:
5202106272202270008497795:
5202106272202290009354001:
5202106272202310009254183:
5202106272202320008515081:
5202106272202340009324604:
5202106272202360009339839:
5202106272202380008515081:
5202106272202400006018005:
5202106272202420004950546:
5202106272202440009339839:
5202106272202460008696894:
5202106272202480002851479:
5202106272202500009234480:
5202106272202520009305457:
5202106272202540009339219:
5202106272202560007402500:
5202106272202580008696894:
5202106272203000006037287:
5202106272203030009340824:
5202106272203050008503171:
5202106272203060009282809:
5202106272203080009339273:
5202106272203110009346376:
5202106272203130009253842:
5202106272203150007413810:
5202106272203170009306271:
5202106272203190007412611:
5202106272203220009351308:
5202106272203240009298207:
5202106272203260004999002:
5202106272203280007401654:
5202106272203300004999002:
5202106272203320009233710:
5202106272203340007402523:
5202106272203360008510090:
5202106272203380000439539:
5202106272203400009346707:
5202106272203420009354401:
5202106272203440008691017:
5202106272203450009293911:
5202106272203470004967002:
5202106272203490004934412:
5202106272203530009297056:
5202106272203560009324107:
5202106272203580007414082:
5202106272204000004984899:
5202106272204020008686064:
5202106272204041513649006:
5202106272204060009232378:
5202106272204090004973075:
5202106272204110004934412:
5202106272204130009339812:
5202106272204140009232355:
5202106272204160009321319:
5202106272204180009226412:
5202106272204190009341030:
5202106272204210006029990:
5202106272204230003137987:
5202106272204250009225494:
5202106272204270003137987:
5202106272204280009303525:
5202106272204310008512059:
5202106272204370009280491:
5202106272204390008709011:
5202106272204420009252984:
5202106272204440009322682:
5202106272204500009341030:
5202106272204520007410282:
5202106272204560009285701:
5202106272204590009326612:
5202106272205330008500312:
5202106272205480007413042:
5202106272206010008519522:
5202106272206030009294273:
5202106272206240009241934:
5202106272206320004933649:
5202106272206340008706494:
5202106272207030004948555:
5202106272207060009339803:
5202106272207080005000508:
5202106272207130004937357:
5202106272208200008500113:
5202106272208580008508219:
5202106272209000008497463:
5202106272209150007398914:
5202106272212120007410385:
6202106270100010007407764:
6202106270100040007398203:
6202106270100080007402498:
6202106270103080009241075:
6202106270730540009326438:
6202106270731540008503824:
6202106270732360007405149:
6202106270734160006031532:
6202106270734220009285700:
6202106270735160002851459:
6202106270736420006015165:
6202106270739210006039972:
6202106270739250009354460:
6202106270739310009283693:
6202106270739330006037015:
6202106270739450008507639:
6202106270739480009324076:
6202106270740420008692290:
6202106270741250008517056:
6202106270742370009241075:
6202106270743020009232350:
6202106270743060008509407:
6202106270743320009247696:
6202106270744130006040360:
6202106270744190009301802:
6202106270744580004166400:
6202106270745090009236868:
6202106270745250009307131:
6202106270745290009339274:
6202106270745430009298019:
6202106270745470009288870:
6202106270746040009274203:
6202106270746120008508441:
6202106270746250009287614:
6202106270747040009234108:
6202106270747140009305260:
6202106270747170009296138:
6202106270747250009285513:
6202106270747280009292116:
6202106270747540008718055:
6202106270747570009230790:
6202106270747590008704914:
6202106270748020009326600:
6202106270748110009314247:
6202106270748150008504091:
6202106270748180007412611:
6202106270748270004972764:
6202106270748300009247694:
6202106270748580009305547:
6202106270749050008681212:
6202106270749060009350096:
6202106270749080008492622:
6202106270749110009252946:
6202106270749130006039674:
6202106270749360008710216:
6202106270749380008716625:
6202106270749420006035580:
6202106270749470008499556:
6202106270749520009232629:
6202106270749550008493676:
6202106270749580009278808:
6202106270750010008711445:
6202106270750030000431430:
6202106270750070009278862:
6202106270750090009286387:
6202106270750170009346173:
6202106270750240008495365:
6202106270750270004934669:
6202106270750290008496367:
6202106270750310008499805:
6202106270750350006039493:
6202106270750380009226447:
6202106270750410008500597:
6202106270750440008511515:
6202106270750460004988026:
6202106270750490009343593:
6202106270750530006028762:
6202106270750540008683421:
6202106270750580008499165:
6202106270750590008712785:
6202106270751010009281874:
6202106270751030009283931:
6202106270751040008712785:
6202106270751070008508521:
6202106270751100009292077:
6202106270751140008712381:
6202106270751170008712416:
6202106270751200004936823:
6202106270751230009298223:
6202106270751310009226959:
6202106270751340008517815:
6202106270751360009282830:
6202106270751370007411542:
6202106270751390008508290:
6202106270751400008495972:
6202106270751430009225488:
6202106270751460008677903:
6202106270751480009339915:
6202106270751500008501833:
6202106270751540009342998:
6202106270751570007419034:
6202106270751590006039541:
6202106270752010006037924:
6202106270752040004931010:
6202106270752060008518703:
6202106270752130008502735:
6202106270752160009326650:
6202106270752220004046800:
6202106270752310006015163:
6202106270752330001114611:
6202106270752360008708003:
6202106270752380006030484:
6202106270752460004977423:
6202106270752490004969682:
6202106270752520004977423:
6202106270752540004946487:
6202106270752570008693892:
6202106270752590008510316:
6202106270753020008498021:
6202106270753040003916932:
6202106270753080000439530:
6202106270753110006039510:
6202106270753140009354581:
6202106270753160003137966:
6202106270753190009348543:
6202106270753210008492410:
6202106270753230001083945:
6202106270753250004939835:
6202106270753260001122577:
6202106270753290009326626:
6202106270753310004936557:
6202106270753330007422441:
6202106270753340009293895:
6202106270753380009327616:
6202106270753420009343384:
6202106270753460006018008:
6202106270753470008699992:
6202106270753490009330829:
6202106270753520008494613:
6202106270753550008698315:
6202106270753570008431645:
6202106270754010009324068:
6202106270754040008498971:
6202106270754060004947373:
6202106270754080008500109:
6202106270754100008695905:
6202106270754130009322602:
6202106270754150004937088:
6202106270754160006025807:
6202106270754180008443266:
6202106270754200008515502:
6202106270754230009339195:
6202106270754240009353030:
6202106270754270008505663:
6202106270754290007402467:
6202106270754301513409863:
6202106270754320009325535:
6202106270754340004163548:
6202106270754360009226390:
6202106270754390009354349:
6202106270754410008506434:
6202106270754430007418333:
6202106270754440004946192:
6202106270754460009233704:
6202106270754480008690234:
6202106270754490009324879:
6202106270754510009233704:
6202106270754520009255827:
6202106270754540008513144:
6202106270754570006014943:
6202106270754590008698121:
6202106270755010008689537:
6202106270755030009324637:
6202106270755050008518736:
6202106270755070004164864:
6202106270755080009348566:
6202106270755100006023662:
6202106270755120009339802:
6202106270755140009324085:
6202106270755160006026834:
6202106270755180008707174:
6202106270755200001087528:
6202106270755230009226812:
6202106270755250004930793:
6202106270755260009226817:
6202106270755280008696388:
6202106270755290003892332:
6202106270755310000424007:
6202106270755330006017488:
6202106270755350004045200:
6202106270755380008500401:
6202106270755390007421735:
6202106270755410009272020:
6202106270755420008499471:
6202106270755440008512035:
6202106270755450006024122:
6202106270755480008497935:
6202106270755500006016276:
6202106270755520004987731:
6202106270755540009226816:
6202106270755570009335539:
6202106270755580009326609:
6202106270756000006027344:
6202106270756010009226426:
6202106270756030004933902:
6202106270756040008513365:
6202106270756060008681703:
6202106270756070006028757:
6202106270756090006039129:
6202106270756110009283164:
6202106270756130008501795:
6202106270756140009254002:
6202106270756160004947077:
6202106270756180008512000:
6202106270756190009351830:
6202106270756210004971518:
6202106270756230009253739:
6202106270756240008503515:
6202106270756260009324629:
6202106270756270008518128:
6202106270756290008516772:
6202106270756300009324629:
6202106270756320007398172:
6202106270756340008508757:
6202106270756360007404782:
6202106270756370008518128:
6202106270756400006010458:
6202106270756410008515734:
6202106270756431513653096:
6202106270756440007404952:
6202106270756460002851443:
6202106270756480006010458:
6202106270756490009285983:
6202106270756520008686680:
6202106270756540009282645:
6202106270756550008680280:
6202106270756570008516213:
6202106270756580008508589:
6202106270757000008506074:
6202106270757020007421269:
6202106270757040007395627:
6202106270757070008511510:
6202106270757100009254212:
6202106270757120008713215:
6202106270757140009343567:
6202106270757150007421269:
6202106270757170009254908:
6202106270757190009234457:
6202106270757200009343592:
6202106270757220006015460:
6202106270757230008501942:
6202106270757250004178213:
6202106270757260008492776:
6202106270757280008702698:
6202106270757290006032030:
6202106270757320008708560:
6202106270757340001096293:
6202106270757360008492065:
6202106270757370009348376:
6202106270757390004936029:
6202106270757410007421253:
6202106270757420009240533:
6202106270757460006023108:
6202106270757490006018006:
6202106270757510006022003:
6202106270757520009230793:
6202106270757540009293228:
6202106270757570008506055:
6202106270757590007401166:
6202106270758010009278607:
6202106270758030002854367:
6202106270758040008501482:
6202106270758060004966592:
6202106270758100009230749:
6202106270758120009280630:
6202106270758140009354391:
6202106270758160004169060:
6202106270758180009343174:
6202106270758190009346033:
6202106270758210006032903:
6202106270758220008493565:
6202106270758240008516420:
6202106270758290007422489:
6202106270758310009322614:
6202106270758330008704360:
6202106270758370007395593:
6202106270758380009342034:
6202106270758400007417231:
6202106270758420002851460:
6202106270758440006039130:
6202106270758460007402498:
6202106270758470008507829:
6202106270758490006033720:
6202106270758510008500889:
6202106270758540004923617:
6202106270758560009311591:
6202106270758570007421209:
6202106270758590008690203:
6202106270759010009325511:
6202106270759030000424146:
6202106270759040009351964:
6202106270759060006024859:
6202106270759080006022159:
6202106270759110003132773:
6202106270759130009287411:
6202106270759150006028450:
6202106270759180008714113:
6202106270759210008699143:
6202106270759240001089614:
6202106270759250009253861:
6202106270759270009337903:
6202106270759290008686117:
6202106270759300006042240:
6202106270759320009326658:
6202106270759330009340816:
6202106270759350009230815:
6202106270759360009327615:
6202106270759390001077087:
6202106270759400008492480:
6202106270759430006035813:
6202106270759450006016252:
6202106270759470009274443:
6202106270759480009282114:
6202106270759500006016252:
6202106270759520009324574:
6202106270759550003137754:
6202106270800020007411174:
6202106270800050008692032:
6202106270800080008503489:
6202106270800120008498170:
6202106270800140009231410:
6202106270800160009285701:
6202106270800180007395592:
6202106270800190006042274:
6202106270800210008701103:
6202106270800220006042274:
6202106270800240009339144:
6202106270800250009310954:
6202106270800270006039506:
6202106270800290008497774:
6202106270800300006030482:
6202106270800320007409900:
6202106270800350009346327:
6202106270800370009342940:
6202106270800400009348748:
6202106270800430008499149:
6202106270800470008493833:
6202106270800530009233737:
6202106270800560008512859:
6202106270800590008696238:
6202106270801010008692560:
6202106270801080009340450:
6202106270801111513643510:
6202106270801180006039337:
6202106270801300009279481:
6202106270801320009322590:
6202106270801340009326648:
6202106270801350007407764:
6202106270801370006014941:
6202106270801420008703345:
6202106270801470008517783:
6202106270801530009286996:
6202106270802040004987436:
6202106270802140009340801:
6202106270802200009352016:
6202106270802250009346020:
6202106270802280009231473:
6202106270802350006017496:
6202106270802360004976495:
6202106270802430009305197:
6202106270802450004976495:
6202106270802460004940321:
6202106270802480009276489:
6202106270802511513653821:
6202106270802540008494092:
6202106270802570009303097:
6202106270803040009253991:
6202106270803070008497699:
6202106270803240009340470:
6202106270803430006036876:
6202106270803590009300413:
6202106270804310009289323:
6202106270804460008515910:
6202106270804550008500567:
6202106270805040008698795:
6202106270805080008494964:
6202106270805520008697063:
6202106270807130007402196:
6202106270807480009232631:
6202106270808320009234240:
6202106270809380006019315:
6202106270809490009279704:
6202106270812070008500378:
6202106270830110004934156:
6202106270832020004986846:
6202106270859300009275624:
6202106270900200006016277:
6202106271701250009340813:
6202106271708150009300413:
6202106271715570009310727:
6202106271807510008686680:
6202106271845400009309504:
6202106271900010008509407:
6202106271900030007411542:
6202106271900110004966592:
6202106271900130007411542:
6202106271900160001087528:
6202106271900250006028757:
6202106271900260004178213:
6202106271900280009326609:
6202106271900300009283693:
6202106271900320009247696:
6202106271900580006040360:
6202106271901010009247696:
6202106271901040001083945:
6202106271901060008513365:
6202106271901070006037015:
6202106271901100008499149:
6202106271901110008692560:
6202106271901130008696238:
6202106271901200009233737:
6202106271901220004951746:
6202106271901230009233737:
6202106271901250009282114:
6202106271901280008515734:
6202106271901300009311591:
6202106271901430008517815:
6202106271901440001077087:
6202106271901470007421209:
6202106271902030002851460:
6202106271902140007421209:
6202106271902180006018006:
6202106271902370008703345:
6202106271903280008516213:
6202106271905060008683421:
6202106271905120003892332:
6202106271905340008497935:
6202106271905400006016276:
6202106271906060008512859:
6202106271906391513643510:
6202106271908070009226959:
6202106271908140008492776:
6202106271909490006010458:
6202106271910230009282645:
6202106271911560008511515:
6202106271913390009311280:
6202106271915020009295891:
6202106271919500009301802:
6202106271920270006032903:
6202106271939370009293535:
6202106271939390009254000:
6202106271940550009254000:
6202106271947580006016277:
6202106271959160008693892:
6202106271959220009331842:
6202106271959240008711892:
6202106271959250009348748:
6202106271959270008711892:
6202106271959280009354349:
6202106271959300009343384:
6202106271959320008704360:
6202106271959330009306586:
6202106271959380009354460:
6202106271959400006028762:
6202106271959420008517783:
6202106271959440009324606:
6202106271959460008691341:
6202106271959480009240533:
6202106272000040001077421:
6202106272000060008513144:
6202106272000070001077421:
6202106272000090003126383:
6202106272000110006024738:
6202106272000140008685403:
6202106272000170004158333:
6202106272000200009226400:
6202106272000220004976495:
6202106272000240009272020:
6202106272000260006018008:
6202106272000270009346173:
6202106272000290009254212:
6202106272000300004929865:
6202106272000320006023662:
6202106272000360008680900:
6202106272000380009288870:
6202106272000440004986846:
6202106272000450009336959:
6202106272000500008699992:
6202106272000520009327615:
6202106272000540004939835:
6202106272000560008689944:
6202106272000570008518703:
6202106272001010008494010:
6202106272001020009230790:
6202106272001040006030480:
6202106272001050009278862:
6202106272001070009339254:
6202106272001110008507829:
6202106272001130008687514:
6202106272001150006015460:
6202106272001180009326650:
6202106272001200008503303:
6202106272001210008499805:
6202106272001300008493340:
6202106272001430006023085:
6202106272001460006028957:
6202106272001560004929419:
6202106272002050008715034:
6202106272002430009253988:
6202106272002480009288913:
6202106272002500009351830:
6202106272002550009276489:
6202106272002570008498021:
6202106272003000009286616:
6202106272004430006039129:
6202106272004450009232629:
6202106272005080006039674:
6202106272005130009226426:
6202106272005170009288638:
6202106272005190009322602:
6202106272005271513409863:
6202106272005290008501482:
6202106272005330007418333:
6202106272005350006027344:
6202106272005530008431645:
6202106272006190007398172:
6202106272006270004986256:
6202106272006510008500567:
6202106272007140004987436:
6202106272007330004966904:
6202106272008070009292077:
6202106272009290007422489:
6202106272009560006014993:
6202106272010030009254908:
6202106272010210008494613:
6202106272010470006032030:
6202106272012280008502189:
6202106272013120006031532:
6202106272014130009274203:
6202106272014230009230754:
6202106272015290009278808:
6202106272016450004940321:
6202106272017030009247694:
6202106272017150008704914:
6202106272023520009298223:
6202106272026220009305197:
6202106272035180006019315:
6202106272036200008494092:
6202106272050400006014349:
6202106272050440009274874:
6202106272100280008503515:
6202106272101060009304051:
6202106272101070006024741:
6202106272104510004923617:
6202106272133240008500401:
6202106272144470004930576:
6202106272145310009346063:
6202106272148410009296138:
6202106272150300007405149:
6202106272157370006032999:
6202106272158000009309829:
6202106272158020009272184:
6202106272158060009354344:
6202106272158080009225488:
6202106272158100009279481:
6202106272158120009254002:
6202106272158270009340450:
6202106272158280001096293:
6202106272158300009353030:
6202106272158320009339195:
6202106272158340009324637:
6202106272158410009343149:
6202106272158430008678678:
6202106272158450003132773:
6202106272158460009302534:
6202106272158500009247509:
6202106272158570008692032:
6202106272159010004936557:
6202106272159040004975477:
6202106272159060008692290:
6202106272159070003137963:
6202106272159100008713215:
6202106272159150009293895:
6202106272159170008501942:
6202106272159200009253991:
6202106272159220008508290:
6202106272159240007401166:
6202106272159260004987731:
6202106272159280009287614:
6202106272159330009298019:
6202106272159350008500109:
6202106272159360009280630:
6202106272159380007422441:
6202106272159390006042274:
6202106272159410009307131:
6202106272159430008499165:
6202106272159450009305547:
6202106272159460004950247:
6202106272159480009232631:
6202106272159500006035813:
6202106272159510004950247:
6202106272159530006023108:
6202106272159550006022159:
6202106272159570008493565:
6202106272159590008517056:
6202106272200010009255827:
6202106272200020004164864:
6202106272200040008493565:
6202106272200060009279704:
6202106272200080009340470:
6202106272200090008497699:
6202106272200110008501833:
6202106272200130004166400:
6202106272200150008501833:
6202106272200160006039130:
6202106272200180008499509:
6202106272200190009348376:
6202106272200210006025807:
6202106272200220009226447:
6202106272200240008513733:
6202106272200250004946192:
6202106272200270008492480:
6202106272200290008712785:
6202106272200300006030484:
6202106272200320004046800:
6202106272200330008712785:
6202106272200350009339274:
6202106272200360004946487:
6202106272200390006039337:
6202106272200400008695905:
6202106272200420009283164:
6202106272200430009348566:
6202106272200450004988026:
6202106272200460004930793:
6202106272200480006017488:
6202106272200490008496367:
6202106272200510008500597:
6202106272200520008680280:
6202106272200540006017488:
6202106272200550008507639:
6202106272200570008508352:
6202106272200590006026834:
6202106272201000009231410:
6202106272201020008497774:
6202106272201030009230793:
6202106272201050009231410:
6202106272201060008508757:
6202106272201080004934669:
6202106272201120009303097:
6202106272201160004934156:
6202106272201180009226812:
6202106272201190004969682:
6202106272201210007417231:
6202106272201220006039972:
6202106272201240009254207:
6202106272201260008511510:
6202106272201270009252946:
6202106272201300008492410:
6202106272201320009232350:
6202106272201330004936557:
6202106272201350009226394:
6202106272201360004947077:
6202106272201380008506766:
6202106272201390008510316:
6202106272201410008443266:
6202106272201420007395592:
6202106272201440004972764:
6202106272201450006022160:
6202106272201470004046800:
6202106272201480009233704:
6202106272201500008492622:
6202106272201510006015163:
6202106272201530008503824:
6202106272201540006033720:
6202106272201580009327616:
6202106272201590001122577:
6202106272202010008498971:
6202106272202030001114611:
6202106272202050007402512:
6202106272202060007409900:
6202106272202080007402512:
6202106272202090009236809:
6202106272202110007404782:
6202106272202120008491901:
6202106272202140008708048:
6202106272202150004971518:
6202106272202170007395627:
6202106272202180008495365:
6202106272202220009339144:
6202106272202230008697764:
6202106272202260009339144:
6202106272202280008506074:
6202106272202290009325535:
6202106272202310008501795:
6202106272202320008495365:
6202106272202340007404952:
6202106272202360000431430:
6202106272202390009335539:
6202106272202410009349972:
6202106272202430008502735:
6202106272202450009348543:
6202106272202470007412611:
6202106272202490006030482:
6202106272202510008508521:
6202106272202520008506434:
6202106272202540008495365:
6202106272202560008518128:
6202106272202570006037924:
6202106272203000007419034:
6202106272203020009226816:
6202106272203040006016252:
6202106272203050008512000:
6202106272203070008512035:
6202106272203080009226817:
6202106272203100009232653:
6202106272203110009283931:
6202106272203130006024122:
6202106272203150009305260:
6202106272203160009292116:
6202106272203200008697063:
6202106272203220009285983:
6202106272203240006021991:
6202106272203260008493676:
6202106272203270004923758:
6202106272203300006039510:
6202106272203330007419049:
6202106272203340008494964:
6202106272203360009278607:
6202106272203380004936823:
6202106272203400008515578:
6202106272203420009231473:
6202106272203450004977423:
6202106272203510008699143:
6202106272203530009326648:
6202106272203560004937088:
6202106272203580009340816:
6202106272204000009285701:
6202106272204060006036876:
6202106272204090004932608:
6202106272204150005001262:
6202106272204191513653050:
6202106272204220009286996:
6202106272204520008716113:
6202106272204560007421269:
6202106272205230009285700:
6202106272207320006036336:
6202106272208430009285513:
6202106272208590008503532:
6202106272209040003137754:
6202106272209060009234108:
6202106272209110006028797:
6202106272210110008493833:
6202106272210300007398203:
6202106272212120009241075:
6202106272241270009285701:
8202106270735370007396382:
8202106270738170001087543:
8202106270740501513631613:
8202106270742270008513100:
8202106270743360009324572:
8202106270744320008511681:
8202106270746000009231425:
8202106270747210008680442:
8202106270747300008493092:
8202106270749020009298435:
8202106270749230003137945:
8202106270749370008504736:
8202106270749420006027612:
8202106270749520009273291:
8202106270750080009272187:
8202106270750190009273291:
8202106270750290008500626:
8202106270750380008496149:
8202106270750450004935623:
8202106270750490007398203:
8202106270751320008493749:
8202106270751370007407499:
8202106270751400006037029:
8202106270751460008512375:
8202106270752240004936688:
8202106270752350008708048:
8202106270753010006033000:
8202106270753150006028799:
8202106270753190009250787:
8202106270753270009252994:
8202106270753310015629857:
8202106270753410008689944:
8202106270753480008493895:
8202106270753550004949949:
8202106270753580004987141:
8202106270754040008493340:
8202106270754520009296645:
8202106270754560009253846:
8202106270754581513653050:
8202106270755050004171887:
8202106270755080009226402:
8202106270755110009327620:
8202106270755260009342984:
8202106270755480009346055:
8202106270756030007406670:
8202106270756120009339204:
8202106270756160004975255:
8202106270756170008716113:
8202106270756220008710875:
8202106270756400007404980:
8202106270756460007395586:
8202106270756490006024741:
8202106270757100009234249:
8202106270757250006036336:
8202106270757300005001511:
8202106270757380009341511:
8202106270757410008512783:
8202106270757470009231455:
8202106270757510008445656:
8202106270758010008514966:
8202106270758060009311280:
8202106270758080009342978:
8202106270758160004923338:
8202106270758290008708560:
8202106270758310006021988:
8202106270758340009346685:
8202106270759160009342035:
8202106270759550008499706:
8202106270759570009342035:
8202106270800020009280051:
8202106270800110009346364:
8202106270800510009339834:
8202106270801280009290264:
8202106270802270004969910:
8202106270803090004985960:
8202106271801050009346055:
8202106271859220001077425:
8202106271900360009351814:
8202106271901030009339204:
8202106271904450009342143:
8202106271905160009281928:
8202106271907050009253995:
8202106271909180009342978:
8202106271909200009342984:
8202106271909270008506212:
8202106271909280008504275:
8202106271909300008506212:
8202106271909340006021988:
8202106271909560009230812:
8202106271910020009286387:
8202106271910300009339821:
8202106271910560009339818:
8202106271911420003137945:
8202106271912170015629857:
8202106271912190009311280:
8202106271912240008703693:
8202106271912340002851443:
8202106271913160009346181:
8202106271913270003132772:
8202106271913290009346181:
8202106271913370007421253:
8202106271913420007421735:
8202106271914000009295891:
8202106271914070003132772:
8202106271958400009272187:
8202106271958430004949949:
8202106271959010006028799:
8202106271959110008515848:
8202106271959170004974322:
8202106271959270008501835:
8202106271959300009346364:
8202106271959330009231425:
8202106271959350009296645:
8202106271959400004969304:
8202106271959440009250787:
8202106271959560008516420:
8202106271959580009337006:
8202106272000000004969598:
8202106272000030008494402:
8202106272000050009273291:
8202106272000070008712381:
8202106272000090008681212:
8202106272000140008508589:
8202106272000160006033000:
8202106272000250008498170:
8202106272000270005001511:
8202106272000320008499867:
8202106272000370009343592:
8202106272000390005001511:
8202106272000400009343592:
8202106272000420009234457:
8202106272000430009247701:
8202106272000450007406670:
8202106272000460009337903:
8202106272000480009346685:
8202106272000500007404978:
8202106272000510008513100:
8202106272000530008680442:
8202106272000550004929198:
8202106272000570006027612:
8202106272001000008500626:
8202106272001020008690224:
8202106272001040008512783:
8202106272001060009280051:
8202106272001070004045200:
8202106272001090009226797:
8202106272001100004929641:
8202106272001130009234249:
8202106272001180008500493:
8202106272001240009351830:
8202106272001260000424545:
8202106272001310009298435:
8202106272001340000424545:
8202106272001360009341511:
8202106272001390006041717:
8202106272001560008504736:
8202106272002000009253739:
8202106272002510008515910:
8202106272003030008708560:
8202106272005121513627710:
8202106272005160004935623:
8202106272005180009354391:
8202106272005250009342035:
8202106272005310008511222:
8202106272005520004169060:
8202106272006030006041875:
8202106272006140000431385:
8202106272006200009333812:
8202106272006260009246202:
8202106272006290009327620:
8202106272006490009343593:
8202106272007190006037029:
8202106272008080009343593:
8202106272017420008499458:
8202106272039410007395586:
8202106272051170009291061:
8202106272100230004931010:
8202106272100420004985960:
8202106272101070002851485:
8202106272101090006042240:
8202106272102110006039974:
8202106272103430009354827:
8202106272104350009226399:
8202106272126190004974633:
8202106272157130009291036:
8202106272159070007402196:
8202106272159110004171887:
8202106272159590000424167:
8202106272200020004969910:
8202106272200040008500083:
8202106272200060008679170:
8202106272200070008494201:
8202106272200120004163548:
8202106272200140008445656:
8202106272200160008710875:
8202106272200180006013128:
8202106272200200008510188:
8202106272200220004179293:
8202106272200230008493895:
8202106272200250008495426:
8202106272200270008496149:
8202106272200290008495556:
8202106272200300009246201:
8202106272200320008504091:
8202106272200350001087543:
8202106272200370008504091:
8202106272200390006036504:
8202106272200410008494427:
8202106272200430009339225:
8202106272200440007396382:
8202106272200460004923338:
8202106272200490009295454:
8202106272200500009324572:
8202106272200520006016091:
8202106272200550004931673:
8202106272201050006016252:
8202106272201080003126356:
8202106272201121513631613:
8202106272201140007395601:
8202106272201180008511681:
8202106272201210009226821:
8202106272201230004931897:
8202106272201260006041088:
8202106272201270009339834:
8202106272201310004936293:
8202106272201350008493749:
8202106272201380007407499:
8202106272201410001083930:
8202106272201460009348776:
8202106272201570009327564:
8202106272202080008499471:
8202106272202100009343174:
8202106272202110009327564:
8202106272202130008499471:
8202106272202160004973386:
8202106272202340009340816:
8202106272203200009234240:
8202106272203520008677903:
8202106272204020008712416:
8202106272205530004975255:
8202106272208240004179142:
8202106272208360005000761:
