1202211060930480009001249:
1202211060951250004967900:
1202211060951270008946846:
1202211060954360004968173:
1202211061033160005248387:
1202211061105210005252070:
1202211061212120009001249:
1202211061212160008956976:
1202211061212180009001249:
1202211061212460004968173:
1202211061212500005252070:
1202211061212520008946846:
1202211061213390005248387:
1202211061215540004967900:
2202211060936410008956976:
2202211060949330004967900:
2202211060950200008946846:
2202211061104480005252070:
6202211060930120007402498:
6202211060954510004968173:
6202211061212300004968173:
6202211061230110007402498:
