2202103020002530009291266:
2202103020003270009225481:
2202103020005010008717926:
2202103020005140009339812:
2202103020011020008694944:
2202103020011090008494333:
2202103020011111513645885:
2202103020011130008494333:
2202103020011200009225495:
2202103020011240009297574:
2202103020011260008702320:
2202103020011290009250799:
2202103020011320009342959:
2202103020011340008692450:
2202103020011360008499840:
2202103020011380008696894:
2202103020011411513637915:
2202103020011430007421212:
2202103020011490008499840:
2202103020011510007421212:
2202103020011530009339794:
2202103020011570007421212:
2202103020012040009326622:
2202103020012070007422376:
2202103020012100009350999:
2202103020012120008494267:
2202103020012150009342002:
2202103020012170009326432:
2202103020012190009313377:
2202103020012210008709393:
2202103020012230008707832:
2202103020012270008709393:
2202103020012290008499206:
2202103020012390000439539:
2202103020012410008690529:
2202103020012450009346290:
2202103020012470008707832:
2202103020012500009351308:
2202103020012520008499840:
2202103020012540008495037:
2202103020012570009342183:
2202103020012590009322640:
2202103020013080008499840:
2202103020013520008692742:
2202103020013560006036993:
2202103020014110008686039:
2202103020017220009324604:
2202103020017240009351305:
2202103020020090009304051:
2202103020707550008503532:
2202103020732470008506632:
2202103020732510009342996:
2202103020741400009324119:
2202103020742040009324831:
2202103020744570008504268:
2202103020745300009337900:
2202103020746190009225506:
2202103020746390009339273:
2202103020747020009346707:
2202103020747440009339839:
2202103020748310009346353:
2202103020748360008717044:
2202103020748390009343374:
2202103020749060009323985:
2202103020749220009297574:
2202103020749240009323985:
2202103020749280009291266:
2202103020749350009346170:
2202103020749390009326435:
2202103020749410009346708:
2202103020749440009341752:
2202103020750000009351998:
2202103020750240008717926:
2202103020750250009338814:
2202103020750370009352009:
2202103020750510009346362:
2202103020750541513641316:
2202103020751060009339794:
2202103020751210008687593:
2202103020751270008704200:
2202103020751310003126381:
2202103020751460009348762:
2202103020751500009341005:
2202103020751520009336988:
2202103020751540009341005:
2202103020751570008692742:
2202103020751590008686064:
2202103020752020009354576:
2202103020752060009340824:
2202103020752080008706494:
2202103020752141513645885:
2202103020752150008692450:
2202103020752180009338246:
2202103020752420009234487:
2202103020752440008699606:
2202103020753200008686039:
2202103020753220008690529:
2202103020753240009226965:
2202103020753260008683123:
2202103020753320009234467:
2202103020753350009354401:
2202103020753390009321818:
2202103020753480009225481:
2202103020753590000424165:
2202103020754060008706878:
2202103020754110009322683:
2202103020754140008698279:
2202103020754160009230795:
2202103020754190009342959:
2202103020754220009225523:
2202103020754240009230781:
2202103020754270008697836:
2202103020754370008701083:
2202103020754440009322640:
2202103020754460009354001:
2202103020754550009343151:
2202103020755000008496581:
2202103020755020009234480:
2202103020755110009351305:
2202103020755160008494267:
2202103020755210009339803:
2202103020755230009225522:
2202103020755260009339795:
2202103020755301513649006:
2202103020755330007421252:
2202103020755440009241049:
2202103020755470008495037:
2202103020755580009230780:
2202103020756050009351308:
2202103020756090009225507:
2202103020756110008497759:
2202103020756130008691017:
2202103020756170009326645:
2202103020756190009341030:
2202103020756250009236809:
2202103020756430009345998:
2202103020756490009321395:
2202103020756520009330833:
2202103020756550008690941:
2202103020757000008698795:
2202103020757040009339524:
2202103020757080009342958:
2202103020757120009339524:
2202103020757180009351770:
2202103020757540009253997:
2202103020758020008491998:
2202103020758060003109818:
2202103020758140009351833:
2202103020758201513637915:
2202103020758240009250799:
2202103020758260009226392:
2202103020758280008499206:
2202103020758310008709393:
2202103020758330003137987:
2202103020758350009327416:
2202103020758390009347607:
2202103020758420009351823:
2202103020758470009321334:
2202103020758540009326612:
2202103020759130009297056:
2202103020759200006019316:
2202103020759220009321326:
2202103020759260009339219:
2202103020759390003137970:
2202103020759410008500167:
2202103020759460008709061:
2202103020759480009301551:
2202103020759500009346038:
2202103020759520009283296:
2202103020759580008709954:
2202103020800010008678770:
2202103020800020009339797:
2202103020800040008678770:
2202103020800070008682585:
2202103020800170009225488:
2202103020800280008696894:
2202103020800320009226422:
2202103020800580000442293:
2202103020802380009324604:
2202103020803120009346290:
2202103020803140009344566:
2202103020803340009225495:
2202103020803510009339803:
2202103020805060009225494:
2202103020805170003126145:
2202103020806530007410385:
2202103020806580009349986:
2202103020807020008499840:
2202103020810280009234247:
2202103020814450009342183:
2202103021706590008709954:
2202103021903540009340483:
2202103021904220009307295:
2202103021904390008702965:
2202103021905240008500167:
2202103021905280008702965:
2202103021906100008680743:
2202103021906180009326618:
2202103021907020009301551:
2202103021908010009226422:
2202103021908400009321362:
2202103021959350009321818:
2202103021959390009246204:
2202103022000010009313530:
2202103022001350009326435:
2202103022001420009226392:
2202103022002270008709061:
2202103022002310009346038:
2202103022002470009339828:
2202103022004320009346362:
2202103022008260009276908:
2202103022008290008692587:
2202103022018250009297574:
2202103022018280009338814:
2202103022104080006029906:
2202103022117500006032031:
2202103022134190009351801:
2202103022138490009339794:
2202103022153090009339824:
2202103022158460006040953:
2202103022159160009351317:
2202103022159230009351833:
2202103022200430006033902:
2202103022200490008509836:
2202103022201160009338246:
2202103022203250007407764:
2202103022203270008494964:
2202103022203290009232334:
2202103022204490009354576:
2202103022207240009326645:
2202103022241040000442293:
2202103022252120000439539:
2202103022302290009351823:
2202103022304500009304051:
2202103022308350009346170:
2202103022308380009234487:
2202103022308420008690941:
2202103022308430009341752:
2202103022308450008699606:
2202103022308470007421252:
2202103022308530008504268:
2202103022309010009234467:
2202103022309040008706878:
2202103022309060009345998:
2202103022309090000424165:
2202103022309200006019316:
2202103022309230009346708:
2202103022309321513649006:
2202103022309350009225506:
2202103022309370009342996:
2202103022309520008687593:
2202103022309550009339273:
2202103022310000009234480:
2202103022310020009354401:
2202103022310050009230795:
2202103022310310009327416:
2202103022310350003126381:
2202103022310430009347607:
2202103022310550008717926:
2202103022310590009230781:
2202103022311020009330833:
2202103022311070009339812:
2202103022311120008491998:
2202103022312510009350999:
2202103022313210009346353:
2202103022314290009324831:
2202103022314330009348762:
2202103022314360008718216:
2202103022314410009341005:
2202103022314480009323985:
2202103022314550009339803:
2202103022315290008682585:
2202103022315340009336988:
2202103022315360009236809:
2202103022315430009352009:
2202103022316470008717044:
3202103020721420009275080:
3202103020735420009272184:
3202103020739030009326438:
3202103020742550009339211:
3202103020746500006029906:
3202103020747230008715661:
3202103020748170009349952:
3202103020750440004175443:
3202103020751210009343364:
3202103020752200009346324:
3202103020753270009344561:
3202103020754340008518877:
3202103020754380008699830:
3202103020754400009346352:
3202103020754430009351758:
3202103020754450009348542:
3202103020754500009309829:
3202103020754590009230756:
3202103020755270009346165:
3202103020755420009351801:
3202103020755480008713928:
3202103020756280009346064:
3202103020756460008701267:
3202103020757020008494924:
3202103020757100008701274:
3202103020757110008711152:
3202103020757190008680648:
3202103020757270008703693:
3202103020757340009326604:
3202103020757440009251764:
3202103020757540006032999:
3202103020758080009324068:
3202103020758100006039541:
3202103020758420009323007:
3202103020758440009283895:
3202103020758460009322602:
3202103020758480008713719:
3202103020758510003137754:
3202103020758540006029910:
3202103020758580008688253:
3202103020759100009303427:
3202103020759160003126383:
3202103020759570009232334:
3202103020800180008693150:
3202103020800220008492065:
3202103020800230008693150:
3202103020800260009325511:
3202103020800340009278449:
3202103020800470006033902:
3202103020801250008509836:
3202103020802330008494964:
3202103020803000009274107:
3202103020803130009273437:
3202103020805020008508352:
3202103020810580009304051:
3202103020829190009321319:
3202103020830520009296138:
3202103021900180008713719:
3202103021900410008713928:
3202103021900430009325511:
3202103021900540004175443:
3202103021900560008680648:
3202103021901530008703693:
3202103021902060003137754:
3202103021903000006032999:
3202103021903450009322602:
3202103021907230008506597:
3202103021908300008518877:
3202103021955310009344561:
3202103022000050008693150:
3202103022000120009323007:
3202103022000540009346324:
3202103022001260008701103:
3202103022002030003137964:
3202103022002320008701274:
3202103022004120008701267:
3202103022004330008492065:
3202103022004410003126383:
3202103022008590008688253:
3202103022009390008494924:
3202103022009460009251764:
3202103022014380009324068:
3202103022014400006039541:
3202103022023440009234066:
3202103022034210008506632:
3202103022040210009303427:
3202103022050430009305197:
3202103022056270009296138:
3202103022103160009325528:
3202103022103220006029906:
3202103022106320009309829:
3202103022116440009346063:
3202103022131560009351801:
3202103022134470009275080:
3202103022143560006036876:
3202103022145410008498988:
3202103022156050009299255:
3202103022158580009346352:
3202103022159020008699830:
3202103022159050009346352:
3202103022159210009348542:
3202103022159260008508352:
3202103022159400009272184:
3202103022159540009278449:
3202103022159580006033902:
3202103022200010009272184:
3202103022200260008508546:
3202103022200500009346165:
3202103022200560009339211:
3202103022201050009354625:
3202103022201060009351758:
3202103022201160009272184:
3202103022201200009346064:
3202103022202060006029910:
3202103022202310007407764:
3202103022202350008494964:
3202103022202390007407764:
3202103022202450008494964:
3202103022202480009232334:
3202103022203350009230769:
3202103022204540009344566:
3202103022205070004179142:
3202103022205110009241075:
3202103022205160009326438:
3202103022205410009326604:
3202103022212410009349952:
3202103022212430008677300:
3202103022212510008515578:
3202103022218500009274107:
3202103022221460008715661:
3202103022236250009273437:
3202103022236360006021955:
3202103022237200008677773:
4202103020734181513653075:
4202103020738400008677438:
4202103020741580009324076:
4202103020743080002851485:
4202103020743240008697594:
4202103020744080006013135:
4202103020744180009341788:
4202103020744370009348776:
4202103020744440009348729:
4202103020745220009272601:
4202103020745270009327458:
4202103020745350009307386:
4202103020747150008687514:
4202103020747210009338161:
4202103020747310008681703:
4202103020747330009335491:
4202103020747360008710216:
4202103020748210008718055:
4202103020748230009341989:
4202103020748250009337903:
4202103020748270009344571:
4202103020748300009330829:
4202103020748320008716625:
4202103020748400003137967:
4202103020748440007406701:
4202103020748460008689944:
4202103020748480009339254:
4202103020748520008695330:
4202103020748580008707911:
4202103020749330008681212:
4202103020750060009354344:
4202103020750080009300618:
4202103020750190008692117:
4202103020750230003934713:
4202103020750280008713107:
4202103020750330008681103:
4202103020750370009250787:
4202103020750400003137963:
4202103020751130009354396:
4202103020751160009236868:
4202103020751190008512375:
4202103020751250008686973:
4202103020751350006014616:
4202103020751370008493749:
4202103020751400009346367:
4202103020751420009352016:
4202103020751440008709374:
4202103020751460009343384:
4202103020751480008679170:
4202103020751490009324629:
4202103020751510009230749:
4202103020751540009339277:
4202103020751560008517496:
4202103020751590008429607:
4202103020752010009324572:
4202103020752030009326650:
4202103020752050009336959:
4202103020752120009322614:
4202103020752150008517323:
4202103020752200008680900:
4202103020752280008703345:
4202103020752310009280051:
4202103020752330008677903:
4202103020752350003137972:
4202103020752370008711197:
4202103020752380009326626:
4202103020752400009346340:
4202103020752420009351830:
4202103020752570008711445:
4202103020752590009240520:
4202103020753070009349985:
4202103020753080009326609:
4202103020753100008695597:
4202103020753140009225500:
4202103020753160008712381:
4202103020753180008693892:
4202103020753200009346345:
4202103020753220009341742:
4202103020753280009324605:
4202103020753300009351814:
4202103020753330008715839:
4202103020753370009341511:
4202103020753400009339837:
4202103020753440008680280:
4202103020753460009275948:
4202103020753470009294584:
4202103020753490009233695:
4202103020753510009346173:
4202103020753520008694707:
4202103020753550000424167:
4202103020753570008685403:
4202103020753590003126147:
4202103020754010008680442:
4202103020754030008710875:
4202103020754060009346364:
4202103020754080008708003:
4202103020754100009234457:
4202103020754110009322701:
4202103020754130000424545:
4202103020754170008495972:
4202103020754190009346035:
4202103020754210008692544:
4202103020754230008697156:
4202103020754240009236820:
4202103020754260009339792:
4202103020754280009326600:
4202103020754290009339915:
4202103020754320008683912:
4202103020754340009236810:
4202103020754360006028799:
4202103020754380008705215:
4202103020754400009234458:
4202103020754460008684967:
4202103020754480008690234:
4202103020754500009326617:
4202103020754520008493689:
4202103020754530009326658:
4202103020754550006019432:
4202103020754570008707174:
4202103020755000009340813:
4202103020755010008678678:
4202103020755030004045200:
4202103020755050009321321:
4202103020755070006019317:
4202103020755090009232375:
4202103020755110009311280:
4202103020755130009353030:
4202103020755150009339195:
4202103020755170008677569:
4202103020755190009342035:
4202103020755210009323409:
4202103020755230009325535:
4202103020755250009342962:
4202103020755270008679943:
4202103020755320009344572:
4202103020755370008697764:
4202103020755390009321481:
4202103020755410009343174:
4202103020755420009343149:
4202103020755440009331051:
4202103020755450009342142:
4202103020755470009342954:
4202103020755480008699485:
4202103020755500009308083:
4202103020755520008696164:
4202103020755550009277510:
4202103020755590007419418:
4202103020756010009339802:
4202103020756030009327615:
4202103020756050009346055:
4202103020756080008697841:
4202103020756100009321707:
4202103020756120009326647:
4202103020756130008515910:
4202103020756150009281874:
4202103020756160008691657:
4202103020756180008711249:
4202103020756190009331842:
4202103020756230006038308:
4202103020756250009327613:
4202103020756280000424007:
4202103020756290008717268:
4202103020756310009234486:
4202103020756330008714702:
4202103020756350008681357:
4202103020756370009324118:
4202103020756400008690794:
4202103020756450003117204:
4202103020756470009339780:
4202103020756490000431385:
4202103020756510009354825:
4202103020756530008711892:
4202103020756540009340801:
4202103020756560000439530:
4202103020756580008689470:
4202103020756590009342034:
4202103020757010009354699:
4202103020757020009321342:
4202103020757040009343430:
4202103020757050009339204:
4202103020757070008704323:
4202103020757080003137755:
4202103020757100009339834:
4202103020757110006033000:
4202103020757130003116965:
4202103020757150006033000:
4202103020757170009346181:
4202103020757180003132772:
4202103020757200009351768:
4202103020757230009339930:
4202103020757240008690203:
4202103020757260003126356:
4202103020757360008686117:
4202103020757380006041875:
4202103020757400009346685:
4202103020757410009293535:
4202103020757430008688282:
4202103020757450007395592:
4202103020757460009342981:
4202103020757480009225508:
4202103020757500008709659:
4202103020757510008689537:
4202103020757530008714113:
4202103020757550009342982:
4202103020757580009240515:
4202103020758000009312090:
4202103020758020007409909:
4202103020758050009339817:
4202103020758060009346033:
4202103020758090009343592:
4202103020758120006022003:
4202103020758170009246202:
4202103020758200009327564:
4202103020758210009326558:
4202103020758240008688939:
4202103020758320009326648:
4202103020758390000439540:
4202103020758410008699992:
4202103020758470009324606:
4202103020758480009281799:
4202103020758500009352010:
4202103020758520009346327:
4202103020758540008698286:
4202103020758550009333812:
4202103020758580009326640:
4202103020759000006039506:
4202103020759030008698455:
4202103020759050006015164:
4202103020759070008702008:
4202103020759090009346020:
4202103020759110008695667:
4202103020759170009324138:
4202103020759190009337006:
4202103020759200009354582:
4202103020759220009342940:
4202103020759240008706683:
4202103020759250009348748:
4202103020759270009254212:
4202103020759280009246199:
4202103020759300009339225:
4202103020759310003126380:
4202103020759330009234484:
4202103020759340009342978:
4202103020759370008702658:
4202103020759430008493965:
4202103020759440008719239:
4202103020759460003126360:
4202103020759470009340816:
4202103020759510008704360:
4202103020759530007421253:
4202103020759550006039973:
4202103020759560009289323:
4202103020800000009351964:
4202103020800090008692811:
4202103020800120008426949:
4202103020800210009351958:
4202103020800270009343383:
4202103020800300008678308:
4202103020800320009323999:
4202103020800340008688767:
4202103020800350009335560:
4202103020800370009322590:
4202103020800590009339144:
4202103020801010008712416:
4202103020801440009331048:
4202103020801510006028451:
4202103020802000008710957:
4202103020802430009226806:
4202103020804570009354349:
4202103020805000007407764:
4202103020806310009337945:
4202103020847470009278607:
4202103021804200008704360:
4202103021900270008692811:
4202103021900330009342981:
4202103021900360008712134:
4202103021900420009246202:
4202103021900560009342034:
4202103021901440009351814:
4202103021902020009352016:
4202103021902050009232376:
4202103021902080009275948:
4202103021902090009339930:
4202103021902120008711197:
4202103021903180008693892:
4202103021903250009311280:
4202103021903400008697063:
4202103021903580008690794:
4202103021904040009326648:
4202103021904180009281799:
4202103021904290009346173:
4202103021904340009354825:
4202103021904420009323999:
4202103021904440009336959:
4202103021905120009327615:
4202103021905230009339195:
4202103022000000009351768:
4202103022000140003126380:
4202103022000210008679170:
4202103022000250009353030:
4202103022000270008495972:
4202103022000390009348776:
4202103022000410008692544:
4202103022000430009346055:
4202103022000480009342035:
4202103022000510009225488:
4202103022000530009324138:
4202103022000550008689254:
4202103022000570008707911:
4202103022001030009240515:
4202103022001170009324076:
4202103022001190009326609:
4202103022001270009322614:
4202103022001280009273013:
4202103022001300009340812:
4202103022001320006014616:
4202103022001350008719239:
4202103022001360008706683:
4202103022001410008678678:
4202103022001430008706683:
4202103022002040009346345:
4202103022002320008688282:
4202103022002360008709659:
4202103022002390008688282:
4202103022002410009234486:
4202103022002430008710875:
4202103022002440009330829:
4202103022002500009339254:
4202103022003170008677438:
4202103022003230003137966:
4202103022003250008681703:
4202103022003310009340470:
4202103022003430009339915:
4202103022003440009308083:
4202103022003490000424545:
4202103022004010003137972:
4202103022004030008679943:
4202103022004460008712416:
4202103022059320008695667:
4202103022059350008702658:
4202103022059520006015164:
4202103022100020006033000:
4202103022100160009336990:
4202103022100430009351958:
4202103022100530009323409:
4202103022100550009346685:
4202103022104200008678308:
4202103022104520009339780:
4202103022104590008686973:
4202103022158120008702008:
4202103022158140009325535:
4202103022158160009349985:
4202103022158190009232352:
4202103022158210009339277:
4202103022158220003126147:
4202103022158320009343592:
4202103022159090007400852:
4202103022159350009331842:
4202103022159390000424007:
4202103022159420008696164:
4202103022159440007406701:
4202103022159480009335560:
4202103022159540008426949:
4202103022159560003116965:
4202103022159580009327613:
4202103022200030009335491:
4202103022200060008698795:
4202103022200080009348748:
4202103022200100008517496:
4202103022200120008710216:
4202103022200150006028799:
4202103022200170008710216:
4202103022200210009324605:
4202103022200230008695330:
4202103022200250009342984:
4202103022200270009340801:
4202103022200280009340816:
4202103022200300009225508:
4202103022200330009351964:
4202103022200360009234248:
4202103022200410009233695:
4202103022200430009339802:
4202103022200440000431385:
4202103022200460009339834:
4202103022200560009342978:
4202103022201050008687514:
4202103022201080008494201:
4202103022201240006013135:
4202103022201580008710957:
4202103022208080003137963:
4202103022215090007409909:
4202103022301170008697764:
5202103020143470001100446:
5202103020144050004165136:
5202103020726420006032031:
5202103020739010009281753:
5202103020745020006024747:
5202103020746000008677773:
5202103020746400008698044:
5202103020746440004181482:
5202103020746470008500956:
5202103020746540008718055:
5202103020747040009343364:
5202103020747320008439606:
5202103020749270008681883:
5202103020750120001077425:
5202103020750350009288638:
5202103020751490009284775:
5202103020752220003915458:
5202103020752280008709369:
5202103020753000009287011:
5202103020753040008678354:
5202103020753210009340483:
5202103020753430009307295:
5202103020753490009314286:
5202103020754240006029990:
5202103020754370001079288:
5202103020754440009312114:
5202103020754510008718216:
5202103020754590008713081:
5202103020755130009314167:
5202103020755290009339812:
5202103020755350008701527:
5202103020755420008702965:
5202103020755470008680743:
5202103020755500008702965:
5202103020755520008680743:
5202103020756000009326618:
5202103020756050009339828:
5202103020756120008695140:
5202103020756150000431412:
5202103020756200008695140:
5202103020756390009346180:
5202103020756430008694944:
5202103020756450009351770:
5202103020756470008494333:
5202103020756490009343509:
5202103020756520008694659:
5202103020756570006027540:
5202103020756590009342002:
5202103020757040000439539:
5202103020757180006033001:
5202103020757250008692587:
5202103020757280009276908:
5202103020757350008508546:
5202103020757420006015164:
5202103020757570009246193:
5202103020758000009321362:
5202103020758140003126360:
5202103020758411513646659:
5202103020758430008426247:
5202103020758510008424093:
5202103020758560009286624:
5202103020759070006039671:
5202103020759100009351317:
5202103020759120008426248:
5202103020759180009323999:
5202103020759260008678770:
5202103020759270007396360:
5202103020759300008682585:
5202103020759350008707832:
5202103020759410009253995:
5202103020759440009324085:
5202103020759510006040953:
5202103020759530008696894:
5202103020759550003918604:
5202103020759580008696894:
5202103020800010009226422:
5202103020800070009313530:
5202103020800090006036993:
5202103020800110003137964:
5202103020800130009230785:
5202103020800150009313530:
5202103020800280009283515:
5202103020800420008509836:
5202103020800470007400852:
5202103020800570007421212:
5202103020801100009339824:
5202103020801120007411321:
5202103020801140009326622:
5202103020801160008508326:
5202103020801210009350999:
5202103020802070008706103:
5202103020804070008702320:
5202103020804190007422376:
5202103020804320009346063:
5202103020836150009325536:
5202103020907010007411315:
5202103020913530004165136:
5202103020939590001100446:
5202103020941250007396553:
5202103021706130009246193:
5202103021731110009283515:
5202103021852190008426247:
5202103021900200000431412:
5202103021900260008695140:
5202103021900310000431412:
5202103021900330008695140:
5202103021900550009284775:
5202103021901090009287011:
5202103021901110008681883:
5202103021901130009288638:
5202103021901310009284775:
5202103021901380009314286:
5202103021902250009314167:
5202103021902500008706103:
5202103021904290009281753:
5202103021904310007396360:
5202103021909580003915458:
5202103021929200007411315:
5202103022001300008439606:
5202103022001410006033001:
5202103022001440008678354:
5202103022001450008709369:
5202103022001470008701527:
5202103022003260003137970:
5202103022006280001100446:
5202103022008050001079288:
5202103022008120006024747:
5202103022012180009326558:
5202103022012560008500401:
5202103022018340008713081:
5202103022018390009283296:
5202103022018430006029990:
5202103022019540009286624:
5202103022101090004181482:
5202103022101180008698044:
5202103022155530004165136:
6202103020708160008503532:
6202103020733070009272184:
6202103020733170008506632:
6202103020734440008506632:
6202103020734510006021955:
6202103020734570008506632:
6202103020752200009325528:
6202103020754070008518877:
6202103020754100008699830:
6202103020754130009232352:
6202103020754170008500401:
6202103020754210009241075:
6202103020754280009230756:
6202103020754430009279494:
6202103020755050007422383:
6202103020755380008689254:
6202103020756160008494201:
6202103020757000008696388:
6202103020757120003132773:
6202103020757170009354625:
6202103020757220009331044:
6202103020757330009299255:
6202103020757370008702698:
6202103020757480009348376:
6202103020757510009322654:
6202103020758040008515578:
6202103020758240003137754:
6202103020758310008715106:
6202103020758350008712134:
6202103020758430008688253:
6202103020758460003126383:
6202103020758590009340816:
6202103020759260006036876:
6202103020759300009305197:
6202103020759320008701103:
6202103020759400009322682:
6202103020800030009342984:
6202103020800060009273013:
6202103020800080008506597:
6202103020800100009325511:
6202103020800120008506597:
6202103020800170009278449:
6202103020801010009230769:
6202103020801130008509836:
6202103020801400009324637:
6202103020801420008677300:
6202103020801500004179142:
6202103020805200008508441:
6202103020820010008493028:
6202103020824480009246204:
6202103020922550009290471:
6202103021725030009230756:
6202103021823580009325536:
6202103021845430008493028:
6202103021901020009325511:
6202103021902290003137754:
6202103021904060009322602:
6202103022000090009283895:
6202103022000320009323007:
6202103022002280003137964:
6202103022009210008688253:
6202103022103510006029906:
6202103022200290008509836:
6202103022200530007422383:
6202103022201410008508546:
6202103022203060008494964:
6202103022203090007407764:
8202103020741050000431411:
8202103020742190009324076:
8202103020743240008692290:
8202103020743270009234248:
8202103020743460008697594:
8202103020744300006013135:
8202103020744450008495161:
8202103020744520009341788:
8202103020745090008686301:
8202103020745110009348776:
8202103020745210009348729:
8202103020746410008713215:
8202103020747360006037029:
8202103020747400008687514:
8202103020748160003137991:
8202103020748240009340470:
8202103020748530008500626:
8202103020749300008698121:
8202103020749550009350096:
8202103020750200009273291:
8202103020750390009323446:
8202103020751080009340817:
8202103020751350008512375:
8202103020751450008686973:
8202103020751590009327620:
8202103020752020008494427:
8202103020752090008504275:
8202103020752150009339277:
8202103020752300009336959:
8202103020752410003137945:
8202103020753060009234249:
8202103020753090009327620:
8202103020753120006021964:
8202103020753220009232376:
8202103020753240008677259:
8202103020753290009326609:
8202103020753310006039974:
8202103020753440009346345:
8202103020754160003137966:
8202103020754220009289801:
8202103020754250008685403:
8202103020754280008710875:
8202103020754310009234466:
8202103020754390009349972:
8202103020754410008692544:
8202103020754530008692032:
8202103020754550000424146:
8202103020754570008691341:
8202103020754590008683912:
8202103020755210009339818:
8202103020755230008678678:
8202103020755260008697063:
8202103020755350009342035:
8202103020755370009311280:
8202103020755520008429633:
8202103020755580008697764:
8202103020756010009331051:
8202103020756030009343174:
8202103020756050009343149:
8202103020756070009342997:
8202103020756080009342143:
8202103020756110009308083:
8202103020756200006024107:
8202103020756250009327615:
8202103020756260009346055:
8202103020756310009324879:
8202103020756390009354827:
8202103020756420009339821:
8202103020756440009348603:
8202103020756470009343593:
8202103020756490008512397:
8202103020756500006038308:
8202103020756520009340812:
8202103020756540009354391:
8202103020756570009325498:
8202103020756590009234486:
8202103020757010008714702:
8202103020757030008690794:
8202103020757120009340801:
8202103020757150009342034:
8202103020757170009354581:
8202103020757220009354802:
8202103020757370009339834:
8202103020757390006033000:
8202103020757520009324574:
8202103020758000009233697:
8202103020758020009346685:
8202103020758120009225508:
8202103020758430009326648:
8202103020758520000436531:
8202103020758570008699992:
8202103020759050008677829:
8202103020759080009324606:
8202103020759100009281799:
8202103020759120009348376:
8202103020759140009352010:
8202103020759170008699992:
8202103020759380008698455:
8202103020759400009243147:
8202103020759440008699143:
8202103020759460008706683:
8202103020759480009343567:
8202103020759570008702658:
8202103020800010008719239:
8202103020800040008493965:
8202103020800070008704360:
8202103020801220008712416:
8202103020801500006014341:
8202103020801550009336990:
8202103020802210006028451:
8202103020802410008710957:
8202103021802590006028451:
8202103021803110009294584:
8202103021803150009322701:
8202103021803170008696388:
8202103021803330008714113:
8202103021803500008704360:
8202103021804270009321342:
8202103021805020008686117:
8202103021805350006022003:
8202103021805580008711445:
8202103021812450008493749:
8202103021812531513653075:
8202103021815070009272601:
8202103021900010008712134:
8202103021900070008680900:
8202103021900120006019317:
8202103021900140008698286:
8202103021900160009324637:
8202103021900170009327564:
8202103021900190009246202:
8202103021900210009343174:
8202103021900240009321481:
8202103021900270009342034:
8202103021900300007421253:
8202103021900330009321321:
8202103021900360009339821:
8202103021900380008707174:
8202103021900450008697156:
8202103021900540008684967:
8202103021901000009236820:
8202103021901020008699485:
8202103021901050008718055:
8202103021901140009342962:
8202103021901160009293535:
8202103021901190009232376:
8202103021901210009343384:
8202103021901250008681212:
8202103021901290009226806:
8202103021901330003137945:
8202103021901350000431411:
8202103021901360009352016:
8202103021901380008500889:
8202103021901400008677259:
8202103021901430009339930:
8202103021901450008713107:
8202103021901470009326647:
8202103021901480009246199:
8202103021901500009342142:
8202103021901520009234466:
8202103021901540009337006:
8202103021901560009350096:
8202103021901580009346181:
8202103021901590009343430:
8202103021902040009351830:
8202103021902060008692032:
8202103021902080008689470:
8202103021902110007419418:
8202103021902130008688767:
8202103021902170008699143:
8202103021902310009343383:
8202103021902330008699143:
8202103021902370009343383:
8202103021902400009354396:
8202103021902420009337945:
8202103021902460008693892:
8202103021902490009337903:
8202103021902510009340817:
8202103021902530009346367:
8202103021902560009311280:
8202103021903100006039506:
8202103021903140008695597:
8202103021903170008495161:
8202103021903260009342954:
8202103021903280008685403:
8202103021903310008690794:
8202103021903330008677829:
8202103021903340008680442:
8202103021903370009326648:
8202103021903400009322590:
8202103021903450006041875:
8202103021903470007395592:
8202103021903490009281799:
8202103021903510009236810:
8202103021903550009324574:
8202103021903590009323999:
8202103021904010009346173:
8202103021904030009323999:
8202103021904090009336959:
8202103021904120008686301:
8202103021904150009323999:
8202103021904160008711892:
8202103021904180008686301:
8202103021904210008711892:
8202103021904220009354349:
8202103021904240009339818:
8202103021904350008512397:
8202103021904360009339818:
8202103021904380008692117:
8202103021904410009344571:
8202103021904480009327615:
8202103021904530009324606:
8202103021906080000439530:
8202103021906110008690234:
8202103021906120008690203:
8202103021906230008681103:
8202103021908000009346364:
8202103021908240008699992:
8202103021913410009277510:
8202103021913550009348603:
8202103021922200009339837:
8202103021926580009354391:
8202103021959370009337903:
8202103021959420009327458:
8202103021959440009342143:
8202103021959470009354699:
8202103021959500006024107:
8202103022000010009341788:
8202103022000040008692544:
8202103022000060009348776:
8202103022000170009339817:
8202103022000200009348776:
8202103022000230009346055:
8202103022000270008429607:
8202103022000290008681357:
8202103022000310009324138:
8202103022000320009342035:
8202103022000340009225488:
8202103022000360009341511:
8202103022000370009324118:
8202103022000390003132773:
8202103022000410008683912:
8202103022000430006038308:
8202103022000460009230749:
8202103022000480009322614:
8202103022000500009354344:
8202103022000520009300618:
8202103022000560009324076:
8202103022000580009326609:
8202103022000590003137967:
8202103022001020009273291:
8202103022001030009289801:
8202103022001070009340812:
8202103022001090009273013:
8202103022001100009326600:
8202103022001120009331044:
8202103022001150008719239:
8202103022001170008678678:
8202103022001190008709374:
8202103022001200009234458:
8202103022001220009321707:
8202103022001230009324879:
8202103022001270008691341:
8202103022001290009326626:
8202103022001300008677569:
8202103022001320009281874:
8202103022001330000424146:
8202103022001350008697594:
8202103022001370008697841:
8202103022001390009346345:
8202103022001420009324629:
8202103022001440009338161:
8202103022001470009324629:
8202103022001490009338161:
8202103022001520008689944:
8202103022001540009324572:
8202103022001570009341742:
8202103022001590008689944:
8202103022002010008710875:
8202103022002040008515910:
8202103022002060008692290:
8202103022002080008710875:
8202103022002100008688282:
8202103022002130008709659:
8202103022002150009234486:
8202103022002180009330829:
8202103022002190009342982:
8202103022002210009322654:
8202103022002240009339254:
8202103022002260009343593:
8202103022002300009324085:
8202103022002330003126356:
8202103022002360008715106:
8202103022002400009280051:
8202103022002420008689537:
8202103022002470008681703:
8202103022002510003137966:
8202103022002530008681703:
8202103022002550009346020:
8202103022002560008677438:
8202103022002580009340470:
8202103022003230009354802:
8202103022003250009308083:
8202103022003270008517323:
8202103022003290009240520:
8202103022003370000436531:
8202103022003410008679943:
8202103022003420003137972:
8202103022003470009354582:
8202103022003500009342940:
8202103022004120008712416:
8202103022004140008715839:
8202103022004270008705215:
8202103022004320009232375:
8202103022004410008705215:
8202103022004430009232375:
8202103022004470008694707:
8202103022004520008703345:
8202103022005250008698455:
8202103022005270003137755:
8202103022005330008698455:
8202103022005350003137755:
8202103022005370009333812:
8202103022005520006014341:
8202103022006070003126360:
8202103022006200009254212:
8202103022006580009326658:
8202103022007070003117204:
8202103022007290009346033:
8202103022007580009348729:
8202103022008020009348376:
8202103022009490009339792:
8202103022009520009234484:
8202103022010260009327620:
8202103022012200009234249:
8202103022016470009352010:
8202103022022480002851485:
8202103022058500008695667:
8202103022059090008702658:
8202103022059340009339225:
8202103022059360009279494:
8202103022059370009342997:
8202103022059480009336990:
8202103022059500009341989:
8202103022100010009339225:
8202103022100020009250787:
8202103022100030008429633:
8202103022100150000439540:
8202103022100230009351958:
8202103022100250009323409:
8202103022100300009346685:
8202103022100320009339204:
8202103022100410009349972:
8202103022103570009339780:
8202103022157410009354581:
8202103022157460000424167:
8202103022157490009343567:
8202103022157570003126147:
8202103022158040009343592:
8202103022158060009339277:
8202103022158070003934713:
8202103022158090009344572:
8202103022158110009325498:
8202103022158150009339144:
8202103022158340007400852:
8202103022158370009339144:
8202103022158380009312090:
8202103022158420009233697:
8202103022158430008426949:
8202103022159070009331842:
8202103022159090008512375:
8202103022159130000424007:
8202103022159210009335560:
8202103022159280009327613:
8202103022159300006039973:
8202103022159310009278607:
8202103022159330008504275:
8202103022159350008704323:
8202103022159370009234457:
8202103022159380008708003:
8202103022159420004045200:
8202103022159450007411321:
8202103022159480009354827:
8202103022159520008494427:
8202103022159550009326617:
8202103022159560009354827:
8202103022159580009326617:
8202103022200010008500626:
8202103022200030009323446:
8202103022200060009351964:
8202103022200080009236868:
8202103022200130003132772:
8202103022200150009339802:
8202103022200170009346327:
8202103022200190009339834:
8202103022200210009233695:
8202103022200230008677903:
8202103022200260008680280:
8202103022200280008712381:
8202103022200300008716625:
8202103022200320009326650:
8202103022200340009342978:
8202103022200360009243147:
8202103022200380008493965:
8202103022200400008687514:
8202103022200420009346035:
8202103022200440008494201:
8202103022200490003137991:
8202103022201050006013135:
8202103022201210008688939:
8202103022201260008710957:
8202103022201450008713215:
8202103022202110008714702:
8202103022202200008711249:
8202103022202240008691657:
8202103022207230009343149:
8202103022207470009340813:
8202103022213280006037029:
8202103022231480006039974:
8202103022231500009346340:
8202103022233100009225500:
8202103022300230009307386:
8202103022300500008697764:
8202103022300550006019432:
8202103022300580008698121:
