2202103310733580009314377:
2202103310737030009296138:
2202103310737420008687593:
2202103310738590009324831:
2202103310740490009322683:
2202103310741240006036505:
2202103310743250009337900:
2202103310743390008506376:
2202103310744240009226392:
2202103310744300008504268:
2202103310745020006028292:
2202103310745050008494656:
2202103310745080009343374:
2202103310745100009272096:
2202103310745190008516297:
2202103310745210009338814:
2202103310745250008493286:
2202103310745310009232651:
2202103310746050006012153:
2202103310746090009225506:
2202103310746131513645885:
2202103310746150009346353:
2202103310746300006022855:
2202103310747010009339812:
2202103310747220008517932:
2202103310747250009230781:
2202103310747560009254229:
2202103310747590008698279:
2202103310748350006039969:
2202103310748370009234236:
2202103310748390009339797:
2202103310748410009346707:
2202103310748460006039494:
2202103310748480008497657:
2202103310748500009351308:
2202103310749320009339839:
2202103310749350009234467:
2202103310749460009352009:
2202103310749470009339273:
2202103310750090008509708:
2202103310750120008507561:
2202103310750190009354576:
2202103310750220009347607:
2202103310750240009236809:
2202103310750260008717044:
2202103310750280009346170:
2202103310750360008506797:
2202103310750410008692450:
2202103310750430009226965:
2202103310750540008503915:
2202103310751010009326645:
2202103310751030009351998:
2202103310751060009343151:
2202103310751120009247716:
2202103310751170009225507:
2202103310751200008716113:
2202103310751310001088073:
2202103310751341513637915:
2202103310751360009249499:
2202103310751410008718216:
2202103310751420008704200:
2202103310751440009312090:
2202103310751460006040284:
2202103310751470009232187:
2202103310751490008705215:
2202103310751520009339824:
2202103310751540009297574:
2202103310751570009230780:
2202103310752100009324107:
2202103310752130009336988:
2202103310752150009323985:
2202103310752210009354001:
2202103310752220009344572:
2202103310752350008495037:
2202103310752410008690529:
2202103310752491513652619:
2202103310752540008686064:
2202103310753010009230795:
2202103310753190009234480:
2202103310753230003920040:
2202103310753250007402194:
2202103310753270009225523:
2202103310753400001083110:
2202103310753430009230795:
2202103310753440008493366:
2202103310753490008513950:
2202103310753520008493144:
2202103310753590009236903:
2202103310754060009346362:
2202103310754080008496581:
2202103310754140009343592:
2202103310754210008706878:
2202103310754230009253997:
2202103310754350008686039:
2202103310754370008509370:
2202103310754400009253842:
2202103310754430009339524:
2202103310754450009225522:
2202103310754460009346708:
2202103310754480008691017:
2202103310754500008497759:
2202103310754550009283499:
2202103310754570007407739:
2202103310755010009287011:
2202103310755060009342996:
2202103310755080002854367:
2202103310755100006021871:
2202103310755140000442293:
2202103310755190008717926:
2202103310755220008510696:
2202103310755240006039506:
2202103310755261513641316:
2202103310755280008497795:
2202103310755300008492754:
2202103310755430009351833:
2202103310755470006019064:
2202103310755520003126145:
2202103310755540008694659:
2202103310755580009297056:
2202103310756000006016276:
2202103310756020006039671:
2202103310756050006019316:
2202103310756070009298073:
2202103310756090008502264:
2202103310756100008508219:
2202103310756120008690794:
2202103310756140008510090:
2202103310756320009225481:
2202103310756350009341030:
2202103310756390003126381:
2202103310756420008497260:
2202103310756450000424165:
2202103310756460003918796:
2202103310756500009346290:
2202103310756510009312114:
2202103310756530008515081:
2202103310756550001097762:
2202103310756570004180013:
2202103310756580008495616:
2202103310757000009354401:
2202103310757060008499075:
2202103310757070008508587:
2202103310757100008491998:
2202103310757140009232378:
2202103310757350009342183:
2202103310757380009345998:
2202103310757400009330833:
2202103310757430009327416:
2202103310757480009351768:
2202103310757510008692742:
2202103310757570009348762:
2202103310758010008497935:
2202103310758020009339144:
2202103310758210009276797:
2202103310758230006018009:
2202103310758290009281814:
2202103310758310007410282:
2202103310758331513649006:
2202103310758350008429638:
2202103310758460009321319:
2202103310758500006037288:
2202103310758540006009777:
2202103310758560009326435:
2202103310758580006015164:
2202103310759420001122092:
2202103310759550009339803:
2202103310800280009286616:
2202103310800310008692560:
2202103310800410008509894:
2202103310803140009234066:
2202103310804180009299555:
2202103310806350007410385:
2202103310811530008519041:
2202103310853160009343509:
2202103311701050009339824:
2202103311703200009283515:
2202103311704090008510696:
2202103311712170006022855:
2202103311714000009343151:
2202103311803140009249499:
2202103311857590006016276:
2202103311858010008692560:
2202103311858590009341989:
2202103311900000009339915:
2202103311900020006021988:
2202103311900040008713928:
2202103311900060009339802:
2202103311900080009225488:
2202103311900110009346033:
2202103311900130006019317:
2202103311900150009281928:
2202103311900210009346055:
2202103311900220009346173:
2202103311900320009324629:
2202103311900340009343149:
2202103311900360008711249:
2202103311900390008681212:
2202103311900420009340801:
2202103311900490000442316:
2202103311900510009326617:
2202103311900520009340801:
2202103311900540009346020:
2202103311900560007401654:
2202103311900580009326609:
2202103311901010008699143:
2202103311901080006033902:
2202103311901150009324614:
2202103311901180006014341:
2202103311901570009248259:
2202103311902060007421252:
2202103311902090008682585:
2202103311902160008508587:
2202103311902250008709954:
2202103311902320008717044:
2202103311902340009236809:
2202103311902350009337900:
2202103311902370008718216:
2202103311902410009351308:
2202103311902430008497759:
2202103311902450009230780:
2202103311902500008697836:
2202103311902520006019064:
2202103311902580009347607:
2202103311903000009322683:
2202103311903130009225481:
2202103311903160009322683:
2202103311903190009324831:
2202103311903210009234467:
2202103311903230009226965:
2202103311903260009225523:
2202103311903300009297574:
2202103311903360009342996:
2202103311903390009343374:
2202103311903420009314377:
2202103311903440008509708:
2202103311903470008680743:
2202103311903490009346038:
2202103311903520009234236:
2202103311903530003918796:
2202103311903560008493366:
2202103311903580008512362:
2202103311904000006028292:
2202103311904021513637915:
2202103311904060009301551:
2202103311904080009339828:
2202103311904250008503915:
2202103311904470006040284:
2202103311904540008499782:
2202103311904560009336988:
2202103311904590009287011:
2202103311905010009225506:
2202103311905020008509370:
2202103311905570006022439:
2202103311905590009354576:
2202103311906180008709061:
2202103311906530008695756:
2202103311907490008509894:
2202103311907580009326618:
2202103311908200009354401:
2202103311908220009346362:
2202103311908260008496581:
2202103311909370008515447:
2202103311909570009247716:
2202103311910540009340483:
2202103311911270008692587:
2202103311911300009340499:
2202103311913360009349986:
2202103311913380009225507:
2202103311913400008504268:
2202103311913420006037288:
2202103311913441513649006:
2202103311913460003920040:
2202103311913490009321326:
2202103311913510006039969:
2202103311915490009236810:
2202103311915560009226392:
2202103311916120008508326:
2202103311917050009232651:
2202103311918430009281814:
2202103311918480007410282:
2202103311920000007402482:
2202103311953280008502364:
2202103311958180004165136:
2202103311958380008507377:
2202103311959000008696164:
2202103312000230008690794:
2202103312000260006026834:
2202103312000400009225522:
2202103312000420007414046:
2202103312001140004169060:
2202103312001230008493286:
2202103312001260008690529:
2202103312001280008506797:
2202103312001350008493144:
2202103312001380009339144:
2202103312001420008496310:
2202103312001440009254229:
2202103312001460009339144:
2202103312001480008495616:
2202103312001520009225495:
2202103312001540001088073:
2202103312001560006012153:
2202103312001590009339797:
2202103312002160007421212:
2202103312002520008717926:
2202103312002560009339812:
2202103312003300008707832:
2202103312003420008686064:
2202103312003440009321818:
2202103312003460009351317:
2202103312004050008497795:
2202103312004210000439539:
2202103312005490003137987:
2202103312005510007398914:
2202103312006290009234487:
2202103312010390009283499:
2202103312010400001108277:
2202103312058330009226422:
2202103312058360009346170:
2202103312058400008499075:
2202103312058420009348762:
2202103312058450001083110:
2202103312058480007407739:
2202103312058501513652619:
2202103312058530009352009:
2202103312058550009338814:
2202103312058560008516297:
2202103312059001513645885:
2202103312059020008687593:
2202103312059030009330833:
2202103312059060009323985:
2202103312059080009276797:
2202103312059100008516297:
2202103312059130008706878:
2202103312059150008687593:
2202103312059180008507561:
2202103312059190006018009:
2202103312059210009339273:
2202103312059260009272096:
2202103312059270009346180:
2202103312059380009346353:
2202103312059410009339273:
2202103312059430001097762:
2202103312059440004180013:
2202103312059470008513950:
2202103312059500009339839:
2202103312059510009324107:
2202103312059540008698279:
2202103312059550009324107:
2202103312059570008506376:
2202103312100000009234480:
2202103312100030009230795:
2202103312100050008692450:
2202103312100070008704200:
2202103312100090008517932:
2202103312100130009326645:
2202103312100170009232187:
2202103312100190009250799:
2202103312100400009230785:
2202103312101200009351770:
2202103312102160008691017:
2202103312102460009339794:
2202103312102500006042277:
2202103312102540003126145:
2202103312103140009225494:
2202103312103220008694659:
2202103312103270007402194:
2202103312103390009343509:
2202103312104400009346707:
2202103312106190006019316:
2202103312106230009346708:
2202103312109140009303525:
2202103312110460009339803:
2202103312110530009297056:
2202103312139320009285513:
2202103312139400008503532:
2202103312151080003109818:
2202103312157440007410385:
2202103312157470009342958:
2202103312158190008497260:
2202103312158280009321395:
2202103312158350006039671:
2202103312158370006009777:
2202103312158430009324119:
2202103312158570009252945:
2202103312159020008686064:
2202103312159050009351768:
2202103312159240008696238:
2202103312159360009322654:
2202103312159370009336990:
2202103312159420009343567:
2202103312200010006039671:
2202103312200050009253842:
2202103312200150009344572:
2202103312200260009346063:
2202103312200340003137754:
2202103312200360009226817:
2202103312200380008512035:
2202103312200400006010458:
2202103312201050009324604:
2202103312201180009339219:
2202103312201240004163548:
2202103312201260009326622:
2202103312201300009342959:
2202103312201320008510090:
2202103312201340008702320:
2202103312201370009342183:
2202103312201390009346290:
2202103312201410009343364:
2202103312202030006036993:
2202103312202070007407764:
2202103312202100008686039:
2202103312202130008709393:
2202103312202170008494964:
2202103312202300007422376:
2202103312202340001122092:
2202103312202371513641316:
2202103312202410009234247:
2202103312202440000442293:
2202103312203400006036321:
3202103310736030007411514:
3202103310737350006021955:
3202103310738120008707174:
3202103310741220009234248:
3202103310741270008504041:
3202103310741340008698795:
3202103310742230008503824:
3202103310743230001099256:
3202103310744060008697063:
3202103310744350009351758:
3202103310744380009339211:
3202103310745110009234108:
3202103310746050009346324:
3202103310746360009232350:
3202103310746400001087543:
3202103310746520008496133:
3202103310746530008495426:
3202103310747210003137972:
3202103310747340009335491:
3202103310747460006020195:
3202103310747530008514966:
3202103310747550009289323:
3202103310748000009321707:
3202103310748130003137991:
3202103310748320008707911:
3202103310748350009337945:
3202103310748390009339277:
3202103310748430008677903:
3202103310749060009326647:
3202103310749120009234458:
3202103310749390008687514:
3202103310749480009348542:
3202103310750020009252962:
3202103310750050008711197:
3202103310750160009284852:
3202103310750190008681212:
3202103310750240009303427:
3202103310750300009326609:
3202103310750360009354349:
3202103310750410009350096:
3202103310750430009353030:
3202103310750470009339195:
3202103310750500009335560:
3202103310751000009241075:
3202103310751160008493340:
3202103310751180000424146:
3202103310751290008683630:
3202103310751320006029906:
3202103310751380009275948:
3202103310751400008500142:
3202103310751440008691341:
3202103310751460009282830:
3202103310751490009232375:
3202103310751540009321321:
3202103310751590007406683:
3202103310752020008698286:
3202103310752040008493217:
3202103310752160008702008:
3202103310752230008678678:
3202103310752270009343149:
3202103310752330009354625:
3202103310752470008514437:
3202103310752500006030480:
3202103310752520003137966:
3202103310752550008697156:
3202103310753020008713928:
3202103310753070009226429:
3202103310753100008517496:
3202103310753131513653821:
3202103310753150008709374:
3202103310753170009281874:
3202103310753250008692117:
3202103310753270009299255:
3202103310753300006039807:
3202103310753330009300618:
3202103310753360009346033:
3202103310753450009324629:
3202103310753480009324606:
3202103310753570006018008:
3202103310754130008680280:
3202103310754260008698315:
3202103310754300008703693:
3202103310754380000439530:
3202103310754410009308083:
3202103310754440008690203:
3202103310754490008712416:
3202103310754530008681357:
3202103310755110009330815:
3202103310755140008679943:
3202103310755180003137964:
3202103310755210008693892:
3202103310755300006041875:
3202103310755340008680900:
3202103310755370009287411:
3202103310755390009324637:
3202103310755430008503489:
3202103310755450006039541:
3202103310755470008699143:
3202103310755490009351964:
3202103310755510008711892:
3202103310755540009324068:
3202103310755550009325511:
3202103310755580006032999:
3202103310756000006030484:
3202103310756030008508406:
3202103310756080008702698:
3202103310756100007418333:
3202103310756110009340812:
3202103310756130008508406:
3202103310756160008692811:
3202103310756170008702698:
3202103310756200009254169:
3202103310756220009343383:
3202103310756230009225488:
3202103310756250009331842:
3202103310756270009342954:
3202103310756290008492754:
3202103310756300008492549:
3202103310756320008492754:
3202103310756350008695330:
3202103310756380009234486:
3202103310756390009273013:
3202103310756410006019317:
3202103310756430007395593:
3202103310756470007401131:
3202103310756500008689564:
3202103310756520008689470:
3202103310756540003137754:
3202103310757000008714702:
3202103310757020008711249:
3202103310757170008699992:
3202103310757300003132773:
3202103310757320008713719:
3202103310757440004179142:
3202103310757470008508589:
3202103310757490009326604:
3202103310757530008509836:
3202103310757590009339780:
3202103310758020008508352:
3202103310758030009354825:
3202103310758050008494964:
3202103310758150009344566:
3202103310758180006016277:
3202103310758200006015460:
3202103310758220009309829:
3202103310758240006033902:
3202103310758280008704360:
3202103310758530008496431:
3202103310759340009326648:
3202103310759390009309504:
3202103310759420008494092:
3202103310759530008686680:
3202103310759550008500889:
3202103310759590006014341:
3202103310800250008514276:
3202103310805030008506597:
3202103310805320008500916:
3202103310810560009253980:
3202103311300110008692117:
3202103311701200009284852:
3202103311701250008717268:
3202103311701540008689537:
3202103311704070008683630:
3202103311709590009326647:
3202103311801170008699485:
3202103311858080009326604:
3202103311858550008702698:
3202103311859030008712416:
3202103311859320008679943:
3202103311859350008517496:
3202103311859390009324637:
3202103311859450008681357:
3202103311859470009343383:
3202103311859490009273013:
3202103311859500009324574:
3202103311859520009234248:
3202103311859530009336959:
3202103311859550009342954:
3202103311859560009343149:
3202103311859580008698286:
3202103311900010009321321:
3202103311900030009340812:
3202103311900050007395593:
3202103311900070008516658:
3202103311900090008711892:
3202103311900130008710875:
3202103311900160008704360:
3202103311900210008686301:
3202103311900240008707174:
3202103311900260008710216:
3202103311900270009309829:
3202103311900290009325511:
3202103311900300008712381:
3202103311900320006033902:
3202103311900330009346324:
3202103311900340008688767:
3202103311900390008692032:
3202103311900420009326650:
3202103311900440008687514:
3202103311900460008697156:
3202103311900490009232375:
3202103311900500008501288:
3202103311900520009339254:
3202103311900530008680280:
3202103311900560003137967:
3202103311900580009339930:
3202103311901000009324606:
3202103311901030009354802:
3202103311901080008500889:
3202103311901100009342982:
3202103311901110008704323:
3202103311901130008508589:
3202103311901190009340817:
3202103311901210000424146:
3202103311901230008693892:
3202103311901240008492754:
3202103311901260008493217:
3202103311901280008492065:
3202103311901300008509836:
3202103311901310009335491:
3202103311901330006041875:
3202103311901350008695330:
3202103311901370009354349:
3202103311901400009322602:
3202103311901480009278449:
3202103311901500009232350:
3202103311901550008712134:
3202103311902000008702008:
3202103311902030009254169:
3202103311902090008689470:
3202103311902120008701103:
3202103311902190008693150:
3202103311902220008707911:
3202103311902271513626317:
3202103311902290008506597:
3202103311902360009330829:
3202103311902400008492410:
3202103311902450008514276:
3202103311903090009324068:
3202103311903110007418333:
3202103311903120006039541:
3202103311903170009234458:
3202103311904260009282830:
3202103311905350007411514:
3202103311907300008494924:
3202103311907340009251764:
3202103311909450001096293:
3202103311909480008698315:
3202103311911490008492638:
3202103311913540008516512:
3202103311946520008503824:
3202103311950320009291327:
3202103311957550008696164:
3202103311958050003137972:
3202103311958560009354460:
3202103311959060009335560:
3202103311959090003137966:
3202103311959120009281874:
3202103311959140003137966:
3202103311959270008493340:
3202103311959310006020195:
3202103311959370000424167:
3202103311959410006016277:
3202103311959470008703693:
3202103311959590009243147:
3202103312000060006030480:
3202103312000140009327615:
3202103312000160001099256:
3202103312000200008699992:
3202103312000220008709374:
3202103312000250008697063:
3202103312000260006039807:
3202103312000290006018008:
3202103312000320008715106:
3202103312000400009324879:
3202103312000420009300618:
3202103312000450007401131:
3202103312000480008492549:
3202103312000520008496191:
3202103312001090009354391:
3202103312001161513653821:
3202103312001200008690234:
3202103312001230009322701:
3202103312001250008508352:
3202103312001280008677829:
3202103312001310006029906:
3202103312001400008500888:
3202103312001420009351964:
3202103312001500008690203:
3202103312001540008718055:
3202103312003030006029911:
3202103312004050000424007:
3202103312005060009339780:
3202103312005150009289323:
3202103312007070009299255:
3202103312007180009303427:
3202103312010160008508546:
3202103312010540009286624:
3202103312010560003915458:
3202103312010590008503489:
3202103312017130008506632:
3202103312018570006039129:
3202103312023280008494798:
3202103312026500008494092:
3202103312027050008677773:
3202103312044500008508441:
3202103312051440009346352:
3202103312053390009326438:
3202103312102320008677300:
3202103312104510009325528:
3202103312105120008711152:
3202103312114060009305197:
3202103312126480009348542:
3202103312127030006028797:
3202103312134530008496431:
3202103312135140009354625:
3202103312141530008518877:
3202103312155390009291061:
3202103312158330007406637:
3202103312158350009351758:
3202103312158380009339211:
3202103312158450009282645:
3202103312158550006040154:
3202103312158570008698795:
3202103312159200009277817:
3202103312200020003137964:
3202103312200040003137754:
3202103312200480008688253:
3202103312201480003126383:
4202103310735310009231425:
4202103310735520009341511:
4202103310739010008698121:
4202103310743130009285513:
4202103310744140009346340:
4202103310744460006023085:
4202103310744480009301075:
4202103310745380008503532:
4202103310745500006021988:
4202103310745580009348776:
4202103310746190002851485:
4202103310746230009340470:
4202103310746260009252945:
4202103310746480006040155:
4202103310747040009297868:
4202103310747140009324076:
4202103310747160008684967:
4202103310747180009297868:
4202103310747390008677259:
4202103310747410009354581:
4202103310747530009338161:
4202103310747560009324614:
4202103310748060009273291:
4202103310748100008493895:
4202103310748110008493092:
4202103310748260009343593:
4202103310748280006013135:
4202103310748300008501288:
4202103310749020006033000:
4202103310749510009349972:
4202103310749540009326600:
4202103310750040008689944:
4202103310750250009326658:
4202103310750290008690224:
4202103310750430006024107:
4202103310750440008504275:
4202103310750470008429607:
4202103310750490009277510:
4202103310750510009349985:
4202103310750540009342035:
4202103310750550009342143:
4202103310750580009346367:
4202103310751010009339225:
4202103310751030000424167:
4202103310751060009331044:
4202103310751140000439540:
4202103310751170008499706:
4202103310751260009225500:
4202103310751280006032920:
4202103310751310008695597:
4202103310751420009283252:
4202103310752010008515848:
4202103310752111513632318:
4202103310752210009346345:
4202103310752240000442316:
4202103310752250009351814:
4202103310752280008692544:
4202103310752440009346055:
4202103310752470009286387:
4202103310752500009234466:
4202103310752540004025142:
4202103310752570006028799:
4202103310753030009305260:
4202103310753050009339818:
4202103310753080009236820:
4202103310753220009346181:
4202103310753240009279494:
4202103310753340007404978:
4202103310753420009342997:
4202103310753490009343567:
4202103310753540009336990:
4202103310753570006036997:
4202103310754000008512783:
4202103310754101513653075:
4202103310754120009272601:
4202103310754150009348608:
4202103310754181513631101:
4202103310754300009331048:
4202103310754320008697764:
4202103310754340003116965:
4202103310754370009226823:
4202103310754390009236868:
4202103310754410009250787:
4202103310755000009348376:
4202103310755010008494427:
4202103310755030008677569:
4202103310755200009346685:
4202103310755260009246202:
4202103310755300009326617:
4202103310755440009340819:
4202103310755460009326617:
4202103310755480003132772:
4202103310755500007411321:
4202103310755520009295454:
4202103310755560006039974:
4202103310755590009327620:
4202103310756020009324118:
4202103310756040009346035:
4202103310756060009321481:
4202103310756090008495556:
4202103310756100009324605:
4202103310756140009341742:
4202103310756160008710875:
4202103310756190009327564:
4202103310756210009273026:
4202103310756240009341989:
4202103310756280009342984:
4202103310756300009325498:
4202103310756320001088074:
4202103310756340008499867:
4202103310756360003126147:
4202103310756380009298206:
4202103310756430003126356:
4202103310756510009313131:
4202103310756530008500083:
4202103310756560008679170:
4202103310756590008717694:
4202103310757000009342978:
4202103310757020007421253:
4202103310757060009327613:
4202103310757090008512397:
4202103310757120009342034:
4202103310757150008515910:
4202103310757170006020220:
4202103310757190008677438:
4202103310757220009339821:
4202103310757230009352010:
4202103310757250008426949:
4202103310757270009341013:
4202103310757290008505427:
4202103310757340008511222:
4202103310757360006031529:
4202103310757380009342982:
4202103310757410009346058:
4202103310757430009281928:
4202103310757450009339204:
4202103310757460009339817:
4202103310757510008695667:
4202103310757570008494201:
4202103310758020000431385:
4202103310758040009340816:
4202103310758070008708992:
4202103310758090009351958:
4202103310758110008499675:
4202103310758200008699709:
4202103310758220009342142:
4202103310758250009343430:
4202103310758350003126380:
4202103310758410008719239:
4202103310758420008504457:
4202103310758490007409909:
4202103310758510009234484:
4202103310758570007402196:
4202103310759160008501953:
4202103310759350004169060:
4202103310800160001083930:
4202103310800180008697841:
4202103310804070009339837:
4202103310909380009322654:
4202103311858500008515848:
4202103311859290009250787:
4202103311859330009327564:
4202103311859370009324629:
4202103311859380009230749:
4202103311859400008511222:
4202103311859440009321481:
4202103311859520006028799:
4202103311859540009342997:
4202103311859560009321481:
4202103311900010009348776:
4202103311900030009346058:
4202103311900040009225500:
4202103311900060009339817:
4202103311900070008709659:
4202103311900090008693920:
4202103311900100009325498:
4202103311900120003116965:
4202103311900140008695597:
4202103311900150009342035:
4202103311900180009339204:
4202103311900190009340816:
4202103311900210009346340:
4202103311900220006020220:
4202103311900300000431385:
4202103311900320008504457:
4202103311900330008499675:
4202103311900350001088074:
4202103311900360008512397:
4202103311900380009351958:
4202103311900391513631101:
4202103311900410009349985:
4202103311900420009325535:
4202103311900440009273026:
4202103311900461513632318:
4202103311900470008495161:
4202103311900490006039974:
4202103311900510006024107:
4202103311900520008499706:
4202103311900540009273291:
4202103311900550008494427:
4202103311900570009246199:
4202103311900580009289801:
4202103311901000008715839:
4202103311901020009234486:
4202103311901040009340470:
4202103311901060009346345:
4202103311901080006033000:
4202103311901090009346181:
4202103311901110008689564:
4202103311901130008717694:
4202103311901150008429607:
4202103311901580007419418:
4202103311902130008495972:
4202103311902160009311280:
4202103311902250009298435:
4202103311902520009326648:
4202103311902560009272601:
4202103311903370008677569:
4202103311904210009338161:
4202103311904440008678678:
4202103311905320006015164:
4202103311921200006013135:
4202103311958220009324118:
4202103311958260003126380:
4202103311958280009341013:
4202103311958300008505427:
4202103311959410009313131:
4202103312000000008692544:
4202103312000030008679170:
4202103312000050004169060:
4202103312000070008495556:
4202103312000100004025142:
4202103312000120009246202:
4202103312000150009295454:
4202103312000180009339837:
4202103312000230009342984:
4202103312000240009327613:
4202103312000290009342034:
4202103312000320009339837:
4202103312000340009342984:
4202103312000360007421253:
4202103312000380006015460:
4202103312000400009342978:
4202103312000420007400852:
4202103312000440008679170:
4202103312000460008500083:
4202103312001070009283252:
4202103312001090008493895:
4202103312002230009346685:
4202103312002270009354827:
4202103312002290009339821:
4202103312002440009297868:
4202103312003261513653075:
4202103312003450001083930:
4202103312100020008699709:
4202103312100040008690224:
4202103312100060008695667:
4202103312100130008713215:
4202103312155140008503089:
4202103312158420009327620:
4202103312159190009343593:
4202103312159530009353030:
4202103312200010009343174:
4202103312200020008504275:
4202103312200040006040155:
4202103312200070009346367:
4202103312200090009277510:
4202103312200120009236868:
4202103312200140003117204:
4202103312200210009252962:
4202103312200240004163548:
4202103312200270009331044:
4202103312200290009346035:
4202103312200300009231425:
4202103312200330003126356:
4202103312200360009236820:
4202103312200380008688939:
4202103312200430007402498:
5202103310736400008690941:
5202103310737350006022439:
5202103310737370009281753:
5202103310737420006036321:
5202103310738470008509806:
5202103310739090009351305:
5202103310740130007407502:
5202103310740170008677773:
5202103310741060008503198:
5202103310741080008508441:
5202103310741570008698044:
5202103310742090009226392:
5202103310744030009284775:
5202103310744250009343364:
5202103310744340008500956:
5202103310744390008439606:
5202103310744440008496471:
5202103310744460007421210:
5202103310744470009351823:
5202103310745590009342002:
5202103310746290002851465:
5202103310747010009307295:
5202103310747260006040161:
5202103310747290008506907:
5202103310747330009234089:
5202103310747560009246193:
5202103310748200008508326:
5202103310749080008681883:
5202103310749360004181482:
5202103310750010008503723:
5202103310750040009324119:
5202103310750070003918604:
5202103310750100008497463:
5202103310750120007398914:
5202103310750210006039334:
5202103310750300003109818:
5202103310750320009303870:
5202103310750360008494798:
5202103310750450008496191:
5202103310750580006019428:
5202103310751040009254926:
5202103310751290004165136:
5202103310751320006031526:
5202103310751470009339794:
5202103310751520009346063:
5202103310751590000439539:
5202103310752030001108277:
5202103310752150008678354:
5202103310752200008686064:
5202103310752330009311280:
5202103310752370008515447:
5202103310752480009248259:
5202103310752560009241934:
5202103310753000008709954:
5202103310753040008697836:
5202103310753060009321334:
5202103310753130008499782:
5202103310753160008494333:
5202103310753210009234487:
5202103310753230008699606:
5202103310753310008496310:
5202103310753340009275624:
5202103310753380009340824:
5202103310753440009326622:
5202103310753550006040953:
5202103310753590006024747:
5202103310754010009282645:
5202103310754030009225522:
5202103310754040009339795:
5202103310754060008706494:
5202103310754090009226422:
5202103310754110009341005:
5202103310754130006022420:
5202103310754150000431412:
5202103310754190009286624:
5202103310754240009314286:
5202103310754260008709369:
5202103310754320009287011:
5202103310754400008493677:
5202103310754420000442293:
5202103310754440007407764:
5202103310754470006033001:
5202103310754490008702320:
5202103310754510008692587:
5202103310754530009326618:
5202103310754540008500167:
5202103310754580009326612:
5202103310755000009342959:
5202103310755020009313676:
5202103310755050008500401:
5202103310755090008680743:
5202103310755120009351833:
5202103310755150008709393:
5202103310755170008701083:
5202103310755190009342958:
5202103310755220009283515:
5202103310755240007414046:
5202103310755270003137754:
5202103310755290009288638:
5202103310755320003137970:
5202103310755330009349986:
5202103310755350007421252:
5202103310755380009276908:
5202103310755400008696894:
5202103310755430008682585:
5202103310755460008701527:
5202103310755530008707832:
5202103310755550006014349:
5202103310755580009250799:
5202103310756010009346180:
5202103310756030009339219:
5202103310756060009347747:
5202103310756070008694944:
5202103310756090009273437:
5202103310756120006041088:
5202103310756140009301551:
5202103310756150008709061:
5202103310756180009339828:
5202103310756200008512059:
5202103310756220007402523:
5202103310756250008508587:
5202103310756280008678770:
5202103310756350009323007:
5202103310756370009326604:
5202103310756410009321362:
5202103310756460003915458:
5202103310756480009326432:
5202103310756520008688253:
5202103310756560009351317:
5202103310756590008426248:
5202103310757020009346064:
5202103310757040007396360:
5202103310757070009346038:
5202103310757150009322682:
5202103310757220009351770:
5202103310757260008710326:
5202103310757290008678308:
5202103310757310009339144:
5202103310757330008702965:
5202103310757420009246199:
5202103310757451513646659:
5202103310757490008715661:
5202103310757510004163548:
5202103310757530006029990:
5202103310757550006021991:
5202103310757560008494267:
5202103310757590009339792:
5202103310758000009340483:
5202103310758020008426247:
5202103310758040009323999:
5202103310758060008507377:
5202103310758110008499206:
5202103310758150007400852:
5202103310758190009346020:
5202103310758210009314167:
5202103310758230009225495:
5202103310758250009340499:
5202103310758280009253995:
5202103310758330006015164:
5202103310758350007406867:
5202103310758360009340801:
5202103310758380009240533:
5202103310758400006010458:
5202103310758420009326648:
5202103310758450003137987:
5202103310758470009321818:
5202103310758490008493749:
5202103310758500009321395:
5202103310758520008498988:
5202103310758530007402482:
5202103310758550009346173:
5202103310758560008695140:
5202103310759000008695756:
5202103310759120008695140:
5202103310759150009225494:
5202103310759180008514276:
5202103310759360006032030:
5202103310759380006024859:
5202103310759400009234240:
5202103310759460009236810:
5202103310759580008692560:
5202103310800000008508546:
5202103310800020008696238:
5202103310800040008713081:
5202103310800060006027553:
5202103310800070008509894:
5202103310800090006036993:
5202103310800100008493833:
5202103310800130009230785:
5202103310800150009321326:
5202103310800210008506632:
5202103310800390009279481:
5202103310800420007421212:
5202103310800460006024735:
5202103310800530007401654:
5202103310800550008688767:
5202103310800590008502364:
5202103310801240001100446:
5202103310801260009279728:
5202103310801370007422376:
5202103310802310009324604:
5202103310802370008510378:
5202103310802420009313530:
5202103310802500001079288:
5202103310802540009303525:
5202103310803180008424093:
5202103310803380009234247:
5202103310805160007396553:
5202103310806050008493028:
5202103310807250009252961:
5202103310808160008516512:
5202103310809360006027540:
5202103310809470009291327:
5202103310813450008677300:
5202103310814270009291061:
5202103310930110009325536:
5202103311235590009247684:
5202103311715570008503723:
5202103311737520009246193:
5202103311743430004181482:
5202103311800390009351305:
5202103311859200009279481:
5202103311859220009326604:
5202103311859260009233737:
5202103311900020009254207:
5202103311900180006030484:
5202103311900280008491998:
5202103311900380008713928:
5202103311900560003137970:
5202103311900570009288638:
5202103311901020006024859:
5202103311901140009323007:
5202103311901210008681883:
5202103311901310000431412:
5202103311901330007401654:
5202103311901350000431412:
5202103311901370006033001:
5202103311901410006033902:
5202103311901430009346324:
5202103311901460008678354:
5202103311901480009314286:
5202103311901510008709369:
5202103311901530008701527:
5202103311901560009307295:
5202103311901590008695140:
5202103311902030006040161:
5202103311902390009314167:
5202103311902420009284775:
5202103311902440007396360:
5202103311903040008506907:
5202103311903070006019428:
5202103311903150008702965:
5202103311903170009337900:
5202103311903200008500167:
5202103311903340006019064:
5202103311903370009321334:
5202103311903490009327416:
5202103311903520009322683:
5202103311904040008678770:
5202103311904090006022439:
5202103311905320008509806:
5202103311905330009287011:
5202103311905350008509806:
5202103311905520006027553:
5202103311905540008698044:
5202103311907410008695756:
5202103311907560009321362:
5202103311908170009234066:
5202103311908360008509894:
5202103311909060009303870:
5202103311914320006029990:
5202103311916330009234089:
5202103311917050009226392:
5202103311917330009276908:
5202103311918050008713081:
5202103311921050009281753:
5202103311921070008426248:
5202103311921100008426247:
5202103311921590009351833:
5202103311922040008499108:
5202103311923320007402482:
5202103311933010008497657:
5202103311950030008708992:
5202103311950520006036505:
5202103311956210009253995:
5202103311956250008439606:
5202103311956370001079288:
5202103311957210008500956:
5202103311959400008696164:
5202103312001040006040953:
5202103312001160009225522:
5202103312002180008496310:
5202103312002200008494267:
5202103312002220008696894:
5202103312002360009339797:
5202103312002390008696894:
5202103312002470006039494:
5202103312002570008499206:
5202103312004160008707832:
5202103312004250009351317:
5202103312004270009321818:
5202103312004370009342002:
5202103312004450008493749:
5202103312004540008497795:
5202103312005260009241934:
5202103312006110006027540:
5202103312022300009639857:
5202103312022420008496471:
5202103312059160009253997:
5202103312059210009312114:
5202103312059230008515081:
5202103312059260009226422:
5202103312059291513652619:
5202103312059340009341005:
5202103312059370009351823:
5202103312059430009323985:
5202103312059470009230781:
5202103312059500009326435:
5202103312059530008516297:
5202103312100000009232378:
5202103312100010009351998:
5202103312100050009347747:
5202103312100060009272096:
5202103312100080009346180:
5202103312100110008516297:
5202103312100130009236903:
5202103312100200008701083:
5202103312100250003126381:
5202103312100280009339273:
5202103312100310009324107:
5202103312100360008506376:
5202103312100390009345998:
5202103312100410009339524:
5202103312101010008699606:
5202103312101030008690941:
5202103312102050009351770:
5202103312103280009326612:
5202103312105100009321319:
5202103312125381513631233:
5202103312158080009324076:
5202103312158110003126147:
5202103312158140009339225:
5202103312158200009324076:
5202103312158240008698455:
5202103312158330009313530:
5202103312158350006024747:
5202103312159070009340824:
5202103312159520009346064:
5202103312200000009339792:
5202103312200020008706494:
5202103312200040009339225:
5202103312200070006039506:
5202103312200090009324085:
5202103312200110009339277:
5202103312200130008698455:
5202103312200160006041088:
5202103312200180009321395:
5202103312200200009341030:
5202103312200240009354001:
5202103312202530007407764:
5202103312202550008692742:
5202103312216220008495037:
5202103312217250008508219:
5202103312233120009326432:
5202103312233180008494333:
5202103312233560008512059:
5202103312233580007402523:
5202103312237080008497463:
5202103312346160001100446:
6202103310722000007405149:
6202103310722030007406637:
6202103310723320009326438:
6202103310724101513631233:
6202103310725060008676957:
6202103310725580006036321:
6202103310726230004166400:
6202103310727440008501833:
6202103310728530008501852:
6202103310729030009293535:
6202103310730150006039674:
6202103310731200008503089:
6202103310731260009304051:
6202103310731300008503532:
6202103310731580009246204:
6202103310732090009305197:
6202103310732110008518877:
6202103310732140006028797:
6202103310732180009349952:
6202103310732270008517815:
6202103310732580008715839:
6202103310733010008718055:
6202103310733050006039995:
6202103310733330009354396:
6202103310733370006014994:
6202103310733560008514116:
6202103310734020008696388:
6202103310734110008716625:
6202103310734210008500109:
6202103310734250008683421:
6202103310734270009325528:
6202103310734380008707911:
6202103310734410008709659:
6202103310734430009247694:
6202103310734460008495972:
6202103310734530009346352:
6202103310735000003934713:
6202103310735200009339915:
6202103310735230000424545:
6202103310735380008506434:
6202103310735430009303697:
6202103310735470006027609:
6202103310735510009327616:
6202103310735550009232613:
6202103310736000007395627:
6202103310736050008708003:
6202103310736330008510716:
6202103310736360008710216:
6202103310736380009326609:
6202103310736460009339254:
6202103310736490009335560:
6202103310736530009307131:
6202103310736560006040154:
6202103310737020009240520:
6202103310737100006039129:
6202103310737130008491901:
6202103310737160008711152:
6202103310737180008701274:
6202103310737210009277817:
6202103310737250007402498:
6202103310737280008493340:
6202103310737310009330829:
6202103310737330009348729:
6202103310737370007417231:
6202103310737500008686301:
6202103310737540009254167:
6202103310738000008702658:
6202103310738020008694707:
6202103310738040009276489:
6202103310738060009247696:
6202103310738080009310978:
6202103310738110008517323:
6202103310738150008685403:
6202103310738180009233695:
6202103310738230008702008:
6202103310738260008493217:
6202103310738370008717268:
6202103310738390009322701:
6202103310738400008493802:
6202103310738430009340813:
6202103310738460000442287:
6202103310738480009296878:
6202103310738500008689537:
6202103310738570009324879:
6202103310739050008505206:
6202103310739100009254191:
6202103310739140009322602:
6202103310739180009343384:
6202103310739190007406670:
6202103310739210008429633:
6202103310739230009326650:
6202103310739250008681103:
6202103310739270008507639:
6202103310739300009325535:
6202103310739310009252946:
6202103310739330006039675:
6202103310739350008506074:
6202103310739370008501795:
6202103310739390008711445:
6202103310739410003137967:
6202103310739450004045200:
6202103310739470000424007:
6202103310739490008699485:
6202103310739520007422383:
6202103310739540008688939:
6202103310739570009339802:
6202103310740000009327615:
6202103310740020008492705:
6202103310740040006036996:
6202103310740070006018008:
6202103310740100008696164:
6202103310740160006022003:
6202103310740220009226817:
6202103310740250008499108:
6202103310740280008698315:
6202103310740310009342962:
6202103310740330003137963:
6202103310740360008498971:
6202103310740400009352016:
6202103310740460008492410:
6202103310740480009326626:
6202103310740490006025807:
6202103310740510009323446:
6202103310740530008443266:
6202103310740550008712416:
6202103310740570009342998:
6202103310740580006036708:
6202103310741000008683912:
6202103310741030009226959:
6202103310741070004046800:
6202103310741100009346327:
6202103310741120009253719:
6202103310741150008516213:
6202103310741170009234457:
6202103310741190009354391:
6202103310741220007395592:
6202103310741250006028451:
6202103310741270009341919:
6202103310741300009333812:
6202103310741330008709488:
6202103310741350008693920:
6202103310741370009226946:
6202103310741390008712381:
6202103310741410008512859:
6202103310741430006024122:
6202103310741440008512035:
6202103310741480008689254:
6202103310741490009294520:
6202103310741520008699143:
6202103310741540009294520:
6202103310741560009243147:
6202103310741590003126383:
6202103310742010006025806:
6202103310742030008512362:
6202103310742050008513654:
6202103310742080008703345:
6202103310742100001096293:
6202103310742130008510338:
6202103310742150003892332:
6202103310742180009324574:
6202103310742200009230749:
6202103310742220006040360:
6202103310742230008692032:
6202103310742250008509407:
6202103310742280009280051:
6202103310742310008511515:
6202103310742330008500597:
6202103310742340008508964:
6202103310742370008509050:
6202103310742390006018006:
6202103310742410008689470:
6202103310742430008506912:
6202103310742460009232653:
6202103310742480008715106:
6202103310742500006036994:
6202103310742520006027344:
6202103310742540009278449:
6202103310742560008701103:
6202103310742581513409863:
6202103310743000008688282:
6202103310743020009336959:
6202103310743030006029911:
6202103310743060008516658:
6202103310743080008500888:
6202103310743100009225508:
6202103310743130009348603:
6202103310743150009354582:
6202103310743170008680442:
6202103310743190009342940:
6202103310743220009233704:
6202103310743290006019432:
6202103310743350009251764:
6202103310743380008494924:
6202103310743410008677829:
6202103310743440008714113:
6202103310743460009354460:
6202103310743490008698455:
6202103310743500008492065:
6202103310743520008699830:
6202103310743560001083945:
6202103310743590009254212:
6202103310744050008509836:
6202103310744070008688253:
6202103310744100009339780:
6202103310744130009354825:
6202103310744150009342981:
6202103310744200009337006:
6202103310744230006015460:
6202103310744260009340450:
6202103310744310006039337:
6202103310744340009324138:
6202103310744360009324085:
6202103310744380009254000:
6202103310744410007419418:
6202103310744440000431411:
6202103310744470008713215:
6202103310744500009254207:
6202103310744520007404952:
6202103310744560009351830:
6202103310745000008497935:
6202103310745060009233737:
6202103310745080004179293:
6202103310745110008690234:
6202103310745160006033720:
6202103310745180008699273:
6202103310745290006026834:
6202103310745310008704323:
6202103310745330009354802:
6202103310745350008498240:
6202103310745360009322590:
6202103310745400009343174:
6202103310745430009299920:
6202103310745450009310727:
6202103310746100009348748:
6202103310746120006039972:
6202103310746261513626317:
6202103310746330008515578:
6202103310746560008712134:
6202103310747030006032030:
6202103310747110008495161:
6202103310747340008508655:
6202103310748220007421209:
6202103310748250009311591:
6202103310749100009233713:
6202103310749200008512784:
6202103310750100008693150:
6202103310750150006028293:
6202103310754080006042277:
6202103310754100009247684:
6202103310820220006035580:
6202103310835000007411315:
6202103310859370009290471:
6202103311128500009279594:
6202103311710000008509050:
6202103311739260009325536:
6202103311805470007411315:
6202103311814440008512784:
6202103311847340009252961:
6202103311854230008493028:
6202103311857310009299920:
6202103311857330009226946:
6202103311857350008443266:
6202103311857370006027344:
6202103311857380008692560:
6202103311857400009254191:
6202103311857420007395627:
6202103311857440009226959:
6202103311857460009247696:
6202103311857470009327616:
6202103311857490008506434:
6202103311857510000431411:
6202103311857540008500109:
6202103311857570006039972:
6202103311857590008506074:
6202103311858100006040360:
6202103311858120009232653:
6202103311858140007417231:
6202103311858160006014994:
6202103311858180006039674:
6202103311858190008511515:
6202103311858220009233737:
6202103311858240009276489:
6202103311858260008505206:
6202103311858280009233704:
6202103311858300009252946:
6202103311858300009337006:
6202103311858330009307131:
6202103311858360007406670:
6202103311858380008507639:
6202103311858420006032999:
6202103311858470008498971:
6202103311858500009344566:
6202103311858550009352016:
6202103311858590003137963:
6202103311859021513409863:
6202103311859200008701274:
6202103311859240009346033:
6202103311859280000442287:
6202103311859360007395592:
6202103311859390003132773:
6202103311859430008491901:
6202103311859470009340813:
6202103311859490009326626:
6202103311859510008680900:
6202103311859530008714702:
6202103311859540009326609:
6202103311859560008517815:
6202103311859580008692811:
6202103311900000006039995:
6202103311900010008516213:
6202103311900020008716625:
6202103311900050008681212:
6202103311900060000439530:
6202103311900080008684967:
6202103311900100008681357:
6202103311900110008508655:
6202103311900130008685403:
6202103311900140009350096:
6202103311900160009311591:
6202103311900170008514966:
6202103311900190009340450:
6202103311900200008680442:
6202103311900270009324637:
6202103311900280006036708:
6202103311900300009343430:
6202103311900320008688282:
6202103311900340008680442:
6202103311900370009336959:
6202103311900390008699143:
6202103311900400008711892:
6202103311900420009343384:
6202103311900440009246204:
6202103311900470008683912:
6202103311900500009323446:
6202103311900530009225508:
6202103311900570006028451:
6202103311900580009337945:
6202103311901000009280051:
6202103311901020008493802:
6202103311901030008707174:
6202103311901060009348776:
6202103311901090008510338:
6202103311901110006028451:
6202103311901120007422383:
6202103311901140008699273:
6202103311901160008711445:
6202103311901220008703345:
6202103311901280008497935:
6202103311901420008492754:
6202103311901440008493217:
6202103311901460008501833:
6202103311901510008509836:
6202103311902130009342998:
6202103311902230008689254:
6202103311902260008702008:
6202103311902280000431385:
6202103311902300008513654:
6202103311902340008689470:
6202103311902430009272184:
6202103311903350009349952:
6202103311903450008702658:
6202103311903550008711197:
6202103311905310008498240:
6202103311906110009323999:
6202103311908590009304051:
6202103311910120001096293:
6202103311910140008698315:
6202103311911350009254000:
6202103311911380009296878:
6202103311911390006039675:
6202103311911420008680648:
6202103311911560009286616:
6202103311912000008508964:
6202103311913080007406867:
6202103311913110009240533:
6202103311913300006032030:
6202103311914440009309504:
6202103311914500008500597:
6202103311937080006014349:
6202103311958280009254212:
6202103311958310008696164:
6202103311958350003137972:
6202103311959480009351830:
6202103311959500009335560:
6202103311959520008493340:
6202103312000010009301075:
6202103312000030009310978:
6202103312000050006026834:
6202103312000070003137966:
6202103312000090004179293:
6202103312000110008510716:
6202103312000150008694707:
6202103312000180008493340:
6202103312000220009354582:
6202103312000290009232613:
6202103312000390009327615:
6202103312000430006025807:
6202103312000460008714113:
6202103312000480006018008:
6202103312000580009348608:
6202103312001120008501795:
6202103312001210007411321:
6202103312001300001083945:
6202103312001320009354391:
6202103312002130008696388:
6202103312002280008508352:
6202103312003550009342142:
6202103312005190008676957:
6202103312008150009275624:
6202103312008170007407502:
6202103312009090009303697:
6202103312016140006024735:
6202103312035040008500401:
6202103312052030008699830:
6202103312059270008494656:
6202103312127000007405149:
6202103312128120007405149:
6202103312128370009296138:
6202103312133530008676957:
6202103312136190009254167:
6202103312156590006032920:
6202103312157260008698455:
6202103312157570009348603:
6202103312158550008515578:
6202103312159000007404952:
6202103312159040009233713:
6202103312159050008696238:
6202103312159080008512859:
6202103312159110004166400:
6202103312159130008494201:
6202103312159140009348729:
6202103312159170009348376:
6202103312159180006036994:
6202103312159210008719239:
6202103312159230006033720:
6202103312159270000424545:
6202103312159290004046800:
6202103312159320006035580:
6202103312159440008683421:
6202103312200000008426949:
6202103312200020006018006:
6202103312200050009324605:
6202103312200060009341919:
6202103312200080003892332:
6202103312200090008500142:
6202103312200110006024122:
6202103312200120008506912:
6202103312200140008708003:
6202103312200160009342981:
6202103312200180008514116:
6202103312200200006036996:
6202103312200210009294520:
6202103312200230006025806:
6202103312200260007421209:
6202103312200290009247694:
6202103312200310006039337:
6202103312200330008493833:
6202103312200351513409863:
6202103312200380009348748:
6202103312200590009233695:
6202103312201030008710326:
6202103312201180008688253:
6202103312201300009233695:
6202103312201480008498988:
6202103312201560008494964:
6202103312201590009226429:
6202103312203410007421210:
6202103312204180007402498:
8202103310738280006021964:
8202103310742380008511681:
8202103310742410007396382:
8202103310743040008692290:
8202103310743130003117204:
8202103310743430009298435:
8202103310743510008512375:
8202103310745080006023085:
8202103310746140009348776:
8202103310746240009341788:
8202103310746320006037029:
8202103310746370009234249:
8202103310746540009340470:
8202103310747030006040155:
8202103310747051513631613:
8202103310747560008492638:
8202103310748100003137945:
8202103310748170008504234:
8202103310748220008500626:
8202103310748270008708560:
8202103310748300006027612:
8202103310748380006013135:
8202103310749210006033000:
8202103310751070008513100:
8202103310751140009342035:
8202103310751440009346364:
8202103310751560009289801:
8202103310751590009340817:
8202103310752010009283252:
8202103310752430009327458:
8202103310752450000442316:
8202103310753180006028799:
8202103310753200009339930:
8202103310755030009250787:
8202103310755540009346685:
8202103310756040009326617:
8202103310756290009339834:
8202103310756310009233697:
8202103310756360008710875:
8202103310756510009337903:
8202103310757050003126356:
8202103310757120008500083:
8202103310757170008679170:
8202103310757360006016091:
8202103310757380009354827:
8202103310757410008510188:
8202103310758530009324572:
8202103310758560008719239:
8202103311256520009337903:
8202103311701590008512783:
8202103311706100006021991:
8202103311857240006037029:
8202103311857270009351814:
8202103311857280009342143:
8202103311857300006027612:
8202103311857320007404978:
8202103311857550009234466:
8202103311858010008491998:
8202103311858330009339818:
8202103311858360008504234:
8202103311858390008495426:
8202103311858460009340450:
8202103311858510008429633:
8202103311859000006021964:
8202103311859020009333812:
8202103311859150008709488:
8202103311859180009342962:
8202103311859200009326617:
8202103311859240006028799:
8202103311859280009240520:
8202103311859470009341788:
8202103311900030009324138:
8202103311900040007409909:
8202103311900060003137945:
8202103311900070006039974:
8202103311900090006036997:
8202103311900100006022003:
8202103311900130008715839:
8202103311900150009234240:
8202103311900170009327458:
8202103311900180009234249:
8202103311900200009326658:
8202103311900220008499867:
8202103311900240009340470:
8202103311900280009253719:
8202103311900320006033000:
8202103311900350008717694:
8202103311900380002854367:
8202103311900560007402196:
8202103311901000008500626:
8202103311901050008697841:
8202103311901120009343592:
8202103311901160006023085:
8202103311901210009226823:
8202103311901260008493677:
8202103311901420009354825:
8202103311901440009287411:
8202103311901500008495972:
8202103311901530008515910:
8202103311901550009352010:
8202103311901590009326600:
8202103311902010001087543:
8202103311902030009341511:
8202103311902200004045200:
8202103311902220008493092:
8202103311902310009326648:
8202103311902331513631613:
8202103311902420000439540:
8202103311902450009324572:
8202103311904090009341742:
8202103311904270008713719:
8202103311904460003137991:
8202103311905100009279494:
8202103311905130006015164:
8202103311905220009232352:
8202103311907410009349972:
8202103311909120009339834:
8202103311909280003132772:
8202103311921000006013135:
8202103311957100009354581:
8202103311959010009298206:
8202103311959120009340819:
8202103311959190008690794:
8202103311959260009342984:
8202103311959290009342034:
8202103311959590006015460:
8202103312000040003934713:
8202103312000060006015460:
8202103312000080007400852:
8202103312000100009339144:
8202103312000150008677438:
8202103312000210009354396:
8202103312000240008689944:
8202103312000270007396382:
8202103312000330008517323:
8202103312000350006016091:
8202103312000370009283252:
8202103312000510009305260:
8202103312000530008510188:
8202103312001090008677259:
8202103312001530009234457:
8202103312001560009346685:
8202103312002000008678308:
8202103312002050009354827:
8202103312002080008511681:
8202103312002130007406683:
8202103312002160009339195:
8202103312002240008513100:
8202103312003020008708560:
8202103312003040008493749:
8202103312003100002851485:
8202103312003120009312090:
8202103312003140009233697:
8202103312003470008692290:
8202103312003510008697764:
8202103312004070006019432:
8202103312004210009234484:
8202103312004330009286387:
8202103312004550008501953:
8202103312005160009346327:
8202103312005200006031529:
8202103312005230009331048:
8202103312005550008698121:
8202103312006110008512375:
8202103312009410008677903:
8202103312026190008508406:
8202103312026210009234108:
8202103312026520009273437:
8202103312026570008716113:
8202103312027500006021955:
8202103312058590008713215:
8202103312100180008691341:
8202103312100270009308083:
8202103312100350009330815:
8202103312100390009322590:
8202103312100510009346364:
8202103312106280008686680:
8202103312154430008503089:
8202103312157520009327620:
8202103312200030008681103:
8202103312200100009321707:
8202103312200290004179142:
8202103312200410008514437:
8202103312200490009241075:
