2202103010708100008503532:
2202103010726440006032031:
2202103010738200009351305:
2202103010741180009324119:
2202103010743260009326645:
2202103010743540008504268:
2202103010744030009351833:
2202103010745150009324831:
2202103010745180009339839:
2202103010745290009338814:
2202103010746130009343364:
2202103010746550008687593:
2202103010747151513645885:
2202103010747240009322683:
2202103010747480008698044:
2202103010748320009234236:
2202103010748520009346353:
2202103010748550008709954:
2202103010749000009346353:
2202103010749020006040953:
2202103010749120008686039:
2202103010749150006040953:
2202103010749430008495037:
2202103010749520009346170:
2202103010749570009291266:
2202103010750070009339273:
2202103010750100008717926:
2202103010750160009312114:
2202103010750240008717926:
2202103010750260009351998:
2202103010750280008717926:
2202103010750390009225506:
2202103010750410009354401:
2202103010750430009354576:
2202103010751000008692450:
2202103010751220009336988:
2202103010751310009339794:
2202103010751490008494267:
2202103010751530009322640:
2202103010752000009339524:
2202103010752140008690529:
2202103010752170009339524:
2202103010752230009343151:
2202103010752290009230795:
2202103010752420008709393:
2202103010752470008717044:
2202103010752510009236809:
2202103010752530009341005:
2202103010752550009225494:
2202103010752570009226965:
2202103010752590009341005:
2202103010753010009226965:
2202103010753060009341752:
2202103010753080009230781:
2202103010753090007421252:
2202103010753140008718216:
2202103010753220009340824:
2202103010753240008718216:
2202103010753270009352009:
2202103010753300009230780:
2202103010753330009337900:
2202103010753340000424165:
2202103010753371513637915:
2202103010753390009234487:
2202103010753410009351770:
2202103010753440008683123:
2202103010753460009338246:
2202103010753480008706494:
2202103010753530008698279:
2202103010754040008686064:
2202103010754070008698279:
2202103010754120009225523:
2202103010754170008686064:
2202103010754240008706878:
2202103010754320006039671:
2202103010754370009326435:
2202103010754400009348762:
2202103010754440007411321:
2202103010754520008690941:
2202103010755000008704200:
2202103010755020003126381:
2202103010755060009346707:
2202103010755080009351308:
2202103010755110009346707:
2202103010755130009347607:
2202103010755210008701083:
2202103010755250009351823:
2202103010755300009347607:
2202103010755370009346707:
2202103010755410009225507:
2202103010755470007422494:
2202103010755510009346707:
2202103010755570008699606:
2202103010756010009234480:
2202103010756070006019316:
2202103010756080009234480:
2202103010756120009250799:
2202103010756140009234480:
2202103010756180000439539:
2202103010756200009354001:
2202103010756240009342959:
2202103010756250009349986:
2202103010756280009342002:
2202103010756340009321334:
2202103010756370009283515:
2202103010756390008697836:
2202103010756410009330833:
2202103010756450008696894:
2202103010756560009339812:
2202103010756580008696894:
2202103010757000008691017:
2202103010757020008497759:
2202103010757030008694659:
2202103010757060009347747:
2202103010757141513649006:
2202103010757160008694659:
2202103010757210009343509:
2202103010757240008692742:
2202103010757260009347747:
2202103010757280009323985:
2202103010757320008694659:
2202103010757340009323985:
2202103010757410008694659:
2202103010757430009323985:
2202103010757540006036993:
2202103010757570009297574:
2202103010758000009323985:
2202103010758020009314167:
2202103010758040009323985:
2202103010758070009314167:
2202103010758090003126145:
2202103010758120008702320:
2202103010758160009253997:
2202103010758200009314167:
2202103010758220009345998:
2202103010758240009321395:
2202103010758260003126145:
2202103010758290008491998:
2202103010758320009327416:
2202103010758350009253997:
2202103010758370009327416:
2202103010758400009241049:
2202103010758430009346362:
2202103010758440008496581:
2202103010758470009351317:
2202103010758510009301551:
2202103010758570009321818:
2202103010758590003137970:
2202103010759070003126145:
2202103010759100008500167:
2202103010759120003137970:
2202103010759140008694944:
2202103010759160008494333:
2202103010759170007422376:
2202103010759210009234467:
2202103010759230003126145:
2202103010759250009225481:
2202103010759270009341030:
2202103010759290009346708:
2202103010759330008677300:
2202103010759390009276908:
2202103010759420009321326:
2202103010759510009339219:
2202103010759520009225522:
2202103010759550009346290:
2202103010800320009326622:
2202103010800430009350999:
2202103010800510008707832:
2202103010800560008678770:
2202103010801090009344566:
2202103010801110008678770:
2202103010801140009348729:
2202103010801160008678770:
2202103010801200009339828:
2202103010801220009297056:
2202103010801280008678770:
2202103010801340008707832:
2202103010801380009342958:
2202103010801530009326432:
2202103010801540009225495:
2202103010801560009313377:
2202103010802160009339797:
2202103010802220009339824:
2202103010802240009324119:
2202103010802280008499206:
2202103010802400000442293:
2202103010802430008499206:
2202103010803160009324604:
2202103010803330003109818:
2202103010803340009326612:
2202103010803370009226422:
2202103010804170009234247:
2202103010807070009342183:
2202103010808490007410385:
2202103010809100009274107:
2202103010812240003137987:
2202103010839050009339803:
2202103010944240008500956:
2202103011716280009347747:
2202103011804270009234487:
2202103011900130008680743:
2202103011908430009346038:
2202103011908480008702965:
2202103011908520009346038:
2202103011908540008702965:
2202103011908570009346038:
2202103011909070009307295:
2202103011909090008702965:
2202103011909130009326618:
2202103011909170009340483:
2202103011911450009321362:
2202103011912530008500167:
2202103011916140003137970:
2202103011954380009325536:
2202103011958370006032031:
2202103012002040009339828:
2202103012003110003915458:
2202103012016070009341752:
2202103012029470007410385:
2202103012117270009241049:
2202103012133090008498988:
2202103012159370009246204:
2202103012159570009339824:
2202103012200090008508441:
2202103012200260009341005:
2202103012200320009338814:
2202103012200350009341005:
2202103012200400009339795:
2202103012200420009341005:
2202103012200460009327416:
2202103012200480009339839:
2202103012200530009324831:
2202103012200550009253997:
2202103012200570009226965:
2202103012200590009339839:
2202103012201040009236809:
2202103012201060009352009:
2202103012201130009323985:
2202103012201170008682585:
2202103012201200008718216:
2202103012201260009337900:
2202103012201330009312114:
2202103012201350009337900:
2202103012201370009352009:
2202103012201400008718216:
2202103012201440008682585:
2202103012201480008718216:
2202103012201510009321818:
2202103012201540008717044:
2202103012201580009351317:
2202103012202000009225523:
2202103012202030009230781:
2202103012202070009330833:
2202103012202080009336988:
2202103012202110008682585:
2202103012202130009322683:
2202103012202180009230781:
2202103012202190009348762:
2202103012202220009322683:
2202103012202260008697836:
2202103012202270009354001:
2202103012202300008701083:
2202103012202330009225522:
2202103012202480009326612:
2202103012202570009354001:
2202103012203090008686064:
2202103012205570008687593:
2202103012206060008694659:
2202103012206080000424165:
2202103012206100009321395:
2202103012206120008678770:
2202103012206181513649006:
2202103012206200008682585:
2202103012206210009225494:
2202103012206230008682585:
2202103012206250009342958:
2202103012206280008682585:
2202103012206290009346362:
2202103012206310009342996:
2202103012206320009234467:
2202103012206340008496581:
2202103012206360009354576:
2202103012206390008504268:
2202103012206400007421252:
2202103012206420008497759:
2202103012206440009225507:
2202103012206450008691017:
2202103012206480009343151:
2202103012206500009283515:
2202103012206520009343509:
2202103012206540009343374:
2202103012206580009225506:
2202103012206590009349986:
2202103012207010009343374:
2202103012207030008709954:
2202103012207060009230780:
2202103012207070009354401:
2202103012207090009341030:
2202103012207110009321326:
2202103012207140009347607:
2202103012207160009346708:
2202103012207220009339524:
2202103012207250009234236:
2202103012207290009346707:
2202103012211170009234247:
2202103012211490009325528:
2202103012211550006029906:
2202103012215020009324119:
2202103012217080003137987:
2202103012217250003109818:
2202103012217300007410385:
2202103012243010009297056:
2202103012252010009339803:
2202103012300080009226422:
2202103012304070009326435:
2202103012304090009346180:
2202103012304170009351770:
2202103012307260006039671:
2202103012307360009345998:
2202103012307400009346170:
2202103012307470009351998:
2202103012307540008704200:
2202103012307590003126381:
2202103012308160009326645:
2202103012308200008683123:
2202103012308230009351823:
2202103012308250008706878:
2202103012308350009346353:
2202103012309190009338246:
2202103012309480009339273:
2202103012309560009234480:
2202103012311510006019316:
2202103012312550008491998:
2202103012313040009230795:
2202103012315210008698279:
2202103012358300008699606:
2202103012358390008690941:
2202103012358430009351833:
2202103012358490009339219:
3202103010724190009275080:
3202103010745520008715661:
3202103010748470009354929:
3202103010749280009339211:
3202103010749330009351758:
3202103010750120008494924:
3202103010750310009346324:
3202103010751520008713928:
3202103010753070009246204:
3202103010753500009348542:
3202103010754170009346165:
3202103010755180003126383:
3202103010756270009346352:
3202103010756320009326604:
3202103010756550006029906:
3202103010757070009305197:
3202103010757090008518877:
3202103010757350006039541:
3202103010757390009324068:
3202103010757450008701267:
3202103010757540009251764:
3202103010758200009278449:
3202103010758310006029910:
3202103010758450008506632:
3202103010758480008701274:
3202103010758500009325511:
3202103010758540003137754:
3202103010758550008703693:
3202103010758580009344561:
3202103010759000009309829:
3202103010759050009283895:
3202103010759070009322602:
3202103010759110008713719:
3202103010759180008688253:
3202103010759260006032999:
3202103010759290009346064:
3202103010759470008509836:
3202103010800290008701103:
3202103010800520008494964:
3202103010800580008492065:
3202103010801000008508352:
3202103010801450008711152:
3202103010801490009230756:
3202103010802050009326438:
3202103010802540006033902:
3202103010803090008699830:
3202103010803120006033902:
3202103010804020009303427:
3202103010804050009273437:
3202103010804080008693150:
3202103010808520009323007:
3202103010824270008508441:
3202103010925340009321319:
3202103011020020007421212:
3202103011034560008499840:
3202103011109170008508546:
3202103011859540004175443:
3202103011900010008701274:
3202103011901110008688253:
3202103011902440008713928:
3202103011903410009325511:
3202103011903430006032999:
3202103011903450009278449:
3202103011903480009325511:
3202103011903500008702698:
3202103011903520009278449:
3202103011903580008703693:
3202103011904550009344566:
3202103011906260008701103:
3202103011906340007402471:
3202103011906460008693150:
3202103011908320006036876:
3202103011909140009230756:
3202103011918120008711152:
3202103011918440009305197:
3202103011923150009346165:
3202103011957220003126383:
3202103012000140009326604:
3202103012001370008492065:
3202103012002010009323007:
3202103012002350009344561:
3202103012004570006039541:
3202103012006520009283895:
3202103012020100009296138:
3202103012027320008494924:
3202103012036240009351801:
3202103012101060009251764:
3202103012101100008701267:
3202103012107470009346064:
3202103012130490009348542:
3202103012133570009354625:
3202103012151290008518877:
3202103012151340008699830:
3202103012151450009346352:
3202103012152500009275080:
3202103012156010009349952:
3202103012156360009303427:
3202103012159300009326438:
3202103012159460009339211:
3202103012159490009351758:
3202103012200010003137754:
3202103012200050003137964:
3202103012200080009322602:
3202103012200130008506597:
3202103012200210008679943:
3202103012200390008713719:
3202103012200530008506632:
3202103012202490009299255:
3202103012203200008677300:
3202103012205000008715661:
3202103012205060009274107:
3202103012209540009230769:
3202103012210260008493770:
3202103012210280008495426:
3202103012211010006029906:
3202103012257430009324068:
3202103012257470009346324:
3202103012257510008508352:
3202103012257540009309829:
3202103012259030008677773:
3202103012301150006033902:
3202103012301360009273437:
3202103012301400006021955:
4202103010709070008503532:
4202103010743260008677438:
4202103010743540009324076:
4202103010744360009348776:
4202103010745130002851485:
4202103010745190008718055:
4202103010745340006033000:
4202103010746000009354344:
4202103010746070006024107:
4202103010747410008689944:
4202103010747450000431411:
4202103010747470009293535:
4202103010747510009272601:
4202103010747550009349972:
4202103010747560009326600:
4202103010748010008707911:
4202103010748180003137991:
4202103010748370008697764:
4202103010748410009337903:
4202103010748430008705215:
4202103010748460006013135:
4202103010749270008687514:
4202103010749310009324614:
4202103010749420009327458:
4202103010749500008685403:
4202103010749550008681212:
4202103010750000008677903:
4202103010750020008713107:
4202103010750090008703345:
4202103010750220009354396:
4202103010750260008710216:
4202103010750300009234458:
4202103010750450008680280:
4202103010750470008679170:
4202103010750490009250787:
4202103010750520009346340:
4202103010750540008692032:
4202103010750560008705617:
4202103010751010006014616:
4202103010751040008495972:
4202103010751060008678678:
4202103010751070008712381:
4202103010751100008708003:
4202103010751120000424545:
4202103010751170009234466:
4202103010751260003137963:
4202103010751300009321321:
4202103010751350009339915:
4202103010751410008689537:
4202103010751420008711445:
4202103010751450009236810:
4202103010751470003116965:
4202103010751500009324605:
4202103010751540009346367:
4202103010752030009339225:
4202103010752090003137972:
4202103010752120008517496:
4202103010752240008504275:
4202103010752280009275948:
4202103010752300009326650:
4202103010752360003126147:
4202103010752490009326626:
4202103010752540009294584:
4202103010752560009324572:
4202103010752570009233695:
4202103010753000008681103:
4202103010753020008711197:
4202103010753040009343384:
4202103010753060008697841:
4202103010753090009240520:
4202103010753100008493689:
4202103010753120009331044:
4202103010753140009349985:
4202103010753160009324629:
4202103010753180009326617:
4202103010753200007406701:
4202103010753220009339277:
4202103010753240009335491:
4202103010753260009234484:
4202103010753360009342035:
4202103010753380009322614:
4202103010753390009326609:
4202103010753410009322614:
4202103010753430009340470:
4202103010753450008699485:
4202103010753490004045200:
4202103010754000000436531:
4202103010754010008716625:
4202103010754040009342962:
4202103010754060008695597:
4202103010754090003132772:
4202103010754110009321707:
4202103010754130000439540:
4202103010754140008689470:
4202103010754160009236868:
4202103010754180009344571:
4202103010754210006019317:
4202103010754240009352016:
4202103010754260008680900:
4202103010754280009253719:
4202103010754300008697063:
4202103010754310008697156:
4202103010754330009234457:
4202103010754350003117204:
4202103010754370009277510:
4202103010754390009342143:
4202103010754420008684967:
4202103010754480009240515:
4202103010754500008517323:
4202103010754510008429607:
4202103010754580006038308:
4202103010755000009346345:
4202103010755030008712416:
4202103010755040003934713:
4202103010755060009351814:
4202103010755070009341742:
4202103010755090009327620:
4202103010755100006014341:
4202103010755130008683912:
4202103010755150008709488:
4202103010755170008699709:
4202103010755190001773763:
4202103010755210008709374:
4202103010755220008717268:
4202103010755250007395592:
4202103010755280008715839:
4202103010755300009351830:
4202103010755320008710875:
4202103010755340009232375:
4202103010755390009339780:
4202103010755440009354825:
4202103010755450008707174:
4202103010755470009324574:
4202103010755490009354349:
4202103010755510009340812:
4202103010755530009327613:
4202103010755550006019432:
4202103010755570009339837:
4202103010756010008679943:
4202103010756020008691657:
4202103010756040008714702:
4202103010756060006039973:
4202103010756070009278607:
4202103010756110009340801:
4202103010756120008711249:
4202103010756140009225488:
4202103010756160009321342:
4202103010756180008690794:
4202103010756200009342984:
4202103010756220000431385:
4202103010756240009346181:
4202103010756260009326558:
4202103010756280008680442:
4202103010756290009354827:
4202103010756310009352010:
4202103010756330008686973:
4202103010756340009339818:
4202103010756360009346055:
4202103010756370009346035:
4202103010756400009325535:
4202103010756420009339802:
4202103010756440008711892:
4202103010756460009346035:
4202103010756470008681703:
4202103010756490008689564:
4202103010756510009311280:
4202103010756530008695330:
4202103010757010009327564:
4202103010757040009341013:
4202103010757050009326648:
4202103010757080008692544:
4202103010757100009324583:
4202103010757110009326647:
4202103010757130008698286:
4202103010757150009343592:
4202103010757160007421253:
4202103010757180009343174:
4202103010757220009340819:
4202103010757270006028451:
4202103010757340009339792:
4202103010757380008688767:
4202103010757410009225500:
4202103010757430009351975:
4202103010757480009246202:
4202103010757500003137966:
4202103010757520009280051:
4202103010757540009234486:
4202103010757550009346685:
4202103010757580009323409:
4202103010758000009354582:
4202103010758020009342940:
4202103010758040008690203:
4202103010758050006041875:
4202103010758080008511222:
4202103010758100009346058:
4202103010758120006028799:
4202103010758160008699992:
4202103010758190009340450:
4202103010758210009339817:
4202103010758230008494427:
4202103010758240009343430:
4202103010758260009281799:
4202103010758280008706683:
4202103010758300008714113:
4202103010758350009324085:
4202103010758390009322654:
4202103010758400008677829:
4202103010758420009312090:
4202103010758430009336959:
4202103010758460009321481:
4202103010758470009348748:
4202103010758490009254212:
4202103010758530009326640:
4202103010758560009351768:
4202103010758590003126380:
4202103010759010008688282:
4202103010759050009339144:
4202103010759070009226806:
4202103010759110008495161:
4202103010759130008702658:
4202103010759140008695667:
4202103010759160006022003:
4202103010759170009348603:
4202103010759200009354391:
4202103010759220008512397:
4202103010759230008515910:
4202103010759270009335560:
4202103010759300009333812:
4202103010759360009348376:
4202103010759380000439530:
4202103010759530009339204:
4202103010759550009230749:
4202103010759570008686117:
4202103010759590009342978:
4202103010800020009322590:
4202103010800030007400852:
4202103010800050009324606:
4202103010800080006039506:
4202103010800090009337006:
4202103010800110006039506:
4202103010800130003137755:
4202103010800140009346327:
4202103010800160009346033:
4202103010800170009324138:
4202103010800190008688939:
4202103010800210008426949:
4202103010800270008704360:
4202103010800300009323999:
4202103010801090009336990:
4202103010801120009343567:
4202103010801160008698455:
4202103010801170008678308:
4202103010801190009343383:
4202103010801540008719239:
4202103010802050009348729:
4202103010802440009346364:
4202103010805410008699273:
4202103011900340008702658:
4202103011901490008695597:
4202103011901520008687514:
4202103011901590009340812:
4202103011902040009232376:
4202103011902110008493689:
4202103011902190008493965:
4202103011902220008716625:
4202103011902260009246202:
4202103011902350009346055:
4202103011902370009342034:
4202103011902390009346055:
4202103011902410008712416:
4202103011903070008714113:
4202103011903090008704360:
4202103011903150009339204:
4202103011903200006028451:
4202103011903280008719239:
4202103011903300009342978:
4202103011903320009346173:
4202103011903340009280051:
4202103011903350009234486:
4202103011903440008494201:
4202103011903460009342035:
4202103011903480009335560:
4202103011904160003126360:
4202103011904220009351958:
4202103011904280006041875:
4202103011904310009333812:
4202103011905000009311280:
4202103011905020009225488:
4202103011905290003137972:
4202103011905580003137966:
4202103011906170009354391:
4202103011906270008691341:
4202103011906340009327564:
4202103011908410009339780:
4202103012000000009326609:
4202103012000020003132773:
4202103012000030009343149:
4202103012000050009322614:
4202103012000080009343383:
4202103012000100008680900:
4202103012000120009352016:
4202103012000140009337945:
4202103012000190009339915:
4202103012000210009275948:
4202103012000220008679170:
4202103012000250008699485:
4202103012000260009340450:
4202103012000290008683912:
4202103012000310009342962:
4202103012000330009281874:
4202103012000340009339792:
4202103012000360008711892:
4202103012000380008690203:
4202103012000390008692544:
4202103012000410009348776:
4202103012000440008692117:
4202103012000460009348776:
4202103012000470008692811:
4202103012000490008690234:
4202103012000500008681103:
4202103012000520009321707:
4202103012000530009336959:
4202103012000550009322590:
4202103012000560008697594:
4202103012000580006019317:
4202103012000590009327615:
4202103012001010008712134:
4202103012001060000439530:
4202103012001100009323409:
4202103012001110009346685:
4202103012001130009346364:
4202103012001150009326647:
4202103012001180008689537:
4202103012001400008689944:
4202103012002190008678678:
4202103012002220009281799:
4202103012002270008690794:
4202103012003060009340470:
4202103012005010009326648:
4202103012006240008702008:
4202103012007110006013135:
4202103012059010009234457:
4202103012059040008705215:
4202103012059100009253719:
4202103012100020009346367:
4202103012100050009340801:
4202103012100090009234458:
4202103012100110009348376:
4202103012100150009339195:
4202103012100180006028799:
4202103012100210009273013:
4202103012100340008686973:
4202103012158070009324629:
4202103012158500009337006:
4202103012158540006037029:
4202103012159020007409909:
4202103012159090009277510:
4202103012159130000424007:
4202103012159150003116965:
4202103012159210007406701:
4202103012159230008689564:
4202103012159290009243147:
4202103012159420009339930:
4202103012159480009344572:
4202103012159510009351830:
4202103012159560009254212:
4202103012159580009342981:
4202103012200000008696164:
4202103012200040008706683:
4202103012200060009348748:
4202103012200100008694707:
4202103012200110008706683:
4202103012200140009348603:
4202103012200490009339277:
4202103012200520008698455:
4202103012200540003126147:
4202103012200580000431385:
4202103012207440009324085:
4202103012207520009336990:
4202103012208280007407764:
4202103012210030008494964:
4202103012210080009232334:
4202103012257060009351814:
4202103012257070009343592:
4202103012257090006015164:
4202103012257220009225508:
4202103012257290009279494:
4202103012257300009342997:
4202103012257340007400852:
4202103012257360003126380:
4202103012257550009307386:
4202103012257560009340816:
4202103012258000008512375:
4202103012258030003934713:
4202103012258090009233697:
4202103012258140009346345:
4202103012258320009234484:
4202103012258420009232352:
4202103012300440006033000:
4202103012301020008697764:
4202103012301080006019432:
5202103010741510009304051:
5202103010741570009272184:
5202103010742520009281753:
5202103010744310008677773:
5202103010745380007396360:
5202103010745460009253995:
5202103010746490008698044:
5202103010749290009312114:
5202103010749310008717926:
5202103010750270009284775:
5202103010750590003918604:
5202103010751510008681883:
5202103010751560004181482:
5202103010752050006033001:
5202103010752340009287011:
5202103010753330001079288:
5202103010753390006024747:
5202103010753510008678354:
5202103010754000009314286:
5202103010754390008701527:
5202103010754470008709369:
5202103010754500009307295:
5202103010754530008692587:
5202103010754550009326618:
5202103010755410008680743:
5202103010755480008439606:
5202103010756070006029990:
5202103010756100009321362:
5202103010756260000431412:
5202103010756580008695140:
5202103010757060009230785:
5202103010757180009286624:
5202103010757410009340483:
5202103010757430008426247:
5202103010757460008694944:
5202103010757490008494333:
5202103010757570008713081:
5202103010758060008439606:
5202103010758140008713081:
5202103010758190009283296:
5202103010758240008709061:
5202103010758280009346038:
5202103010758330008702965:
5202103010758380009346038:
5202103010758410008702965:
5202103010759200001100446:
5202103010759290008706103:
5202103010759441513646659:
5202103010800010009340499:
5202103010801050006015164:
5202103010813030006027540:
5202103010813100008424093:
5202103010815500009346063:
5202103010830360001077425:
5202103010847270009325536:
5202103010946490004165136:
5202103011902490007396360:
5202103011903010008706103:
5202103011904590009314286:
5202103011905180008695140:
5202103011905210009284775:
5202103011936510007411315:
5202103011959270008681883:
5202103011959300008701527:
5202103011959340009288638:
5202103011959370009314167:
5202103011959400006033001:
5202103011959430000431412:
5202103011959500008709369:
5202103011959550008678354:
5202103012000010008426248:
5202103012000220009281753:
5202103012001010009287011:
5202103012001110009286624:
5202103012001320006029990:
5202103012002320008426247:
5202103012002350009276908:
5202103012002420008709061:
5202103012002450008692587:
5202103012002480008698044:
5202103012002510009340499:
5202103012002590009283296:
5202103012003010009301551:
5202103012003200008713081:
5202103012003410004181482:
5202103012003430008698044:
5202103012016280009230785:
5202103012023041513646659:
5202103012023210008500956:
5202103012023270009253995:
5202103012023400003918604:
5202103012026150003918604:
5202103012038040006027540:
5202103012038450008424093:
5202103012038520006027540:
5202103012057130008508546:
5202103012138270006024747:
5202103012150220001079288:
5202103012250530009343364:
6202103010731550006021955:
6202103010742550009272184:
6202103010746330009343364:
6202103010752130009349952:
6202103010754360009325528:
6202103010755530009346180:
6202103010756080009342981:
6202103010756110009225508:
6202103010756180009327615:
6202103010756250009308083:
6202103010756280009279494:
6202103010756300009339795:
6202103010756390003126356:
6202103010756410008715106:
6202103010756430008702008:
6202103010756460008518877:
6202103010757010008494201:
6202103010757090008708992:
6202103010757110008696388:
6202103010757170008689254:
6202103010757220008701267:
6202103010757240003132773:
6202103010757290009354625:
6202103010757350009299255:
6202103010757380009351801:
6202103010757470006029910:
6202103010757570008702698:
6202103010757590008680648:
6202103010758220008500401:
6202103010758310009325511:
6202103010758350009333812:
6202103010758370003137754:
6202103010758400008708143:
6202103010758420009322602:
6202103010758440009283895:
6202103010758460008713719:
6202103010758490000439530:
6202103010758500007422383:
6202103010758540008686663:
6202103010758570008688253:
6202103010759090003126360:
6202103010759110009340816:
6202103010759140006032999:
6202103010759300008509836:
6202103010759530009241075:
6202103010800020009230769:
6202103010800201513631233:
6202103010800320006036876:
6202103010801150009351964:
6202103010801180009346020:
6202103010801210009230756:
6202103010801240008712134:
6202103010801580003137964:
6202103010802010004179142:
6202103010802340009322682:
6202103010802380007396553:
6202103010802440008699830:
6202103010845370009325536:
6202103010852310009290471:
6202103011411160007411315:
6202103011858010008493028:
6202103011900120008701274:
6202103011901220008688253:
6202103011909400009230756:
6202103011916500008509836:
6202103011928340006029906:
6202103011959590008680648:
6202103012000590007419418:
6202103012011220001077425:
6202103012028021513631233:
6202103012030500009346063:
6202103012054250008508546:
6202103012101310008701267:
6202103012107570008500401:
6202103012159020008503532:
6202103012200030007422383:
6202103012200210003137964:
6202103012200240003137754:
6202103012200260009322602:
6202103012201230009272184:
6202103012202030008506632:
6202103012202260009321334:
6202103012202330009340824:
6202103012202350008706494:
6202103012210590006029910:
6202103012211290009325528:
6202103012237490009292655:
6202103012257530008701274:
8202103010731170009341788:
8202103010739220009234248:
8202103010741380008689060:
8202103010743400008692290:
8202103010744150009307386:
8202103010744230009324076:
8202103010744280008697594:
8202103010745030009348776:
8202103010745180009338161:
8202103010746020006033000:
8202103010746170006037029:
8202103010746230006039974:
8202103010746340009354344:
8202103010747590008689944:
8202103010748580009339254:
8202103010749020009273291:
8202103010749030008697764:
8202103010749050008705215:
8202103010749080006013135:
8202103010749150008500626:
8202103010749280006021964:
8202103010749510008687514:
8202103010750150009324118:
8202103010750180009323446:
8202103010750440008692117:
8202103010751040009234249:
8202103010751100008713215:
8202103010751180008686301:
8202103010751240008678678:
8202103010751360003137945:
8202103010753240008691341:
8202103010753471513653075:
8202103010753500009326658:
8202103010753530008429633:
8202103010753550009342035:
8202103010753580009326609:
8202103010754010009340470:
8202103010754190009344572:
8202103010754210009339821:
8202103010754240009289801:
8202103010754270008716625:
8202103010754290000424167:
8202103010754340008681357:
8202103010754360008693892:
8202103010754420009352016:
8202103010754470009340817:
8202103010754550009339834:
8202103010754590000424007:
8202103010755030009330829:
8202103010755090009340813:
8202103010755120000442287:
8202103010755140009322701:
8202103010755160008677569:
8202103010755180008693920:
8202103010755210009346345:
8202103010755230009350096:
8202103010755250008712416:
8202103010755280007401654:
8202103010755320009327620:
8202103010755340006014341:
8202103010755410009233697:
8202103010755430009324879:
8202103010755470009342954:
8202103010755480009331842:
8202103010755500009330815:
8202103010755520009339195:
8202103010755540009353030:
8202103010755570008696164:
8202103010756050009325498:
8202103010756130000442316:
8202103010756170008692811:
8202103010756250009281874:
8202103010756260009273013:
8202103010756280009243147:
8202103010756300009354581:
8202103010756310009342034:
8202103010756330009343149:
8202103010756340008714702:
8202103010756360009246199:
8202103010756380009225488:
8202103010756400008690794:
8202103010756420008698121:
8202103010756440009324637:
8202103010756460009354699:
8202103010756490009352010:
8202103010756500008709659:
8202103010756520009342997:
8202103010756540000424146:
8202103010756550008686973:
8202103010757000009343593:
8202103010757020008704323:
8202103010757030009354802:
8202103010757110009289323:
8202103010757130008689564:
8202103010757160009311280:
8202103010757240008692544:
8202103010757270009326648:
8202103010757310009342982:
8202103010757340008694707:
8202103010757360009308083:
8202103010757370009327615:
8202103010757390009343592:
8202103010757480006028451:
8202103010758150009234486:
8202103010758180009346173:
8202103010758190009346685:
8202103010758290008690234:
8202103010758390009331051:
8202103010758480008706683:
8202103010758510009281799:
8202103010759080008677829:
8202103010759280009339930:
8202103010759300009232376:
8202103010759320008702658:
8202103010759340008677259:
8202103010759370009351958:
8202103010759460009335560:
8202103010800100008493965:
8202103010800230009324606:
8202103010800260008699143:
8202103010802080008719239:
8202103010805460007407764:
8202103011658340006021964:
8202103011704170009342984:
8202103011900040008702658:
8202103011901210008681212:
8202103011901230008712381:
8202103011901250009326650:
8202103011901260008717268:
8202103011901290008687514:
8202103011901310009322701:
8202103011901330009323446:
8202103011901350009326658:
8202103011901380009350096:
8202103011901390009232376:
8202103011901430007395592:
8202103011901450008685403:
8202103011901490008716625:
8202103011901530008493689:
8202103011901550008493965:
8202103011901570009294584:
8202103011901580009343174:
8202103011902000009246202:
8202103011902020009342034:
8202103011902030008697156:
8202103011902070008696388:
8202103011902100008712416:
8202103011902130009346055:
8202103011902160009326600:
8202103011902200008711445:
8202103011902290009339204:
8202103011902500006028451:
8202103011902530008713215:
8202103011902550009340817:
8202103011902580009321481:
8202103011903050008719239:
8202103011903060009346173:
8202103011903080008493749:
8202103011903110009342978:
8202103011903140009234486:
8202103011903150008677829:
8202103011903170008494201:
8202103011903220009335560:
8202103011903240009342035:
8202103011903261513653075:
8202103011903280008711197:
8202103011903300009240520:
8202103011903321513653075:
8202103011903330009341013:
8202103011903350009331051:
8202103011903370009234466:
8202103011903390008678308:
8202103011903420009346181:
8202103011903450009327620:
8202103011903470008680442:
8202103011903540008688939:
8202103011903590009352010:
8202103011904010009351958:
8202103011904030009326617:
8202103011904050009352010:
8202103011904070009343430:
8202103011904120009354827:
8202103011904130009327620:
8202103011904160008680280:
8202103011904170006014341:
8202103011904190007421253:
8202103011904220003137945:
8202103011904240008511222:
8202103011904270009246199:
8202103011904330009311280:
8202103011904360009225488:
8202103011904380009339821:
8202103011904520008699143:
8202103011904590008691341:
8202103011905030003132772:
8202103011905050003137972:
8202103011905070006038308:
8202103011905090008512397:
8202103011905130008517323:
8202103011905180008686663:
8202103011905210008707174:
8202103011905240008686117:
8202103011905260006039973:
8202103011905310003137966:
8202103011905370009354391:
8202103011905390009354699:
8202103011905480009343567:
8202103011905540000424167:
8202103011908160009339780:
8202103011910570008705617:
8202103011958550003132773:
8202103011959060003137991:
8202103011959110009343383:
8202103011959560008695667:
8202103011959580008693920:
8202103012000010008695667:
8202103012000020008709659:
8202103012000040009324637:
8202103012000050009354396:
8202103012000070009348776:
8202103012000080009293535:
8202103012000100009348776:
8202103012000110008692544:
8202103012000130009293535:
8202103012000140009300618:
8202103012000160008709374:
8202103012000170006019317:
8202103012000190009324879:
8202103012000210008699992:
8202103012000220008697594:
8202103012000240008699992:
8202103012000250009327615:
8202103012000270009273291:
8202103012000290009323409:
8202103012000350008677259:
8202103012000370009346685:
8202103012000380009340813:
8202103012000400009233695:
8202103012000430008689944:
8202103012000530009232375:
8202103012000580008710875:
8202103012001010009353030:
8202103012001030008689944:
8202103012001060009232375:
8202103012001090008710875:
8202103012001110008697841:
8202103012001150008692032:
8202103012001240008677438:
8202103012001280009272601:
8202103012001360009339225:
8202103012001400008689470:
8202103012001420009339225:
8202103012001430009272601:
8202103012001480009326626:
8202103012001500008718055:
8202103012001520009281799:
8202103012001540008678678:
8202103012001570008692290:
8202103012002000009342982:
8202103012002020009349972:
8202103012002040008690794:
8202103012002070009236810:
8202103012002110009354802:
8202103012002150006014616:
8202103012002180009354825:
8202103012002200009324138:
8202103012002220009289323:
8202103012002280008715106:
8202103012002310003126356:
8202103012002330009339802:
8202103012002350000424146:
8202103012002380009330829:
8202103012002400009240515:
8202103012002430009340470:
8202103012002470009322654:
8202103012002500009346033:
8202103012002530008681357:
8202103012002550009346020:
8202103012002570009354582:
8202103012002590009342940:
8202103012003030008715839:
8202103012003240008697063:
8202103012003260008710216:
8202103012003360000436531:
8202103012003380008710216:
8202103012004100009326640:
8202103012004250006022003:
8202103012004420009326648:
8202103012004510008703345:
8202103012005000009324076:
8202103012005250008702008:
8202103012006210009341742:
8202103012006230003137963:
8202103012006470006013135:
8202103012006560008504275:
8202103012007240009234248:
8202103012007280009278607:
8202103012007590008684967:
8202103012013380008495972:
8202103012021500009321342:
8202103012059540008698286:
8202103012100010008686973:
8202103012100030008698286:
8202103012100050009324574:
8202103012100100009338161:
8202103012100150009324606:
8202103012100170008686301:
8202103012100200009354349:
8202103012100220009226806:
8202103012100290008704323:
8202103012100360009308083:
8202103012100390009354344:
8202103012100420008688282:
8202103012100450008695330:
8202103012100470008708992:
8202103012100580008681703:
8202103012103300009327613:
8202103012109100004045200:
8202103012109120008708003:
8202103012109140000424545:
8202103012109210009324572:
8202103012109270008713107:
8202103012157360009351964:
8202103012157390009331842:
8202103012157410009324629:
8202103012157430009349985:
8202103012157490009343384:
8202103012157550000424007:
8202103012158000009339254:
8202103012158090009325535:
8202103012158140008500626:
8202103012158160009351768:
8202103012158220003137755:
8202103012158250009327458:
8202103012158310009339817:
8202103012158330009327458:
8202103012158350006037029:
8202103012158370009234249:
8202103012158410009346327:
8202103012158430006040953:
8202103012158450009339834:
8202103012158500008429633:
8202103012158520009339834:
8202103012158540008699709:
8202103012158560009342142:
8202103012158570008689564:
8202103012158590009335491:
8202103012159010009346035:
8202103012159040009243147:
8202103012159070008698795:
8202103012159120009337903:
8202103012159150008698795:
8202103012159160009339930:
8202103012159180008494427:
8202103012159200008709488:
8202103012159210009348729:
8202103012159240008677569:
8202103012159260009341511:
8202103012159280008693892:
8202103012159300009341788:
8202103012159390009348603:
8202103012159440009331044:
8202103012159480009339837:
8202103012159520009339818:
8202103012159550003117204:
8202103012159570008689254:
8202103012200000008429607:
8202103012200030003117204:
8202103012200150002851485:
8202103012200220008698455:
8202103012200260009339277:
8202103012200270003137967:
8202103012200300009351975:
8202103012200310009342954:
8202103012200340007401654:
8202103012200490008688767:
8202103012201160009330815:
8202103012201200009344571:
8202103012201250009324605:
8202103012201320008714702:
8202103012201340006024107:
8202103012201390008707911:
8202103012201450009321321:
8202103012201500006039506:
8202103012201520008677903:
8202103012201540000431411:
8202103012201570008691657:
8202103012202400009323999:
8202103012202450009324614:
8202103012202480008711249:
8202103012205210008495161:
8202103012206450009232334:
8202103012206550006029910:
8202103012207030009324085:
8202103012207050009343593:
8202103012207100007407764:
8202103012207250009336990:
8202103012209450008494964:
8202103012210160009326558:
8202103012217500008515578:
8202103012256080004179142:
8202103012256360008426949:
8202103012256380008517496:
8202103012256430009351814:
8202103012256450009342143:
8202103012256460009343592:
8202103012256500006015164:
8202103012256510009346340:
8202103012256530007411321:
8202103012256540009339144:
8202103012256560009250787:
8202103012256580009340819:
8202103012257000000439540:
8202103012257010009324118:
8202103012257030009225500:
8202103012257050009279494:
8202103012257090003126380:
8202103012257150009354581:
8202103012257180009325498:
8202103012257200008515910:
8202103012257240009230749:
8202103012257260009307386:
8202103012257310003934713:
8202103012257350009236868:
8202103012257370009346058:
8202103012257390009312090:
8202103012257410009233697:
8202103012257460009234484:
8202103012257500009346345:
8202103012257530006039974:
8202103012257570009232352:
8202103012258020009289801:
8202103012258190006039974:
8202103012258500009241075:
8202103012259520006033000:
8202103012259580006021955:
8202103012300190008698121:
8202103012300390008697764:
