2202103160744310009225506:
2202103160744330009324831:
2202103160744360009338814:
2202103160744390009339273:
2202103160744410009343374:
2202103160744430009322683:
2202103160744460006039494:
2202103160745170009338246:
2202103160745260009339839:
2202103160745290009326435:
2202103160745360009343364:
2202103160745570009346170:
2202103160746520008504268:
2202103160747160009351768:
2202103160747241513645885:
2202103160747260008704200:
2202103160747280009354001:
2202103160747300009351305:
2202103160747380008692450:
2202103160747390006039969:
2202103160747410009230781:
2202103160748250009352009:
2202103160748370009339824:
2202103160749060009291266:
2202103160749090009283499:
2202103160749130009254229:
2202103160749170008717044:
2202103160749280008517932:
2202103160749390009346707:
2202103160749480008690529:
2202103160749500009342996:
2202103160750550009303870:
2202103160751010009336988:
2202103160751030009339794:
2202103160751210003920040:
2202103160751290009236809:
2202103160751320009234236:
2202103160751350009230795:
2202103160751520009354576:
2202103160752010006022855:
2202103160752030009281814:
2202103160752050009234467:
2202103160752070009226965:
2202103160752090008718216:
2202103160752121513641316:
2202103160752290009326645:
2202103160752310009313377:
2202103160752350009347607:
2202103160752500006036321:
2202103160752570009234066:
2202103160753100006040360:
2202103160753140008509407:
2202103160753170003126381:
2202103160753250009343151:
2202103160753270009225507:
2202103160753370009348762:
2202103160753390009250799:
2202103160753450008494656:
2202103160753480008508219:
2202103160753520009346362:
2202103160753550009344572:
2202103160754090009312114:
2202103160754160007407739:
2202103160754230009234480:
2202103160754250008496581:
2202103160754300008696894:
2202103160754321513652619:
2202103160754340009225523:
2202103160754370009234487:
2202103160754380000424165:
2202103160754400009351770:
2202103160754410009339795:
2202103160754430009230780:
2202103160754540009347747:
2202103160755120008495037:
2202103160755150009297056:
2202103160755170009330833:
2202103160755190006019064:
2202103160755240008701083:
2202103160755260008682585:
2202103160755330009341030:
2202103160755360007402523:
2202103160755410008686064:
2202103160755420009225522:
2202103160755470008706878:
2202103160755570009351308:
2202103160755590007411321:
2202103160756030009351308:
2202103160756050009339812:
2202103160756110008692742:
2202103160756150008709061:
2202103160756170008694659:
2202103160756220006019316:
2202103160756240008702320:
2202103160756260007402194:
2202103160756300006021871:
2202103160756400009240533:
2202103160756430008510090:
2202103160756450009240533:
2202103160756480009339797:
2202103160756510009342958:
2202103160756530007410282:
2202103160756550009225481:
2202103160756570008698279:
2202103160757350006037288:
2202103160757370003918796:
2202103160757420008493366:
2202103160757450009321818:
2202103160757570009346708:
2202103160758020008692560:
2202103160758050009321395:
2202103160758080009233737:
2202103160758110009354401:
2202103160758130009346290:
2202103160758170009341005:
2202103160758220009327416:
2202103160758270009341005:
2202103160758311513637915:
2202103160758320009339144:
2202103160758350003126145:
2202103160758370009283515:
2202103160758390009343567:
2202103160758410009336990:
2202103160758430008692032:
2202103160758450009323999:
2202103160758480003137987:
2202103160759141513649006:
2202103160759350007421212:
2202103160759370009345998:
2202103160800100008509894:
2202103160802540009279728:
2202103160803410009339803:
2202103160806250009234247:
2202103161058450008694944:
2202103161700170008497759:
2202103161702560009225522:
2202103161715190003137970:
2202103161715210008702965:
2202103161715370009307295:
2202103161715500008509894:
2202103161715560008500167:
2202103161715580009346038:
2202103161716470008515447:
2202103161716490008497657:
2202103161717060009301551:
2202103161717140008695756:
2202103161717170009248259:
2202103161717190009276908:
2202103161717210009287011:
2202103161717270008680743:
2202103161717290009339828:
2202103161718050008709061:
2202103161718080009321362:
2202103161718100009326618:
2202103161744080009286624:
2202103161800480008717926:
2202103161814460009234467:
2202103161850090006022855:
2202103161859220009297574:
2202103161900080009326622:
2202103161900480009340483:
2202103161901470003126383:
2202103161904550009233737:
2202103161906380008508326:
2202103161918480009309504:
2202103161926380009279728:
2202103161959350009351768:
2202103161959390009225488:
2202103162000020009240533:
2202103162000040006016276:
2202103162000050008497935:
2202103162000080006014993:
2202103162000390009281874:
2202103162000540009322683:
2202103162001000009336988:
2202103162001041513637915:
2202103162001060009341005:
2202103162001091513645885:
2202103162001121513652619:
2202103162001140009351833:
2202103162001170009326612:
2202103162001190008517932:
2202103162001240009348762:
2202103162001280008718216:
2202103162001300006019064:
2202103162001330008697836:
2202103162001350009321334:
2202103162001370009352009:
2202103162001390009225481:
2202103162001420001108277:
2202103162001440008678770:
2202103162001480001108277:
2202103162001550003126145:
2202103162001570009236809:
2202103162001590009234487:
2202103162002020008692450:
2202103162002040008717044:
2202103162002080009321326:
2202103162002100009230781:
2202103162002130009250799:
2202103162002150006039969:
2202103162002170009338814:
2202103162002190006039969:
2202103162002200009324831:
2202103162002230009343151:
2202103162002250009343509:
2202103162002270009321818:
2202103162002290009339839:
2202103162002390006031525:
2202103162002410006021871:
2202103162002440008709954:
2202103162002460009225507:
2202103162002480009236903:
2202103162002490006037288:
2202103162002510009226965:
2202103162002550009339795:
2202103162002570007421252:
2202103162002590009326435:
2202103162003020009354576:
2202103162003040009230780:
2202103162003050009351317:
2202103162003070009230780:
2202103162003090009354001:
2202103162003110007414046:
2202103162003130009283515:
2202103162003140009234236:
2202103162003170009225523:
2202103162003200009283499:
2202103162003220008504268:
2202103162003250008493366:
2202103162003280009351308:
2202103162003321513649006:
2202103162003380009339812:
2202103162003410009347607:
2202103162003450009321395:
2202103162003470009341030:
2202103162003490009225494:
2202103162003510003918796:
2202103162003530009342958:
2202103162003570009339797:
2202103162003590009232378:
2202103162004080009312114:
2202103162004150007402194:
2202103162004160003920040:
2202103162004380009281814:
2202103162004480009346707:
2202103162005390009327416:
2202103162006490009330833:
2202103162006530009297056:
2202103162006570007410282:
2202103162008220008710326:
2202103162010170008491998:
2202103162010570009225506:
2202103162011470009342996:
2202103162011490000424165:
2202103162011510009343374:
2202103162011540006039494:
2202103162015010009354401:
2202103162015190009346362:
2202103162015470008496581:
2202103162018360009303525:
2202103162021420009339803:
2202103162028330009339824:
2202103162046290009234066:
2202103162100060009339794:
2202103162100100008702320:
2202103162100120007421212:
2202103162100150000439539:
2202103162100360008692742:
2202103162129410001079288:
2202103162135490009348542:
2202103162158400008508219:
2202103162158420007422376:
2202103162200010009346344:
2202103162200060008682585:
2202103162200080009226422:
2202103162200110009253997:
2202103162200150009335560:
2202103162200160007407739:
2202103162200270009346327:
2202103162200290006036997:
2202103162200320009346180:
2202103162200340009346170:
2202103162200360009346353:
2202103162200500006039671:
2202103162201040006029910:
2202103162201060007407764:
2202103162201110006029910:
2202103162201490008704200:
2202103162201510009346708:
2202103162201540009347747:
2202103162202120003126381:
2202103162202160006019316:
2202103162202260009291266:
2202103162202350009254229:
2202103162202400008706878:
2202103162202440009338246:
2202103162202480009339273:
2202103162202500008683123:
2202103162202520009345998:
2202103162202540009234480:
2202103162202580009339219:
2202103162203000008709393:
2202103162203030009342959:
2202103162203060008696894:
2202103162203080008510090:
2202103162203120009339524:
2202103162203150008698279:
2202103162203240009230795:
2202103162204110009326645:
2202103162204160009308190:
2202103162206490009351770:
2202103162206510000442293:
2202103162209250003109818:
2202103162212490009351305:
2202103162216080009324119:
2202103162216110003137987:
2202103162216150008497260:
2202103162216170007410385:
2202103162216200008497260:
2202103162231001513641316:
2202103162231130009234247:
2202103162331080008499206:
2202103162331230009326432:
2202103162331250008497463:
2202103162331260007402523:
2202103162331280008494333:
2202103162331300009324604:
2202103162335040008495037:
2202103162335110008707832:
3202103160744430008507544:
3202103160744470000431411:
3202103160744520008508441:
3202103160744580008681103:
3202103160745020009339211:
3202103160745040008718055:
3202103160745070009234248:
3202103160745120009321707:
3202103160745170008683630:
3202103160745200008680442:
3202103160745310009246204:
3202103160745450008715661:
3202103160746470009354344:
3202103160746520008707911:
3202103160746560008711152:
3202103160746580009344566:
3202103160747070003117204:
3202103160747390008702698:
3202103160747430009351801:
3202103160747450003137972:
3202103160747470008504041:
3202103160748020008677773:
3202103160748100008681212:
3202103160748170009349952:
3202103160748210008687514:
3202103160748260009240515:
3202103160748380009351758:
3202103160748470009274107:
3202103160748500009325535:
3202103160749260009326647:
3202103160749380008503824:
3202103160749440009275948:
3202103160749470009300618:
3202103160750000009293535:
3202103160750090008711197:
3202103160750220009253719:
3202103160750250008681357:
3202103160750310009326650:
3202103160750380008500142:
3202103160750410009348542:
3202103160750490008697156:
3202103160750540008496471:
3202103160751250008680900:
3202103160751550007421210:
3202103160752440009280726:
3202103160752510008691341:
3202103160752560008710875:
3202103160752590008712134:
3202103160753020008692117:
3202103160753030008709374:
3202103160753080009234457:
3202103160753100009232375:
3202103160753120008717268:
3202103160753130008678678:
3202103160753170009321321:
3202103160753210006032920:
3202103160753250009322701:
3202103160753300008711445:
3202103160753340009340470:
3202103160753380006041088:
3202103160753400008693920:
3202103160753430009340813:
3202103160753460008517496:
3202103160753480008494924:
3202103160753530008713928:
3202103160753550009233695:
3202103160753580008692811:
3202103160753590009353030:
3202103160754030009326609:
3202103160754090008699143:
3202103160754110008710957:
3202103160754190008716113:
3202103160754230008690203:
3202103160754250009342962:
3202103160754280007401131:
3202103160754330003126147:
3202103160754380009324606:
3202103160754400008713719:
3202103160754420009283895:
3202103160754440009278449:
3202103160754470009232350:
3202103160755040003126383:
3202103160755180006029910:
3202103160755250008703693:
3202103160755270009299255:
3202103160755310008701103:
3202103160755390008500916:
3202103160755420009241075:
3202103160755450009275080:
3202103160755570008492065:
3202103160756120009325511:
3202103160756150008688253:
3202103160756400008509836:
3202103160756450008515578:
3202103160757020003137754:
3202103160757100008710326:
3202103160757120009354625:
3202103160757170008710326:
3202103160757190006039541:
3202103160757210009324068:
3202103160757250008518877:
3202103160757340009305197:
3202103160757370008699830:
3202103160757410009346352:
3202103160757460009309829:
3202103160757470006032999:
3202103160757500009251764:
3202103160758090009303427:
3202103160758260004179142:
3202103160758340009326604:
3202103160758370006029906:
3202103160759280003137964:
3202103160800320006010458:
3202103160800350006021991:
3202103160800440006036876:
3202103160800480007407764:
3202103160800490008493677:
3202103160800540007422383:
3202103160801020008494964:
3202103160802230009346344:
3202103160802350006022420:
3202103160803520006014993:
3202103160804200008693150:
3202103160808360009323007:
3202103161056110009279594:
3202103161248490009296966:
3202103161248580009296966:
3202103161659470008712381:
3202103161700080008693892:
3202103161702110009324629:
3202103161703060009281799:
3202103161859560009326604:
3202103161900010008717268:
3202103161900030008691341:
3202103161900040008493340:
3202103161900070008686117:
3202103161900090008493340:
3202103161900110008703345:
3202103161900130003137972:
3202103161900140009342954:
3202103161900160008697156:
3202103161900180008704360:
3202103161900200009232350:
3202103161900230008687514:
3202103161900250008688282:
3202103161900270009351964:
3202103161900300009335491:
3202103161900320009336959:
3202103161900340008711892:
3202103161900370008709374:
3202103161900410008699992:
3202103161900440008500889:
3202103161900460008711197:
3202103161900480009326647:
3202103161900500008692811:
3202103161900520003137967:
3202103161900530008689470:
3202103161900550008718055:
3202103161900570009348748:
3202103161900590008690203:
3202103161901000008681103:
3202103161901020008690234:
3202103161901030009324879:
3202103161901050009339254:
3202103161901070009339802:
3202103161901100009321707:
3202103161901130000439530:
3202103161901250008714702:
3202103161901270008492065:
3202103161901290008711445:
3202103161901340008681703:
3202103161901400008686301:
3202103161901440008697063:
3202103161901500009321321:
3202103161901550009324606:
3202103161902100008688253:
3202103161902150006039541:
3202103161902350008680280:
3202103161902590007395592:
3202103161903250008681357:
3202103161903450009342940:
3202103161903490008715839:
3202103161903590008702698:
3202103161904010006032999:
3202103161904020009278449:
3202103161904040009325511:
3202103161904240009299255:
3202103161904460009280726:
3202103161904540008711152:
3202103161905190009232375:
3202103161905530009254169:
3202103161906220008509836:
3202103161909130009246204:
3202103161909500008716113:
3202103161909590008693150:
3202103161915061513409863:
3202103161915260009344566:
3202103161920440009354625:
3202103161945330007406683:
3202103161945390008708560:
3202103161958370008690794:
3202103161958420006022003:
3202103161958450009324138:
3202103161958470009342034:
3202103161958500009341013:
3202103161958530009324637:
3202103161958550008713719:
3202103161959040009225488:
3202103161959060008683630:
3202103161959080008689564:
3202103161959090009300618:
3202103161959110009293535:
3202103161959130000431411:
3202103161959140009326609:
3202103161959170006021991:
3202103161959210008711249:
3202103161959230008429607:
3202103161959280008689254:
3202103162000020008713928:
3202103162000030009330815:
3202103162000060003137964:
3202103162000080009324068:
3202103162000090009309829:
3202103162000110009322701:
3202103162000140008714113:
3202103162000170009339792:
3202103162000190009322614:
3202103162000220008707174:
3202103162000250008702008:
3202103162000280008500142:
3202103162000300009339225:
3202103162000360009323999:
3202103162001390009322654:
3202103162001410009324085:
3202103162001430007401654:
3202103162001460009353030:
3202103162002050006020195:
3202103162002500008696388:
3202103162003200008494964:
3202103162003330008494924:
3202103162003360008715661:
3202103162003380009251764:
3202103162003430003137754:
3202103162005560008701103:
3202103162008240009275080:
3202103162008300009234248:
3202103162008350009325535:
3202103162009400003117204:
3202103162009530008679943:
3202103162015240006029906:
3202103162019200009339211:
3202103162021200008698315:
3202103162023370008503824:
3202103162024460009303427:
3202103162027360009326438:
3202103162028480008703693:
3202103162038080009346352:
3202103162040230007421210:
3202103162105330008712134:
3202103162112550006021955:
3202103162117390009351801:
3202103162121180008498988:
3202103162153500008677773:
3202103162158190008495972:
3202103162159540006041088:
3202103162159570008500083:
3202103162200020008679170:
3202103162200060009341742:
3202103162200090007396382:
3202103162200170008679170:
3202103162200220009340813:
3202103162200250009341742:
3202103162200270009340813:
3202103162200290007422383:
3202103162200320007396382:
3202103162200340007395601:
3202103162200370008500083:
3202103162200420001087543:
3202103162200440009343149:
3202103162200470003132773:
3202103162200480009324574:
3202103162200500009340812:
3202103162201040008678678:
3202103162201060009340812:
3202103162201080008680900:
3202103162201120007419418:
3202103162202020001096293:
4202103160004100009241075:
4202103160004120004179142:
4202103160744500008493092:
4202103160745110009232352:
4202103160745460006040155:
4202103160746000009338161:
4202103160746220008677259:
4202103160746250009225500:
4202103160746280009354581:
4202103160746530009234458:
4202103160746560008688939:
4202103160747050009234466:
4202103160747090008501288:
4202103160748010009346367:
4202103160748070003137755:
4202103160748110009273291:
4202103160748140008495329:
4202103160748170009331044:
4202103160748270009324614:
4202103160748300008690224:
4202103160748500009339254:
4202103160749020009236868:
4202103160749050008504275:
4202103160749100006021988:
4202103160749160006027345:
4202103160749190009346055:
4202103160749240009349985:
4202103160749340001087543:
4202103160749500009354396:
4202103160749520008503532:
4202103160750040009348729:
4202103160750130009321697:
4202103160750150002854367:
4202103160750300008677903:
4202103160750530004025142:
4202103160750550009283252:
4202103160750580009324605:
4202103160751000006013135:
4202103160751020009279494:
4202103160751050006033000:
4202103160751060008689944:
4202103160751080009236820:
4202103160751100008713107:
4202103160751120008493340:
4202103160751160009340470:
4202103160751200009341511:
4202103160751220009312090:
4202103160751230009346181:
4202103160751280009339225:
4202103160751290000424167:
4202103160751320008512375:
4202103160751340009335560:
4202103160751360009339817:
4202103160751450006036504:
4202103160751470006028960:
4202103160751540006013135:
4202103160752160003116965:
4202103160752210008715839:
4202103160752331513653075:
4202103160752500009346345:
4202103160753050009327564:
4202103160753070006016276:
4202103160753090008497935:
4202103160753130006018006:
4202103160753161513631101:
4202103160753180008512783:
4202103160753200008429607:
4202103160753230000424146:
4202103160753260009339837:
4202103160753300009354349:
4202103160753320008517323:
4202103160753350009277510:
4202103160753370008713215:
4202103160753390000439540:
4202103160753410007409909:
4202103160753440009327613:
4202103160753460008499706:
4202103160753480006013128:
4202103160753520009326617:
4202103160753540008695597:
4202103160753560004163548:
4202103160753580008699709:
4202103160754000009342142:
4202103160754020008698455:
4202103160754040009352016:
4202103160754060009326626:
4202103160754070009233697:
4202103160754090009313131:
4202103160754110006028799:
4202103160754120009324629:
4202103160754140009349972:
4202103160754160009326600:
4202103160754170009339195:
4202103160754190009311280:
4202103160754220009333812:
4202103160754230006020220:
4202103160754250008697764:
4202103160754270008712381:
4202103160754300008692544:
4202103160754330008495161:
4202103160754420007395601:
4202103160754450009351830:
4202103160754470000424545:
4202103160754510001088074:
4202103160754530009324118:
4202103160754550009322654:
4202103160754570009287411:
4202103160754590009354391:
4202103160755020009246199:
4202103160755040008495972:
4202103160755050003137967:
4202103160755070009343592:
4202103160755100008697063:
4202103160755110008512397:
4202103160755130009348603:
4202103160755150009246202:
4202103160755170006024107:
4202103160755190009335491:
4202103160755220009321481:
4202103160755240009342984:
4202103160755250008689537:
4202103160755320009342954:
4202103160755360009243147:
4202103160755380009331842:
4202103160755400008693892:
4202103160755410009339802:
4202103160755430004045200:
4202103160755450008679096:
4202103160755470006039974:
4202103160755490009281928:
4202103160755510009342034:
4202103160755530008680280:
4202103160755550009343149:
4202103160755570009273013:
4202103160755590009340812:
4202103160756000007395593:
4202103160756020008696164:
4202103160756050009327620:
4202103160756090007404978:
4202103160756100009280051:
4202103160756120009352010:
4202103160756140009346685:
4202103160756160009234486:
4202103160756180009346035:
4202103160756310008704360:
4202103160756340008681703:
4202103160756360008500889:
4202103160756370008511222:
4202103160756390009339780:
4202103160756400008695667:
4202103160756420000431385:
4202103160756450009225508:
4202103160756460008698315:
4202103160756480009354825:
4202103160756500009343430:
4202103160756520006036997:
4202103160756540008677569:
4202103160756560008683912:
4202103160756580008717694:
4202103160757020009342997:
4202103160757040008697841:
4202103160757060000442316:
4202103160757080009343174:
4202103160757100004169060:
4202103160757120009339821:
4202103160757140008690794:
4202103160757160009324085:
4202103160757180008504457:
4202103160757200003126356:
4202103160757220009337006:
4202103160757240009331048:
4202103160757260009324637:
4202103160757270008702008:
4202103160757290008688282:
4202103160757310009327615:
4202103160757320008678308:
4202103160757340009351964:
4202103160757360006039973:
4202103160757380009278607:
4202103160757420003137963:
4202103160757440009322614:
4202103160757480007402196:
4202103160757500009342978:
4202103160757510009322614:
4202103160757530008689564:
4202103160757550009346173:
4202103160757570003132773:
4202103160757590009308190:
4202103160758020006036994:
4202103160758100008712416:
4202103160758110009340816:
4202103160758140006015164:
4202103160758160009340816:
4202103160758190009340819:
4202103160758200006015460:
4202103160758220008501953:
4202103160758240008493749:
4202103160758260008704323:
4202103160758270009354802:
4202103160758301513632318:
4202103160758320008696238:
4202103160758350009351814:
4202103160758380006028451:
4202103160758410008711249:
4202103160758430008714702:
4202103160758440007401654:
4202103160758470008696388:
4202103160758500008689470:
4202103160759020009281799:
4202103160759050007421253:
4202103160759180008715106:
4202103160759200009346033:
4202103160759220008690234:
4202103160759300009339204:
4202103160759380009339144:
4202103160759580009342982:
4202103160800080008719239:
4202103160800110006019432:
4202103160800140009342035:
4202103160800260007400852:
4202103160800450001077430:
4202103160801020009305260:
4202103160801030006024859:
4202103160801200006014341:
4202103160801370008506912:
4202103160803550009273026:
4202103161658081513653075:
4202103161659250008705215:
4202103161659470009233695:
4202103161659560009234457:
4202103161700000007406670:
4202103161700030009273291:
4202103161700050009350096:
4202103161700070009233695:
4202103161701290008707911:
4202103161807020009340470:
4202103161859450008493092:
4202103161859470009346685:
4202103161859490004025142:
4202103161900010009342984:
4202103161900040009342035:
4202103161900050009346055:
4202103161900070009342035:
4202103161900080009342984:
4202103161900101513631101:
4202103161900270006020220:
4202103161900290009246202:
4202103161900310008511222:
4202103161900330008717694:
4202103161900350008689944:
4202103161900370006041875:
4202103161900400009351958:
4202103161900440006040155:
4202103161900530009283252:
4202103161900570009354391:
4202103161900590009338161:
4202103161901021513632318:
4202103161901040009348776:
4202103161901060008710875:
4202103161901210006039973:
4202103161901220008499706:
4202103161901240006013128:
4202103161901270001083930:
4202103161901330009337945:
4202103161901360009287411:
4202103161901430008494201:
4202103161901450009287411:
4202103161901460009339837:
4202103161901570008512397:
4202103161902000009234458:
4202103161902340009354349:
4202103161903060009333812:
4202103161905430003116965:
4202103161907080009327620:
4202103161909430009342997:
4202103161910290009346058:
4202103161910520009273026:
4202103161911040008719239:
4202103161913190009339144:
4202103161917050008501953:
4202103161917350006033000:
4202103161958300007404978:
4202103161958430009342953:
4202103161958490006024859:
4202103161958520009346173:
4202103161959260009342142:
4202103161959330009343174:
4202103161959350009346345:
4202103161959380009349985:
4202103161959420009346367:
4202103161959480009253719:
4202103161959510009289801:
4202103161959570009331048:
4202103162000010008698455:
4202103162000020009331048:
4202103162000040009340816:
4202103162000060007395593:
4202103162000160009340816:
4202103162000260009236868:
4202103162000290007395593:
4202103162000320009339915:
4202103162000340009340816:
4202103162004150008712416:
4202103162004300009339780:
4202103162004540006013135:
4202103162018110008692544:
4202103162200170001088074:
5202103160744440008698044:
5202103160745060009351317:
5202103160746190006019428:
5202103160746290009284775:
5202103160746590008500956:
5202103160747040006024747:
5202103160747090008681883:
5202103160747160004181482:
5202103160747320009234089:
5202103160747520009346353:
5202103160748090009236810:
5202103160748130009232651:
5202103160748470004165136:
5202103160748500006036505:
5202103160749100009314286:
5202103160750000000442293:
5202103160750020008497463:
5202103160750040008503723:
5202103160750070009303870:
5202103160750300009339794:
5202103160750510006040953:
5202103160750570009307295:
5202103160750590008506907:
5202103160751010009288638:
5202103160751040006040161:
5202103160751150009322682:
5202103160751280008512059:
5202103160751590009326432:
5202103160752020009314167:
5202103160752100003918604:
5202103160752140006022439:
5202103160752160008699606:
5202103160752180009287011:
5202103160752200008699606:
5202103160752230009253997:
5202103160752250008717926:
5202103160752270009337900:
5202103160752280009253995:
5202103160752410008678354:
5202103160752450008497657:
5202103160752490008692587:
5202103160752510009339828:
5202103160752570008496310:
5202103160753000008690941:
5202103160753040009283296:
5202103160753210009248259:
5202103160753250008515447:
5202103160753270003137970:
5202103160753290008515447:
5202103160753320001079288:
5202103160753380008494267:
5202103160753410006036993:
5202103160753440009340824:
5202103160753470008706494:
5202103160753500009342959:
5202103160753530007422376:
5202103160753550008696894:
5202103160753580003109818:
5202103160754000009321334:
5202103160754020008697836:
5202103160754040009349986:
5202103160754060009339795:
5202103160754080009351770:
5202103160754110007414046:
5202103160754210008709369:
5202103160754240007421252:
5202103160754280006033001:
5202103160754300008709954:
5202103160754320009339219:
5202103160754350008508587:
5202103160754370009276908:
5202103160754390009326618:
5202103160754430009346180:
5202103160754460008701083:
5202103160755050008497759:
5202103160755060008691017:
5202103160755090009225522:
5202103160755120008686064:
5202103160755140009343509:
5202103160755160009351833:
5202103160755270009313676:
5202103160755350008702965:
5202103160755370008680743:
5202103160755400008701527:
5202103160755430006029990:
5202103160755450009225495:
5202103160755460008702320:
5202103160755480008500167:
5202103160755500009301551:
5202103160755520008683123:
5202103160755540008695140:
5202103160755570009326612:
5202103160756000009241934:
5202103160756040009346038:
5202103160756120008502364:
5202103160756170009226422:
5202103160756310008508326:
5202103160756340006039506:
5202103160756360009326622:
5202103160756380009246193:
5202103160756410009321362:
5202103160756550009346064:
5202103160756590000431412:
5202103160757060009339524:
5202103160757100001083110:
5202103160757140008713081:
5202103160757200009313530:
5202103160757280009321326:
5202103160757310003915458:
5202103160757390008499206:
5202103160757410008494333:
5202103160757440009230785:
5202103160757490008508546:
5202103160757510003126380:
5202103160757560003126145:
5202103160757580009283515:
5202103160758000002851465:
5202103160758050007402482:
5202103160758130008694944:
5202103160758230009297574:
5202103160758280008707832:
5202103160758330009286624:
5202103160758400009342035:
5202103160758560008491998:
5202103160759000008678770:
5202103160759030009340499:
5202103160759080008695756:
5202103160759121513646659:
5202103160759140009273437:
5202103160759160006039671:
5202103160759370006027553:
5202103160759400008509894:
5202103160759420008709393:
5202103160759430007407764:
5202103160759450006031525:
5202103160759460008493677:
5202103160759480009226392:
5202103160759500006024735:
5202103160759520008498988:
5202103160759540009340483:
5202103160759550007396360:
5202103160759570000439539:
5202103160800020008494964:
5202103160800110008506632:
5202103160800280008439606:
5202103160800310009340483:
5202103160800350006027540:
5202103160800380009225494:
5202103160800400008424093:
5202103160800420008677300:
5202103160800450009303525:
5202103160800490009324604:
5202103160801060008698795:
5202103160801370009325528:
5202103160801410008426247:
5202103160802150001100446:
5202103160802310008510378:
5202103160802380008688767:
5202103160803250008693150:
5202103160803410009324119:
5202103160806340007410385:
5202103160807270008426248:
5202103160809270007396553:
5202103160812270009346063:
5202103160817360009321319:
5202103160844360009325536:
5202103161543370008692117:
5202103161703280009225522:
5202103161714580007396360:
5202103161715040009288638:
5202103161715080009314167:
5202103161715100008709369:
5202103161715200000431412:
5202103161715280009283296:
5202103161715310009340499:
5202103161715330008692587:
5202103161715350008695140:
5202103161715400009314286:
5202103161715430008678354:
5202103161715500008701527:
5202103161715520006033001:
5202103161715560008702965:
5202103161716050009284775:
5202103161716060008681883:
5202103161716090009284775:
5202103161716200008509894:
5202103161716520006040161:
5202103161716580009281753:
5202103161717280006019428:
5202103161717470008515447:
5202103161717500009287011:
5202103161717550008503723:
5202103161720470009303870:
5202103161722460009281753:
5202103161724560008426247:
5202103161803000008508441:
5202103161851130009236810:
5202103161851180006029990:
5202103161851200009232651:
5202103161851280006029990:
5202103161851290009232651:
5202103161851370008713081:
5202103161856350009346064:
5202103161858400008506907:
5202103161900340008698044:
5202103161907200008506632:
5202103161908260007402482:
5202103161910240009226392:
5202103161910260008426247:
5202103161910290008426248:
5202103161911120006040953:
5202103161920060004181482:
5202103161952490001100446:
5202103161952510003918604:
5202103161952540009313530:
5202103161953000008439606:
5202103161953190008500956:
5202103162000040008508587:
5202103162001290008706494:
5202103162001380001083110:
5202103162001440009341005:
5202103162001470009351833:
5202103162001491513652619:
5202103162001511513645885:
5202103162002040008496310:
5202103162002310009340824:
5202103162003000008701083:
5202103162003160008694659:
5202103162003180008691017:
5202103162003560007421252:
5202103162004090009230785:
5202103162007590001077430:
5202103162010390009337900:
5202103162019220006027553:
5202103162020360009241934:
5202103162021450008500401:
5202103162021490006024735:
5202103162029310006027540:
5202103162031450008686064:
5202103162043020008519041:
5202103162100270009225495:
5202103162100440009313377:
5202103162100460008702320:
5202103162100490009339794:
5202103162100530008690529:
5202103162100580008512059:
5202103162128340006024747:
5202103162136060009253995:
5202103162145370008677300:
5202103162201430007407764:
5202103162202170008699606:
5202103162202190008690941:
5202103162202220008699606:
5202103162202270008690941:
5202103162203320006036993:
5202103162203350008494267:
5202103162203380008696894:
5202103162203550009230795:
5202103162203570008696894:
5202103162204170008508546:
5202103162207270009351770:
5202103162309130008500956:
5202103162332040008494333:
6202103160800400003892332:
6202103160800550006021955:
6202103160801350009343383:
6202103160801510003892332:
6202103160801570009247694:
6202103160802030009339818:
6202103160802200009343383:
6202103160802320007395592:
6202103160803300008707911:
6202103160803530006039995:
6202103160804320008517815:
6202103160800180008705215:
6202103160800340008500401:
6202103160800050009294520:
6202103160800080008503532:
6202103160800150008708003:
6202103160800260008683421:
6202103160800280006018006:
6202103160800420006036708:
6202103160800380006027344:
6202103160800540009272184:
6202103160800020009342998:
6202103160800170008709659:
6202103160800440008694707:
6202103160800490006016276:
6202103160800540008497935:
6202103160800000009281874:
6202103160800030009324879:
6202103160800060008685403:
6202103160800250008716625:
6202103160800430008717268:
6202103160800450008517323:
6202103160800470008684967:
6202103160800490009240520:
6202103160800540009234457:
6202103160800580006041088:
6202103160800010008698455:
6202103160800030006041875:
6202103160800080000439540:
6202103160800110008443266:
6202103160800130009337945:
6202103160800150004163548:
6202103160800240000439530:
6202103160800260009337945:
6202103160800330009339792:
6202103160800450009343384:
6202103160800470007406670:
6202103160800490009233695:
6202103160800500008494427:
6202103160800520008711892:
6202103160800540001077425:
6202103160800570008702658:
6202103160800590008699485:
6202103160800010008699143:
6202103160800040009326609:
6202103160800060006036996:
6202103160800090006040360:
6202103160801120009348376:
6202103160801150008509407:
6202103160801170009336959:
6202103160801190009226959:
6202103160801230003126147:
6202103160801270009326438:
6202103160801290006019317:
6202103160801310003892332:
6202103160801360009296138:
6202103160801390008689537:
6202103160801410003137967:
6202103160801430008680648:
6202103160801450008510337:
6202103160801570008707174:
6202103160802000009324574:
6202103160802030001083945:
6202103160802050009343149:
6202103160802110009225488:
6202103160802140008714113:
6202103160802180008512035:
6202103160802200006024122:
6202103160802210009226817:
6202103160802230009273013:
6202103160802250007395593:
6202103160802260009340812:
6202103160802490009352010:
6202103160802510009341013:
6202103160802560007402471:
6202103160802590009234486:
6202103160803040008698315:
6202103160803130009330829:
6202103160803220008679943:
6202103160803271513631233:
6202103160803280009342981:
6202103160803330009354582:
6202103160803350009340450:
6202103160803370009286616:
6202103160803390008699273:
6202103160803410009342940:
6202103160803430009337006:
6202103160803480008498240:
6202103160803500008690794:
6202103160803530008686117:
6202103160803540009324637:
6202103160803570009327615:
6202103160803590008688282:
6202103160804030008702008:
6202103160804080008699992:
6202103160804100009339915:
6202103160804120001096293:
6202103160804130006026834:
6202103160804150009234484:
6202103160804170009322614:
6202103160804190008494201:
6202103160804200000424007:
6202103160804230008686301:
6202103160804250008689564:
6202103160804260009289323:
6202103160804270003132773:
6202103160804300009348748:
6202103160804330009346020:
6202103160804360008689254:
6202103160804380008703345:
6202103160804440008714702:
6202103160800010006028451:
6202103160800070008692560:
6202103160800080009322590:
6202103160800110008711249:
6202103160800130007401654:
6202103160800190008491901:
6202103160800240008696388:
6202103160800260009354460:
6202103160800270008689470:
6202103160800310009254212:
6202103160800330009346058:
6202103160800360009230749:
6202103160800390007419418:
6202103160800450009281799:
6202103160800490008715106:
6202103160800510009346033:
6202103160800570008690234:
6202103160800040009324138:
6202103160800070006022003:
6202103160800090009343593:
6202103160800150009346327:
6202103160800260008519041:
6202103160800230008493028:
6202103160859110009290471:
6202103161659420009343384:
6202103161700050009325528:
6202103161700130008677569:
6202103161700220009283895:
6202103161700280009342982:
6202103161700310009326650:
6202103161700350009272184:
6202103161700460009325528:
6202103161700490009272184:
6202103161702260009324629:
6202103161702300008716625:
6202103161702360009330829:
6202103161703080008491901:
6202103161703270009281799:
6202103161705060000424146:
6202103161854020008493028:
6202103161859460008689537:
6202103161859480008699143:
6202103161900220008713215:
6202103161900240009343383:
6202103161900280008699143:
6202103161900310008493340:
6202103161900330009343383:
6202103161900410008680648:
6202103161900430009232350:
6202103161900490009331842:
6202103161900510009232350:
6202103161900530009327615:
6202103161900550009354460:
6202103161900560008696164:
6202103161900580009354802:
6202103161901020008711892:
6202103161901030008704323:
6202103161901060009352016:
6202103161901090009326626:
6202103161901090009342998:
6202103161901120009280051:
6202103161901150009243147:
6202103161901170008689470:
6202103161901190009337006:
6202103161901510000424007:
6202103161902130008715106:
6202103161902350008688253:
6202103161902560001083945:
6202103161902590009286616:
6202103161903030008695597:
6202103161903040008692560:
6202103161903060009254212:
6202103161903070006036996:
6202103161903090008696238:
6202103161903100006036708:
6202103161903110008498240:
6202103161903150006040360:
6202103161903160008517815:
6202103161903330009275948:
6202103161904140009233737:
6202103161904170007402522:
6202103161904180008492121:
6202103161904250009311591:
6202103161904270009226959:
6202103161904370009311591:
6202103161904440009326617:
6202103161904570003892332:
6202103161905010008683421:
6202103161905030006018006:
6202103161906330009254169:
6202103161908330009226817:
6202103161912300007401131:
6202103161930050009351758:
6202103161933490008510378:
6202103161959230008690794:
6202103161959250008509407:
6202103161959270009226946:
6202103161959280006027344:
6202103161959310008689564:
6202103161959330009240533:
6202103161959340003137963:
6202103161959360009326609:
6202103161959390006014993:
6202103161959410009294520:
6202103161959430008443266:
6202103161959450006036994:
6202103161959470007421209:
6202103161959510008688767:
6202103161959530007421209:
6202103161959540009273013:
6202103161959570006026834:
6202103161959590006039995:
6202103162000020008711249:
6202103162000040008512035:
6202103162000060008429607:
6202103162000080006024122:
6202103162000100008689254:
6202103162000190006010458:
6202103162000230008694707:
6202103162000290008699485:
6202103162000470009247694:
6202103162000500008702008:
6202103162002250008502364:
6202103162003080009354582:
6202103162003130009296138:
6202103162003210009230785:
6202103162003240008494656:
6202103162004030008503532:
6202103162004050008495329:
6202103162004100003137754:
6202103162005030009354825:
6202103162013090009234484:
6202103162018170008708003:
6202103162021480008698315:
6202103162038020006036876:
6202103162038050009305197:
6202103162041110007421210:
6202103162047390008496471:
6202103162047560009346063:
6202103162104220006019317:
6202103162128160006036321:
6202103162128580009349952:
6202103162130070008518877:
6202103162159200008515578:
6202103162200220008493895:
6202103162200320008698795:
6202103162200340008426949:
6202103162200370008506912:
6202103162200390009324605:
6202103162200420006041088:
6202103162202540009343364:
6202103162203270001077425:
6202103162203320006032920:
6202103162215460009323007:
8202103160744250003934713:
8202103160744270009346364:
8202103160744290008692290:
8202103160744310003132772:
8202103160744380009339834:
8202103160744400008511681:
8202103160744420009307386:
8202103160744440006021964:
8202103160744471513631613:
8202103160744500009272601:
8202103160744540002851485:
8202103160745060009346340:
8202103160745310009324076:
8202103160745330009341788:
8202103160745390009348776:
8202103160745430009339277:
8202103160746060008500626:
8202103160746420009232376:
8202103160746590009351958:
8202103160747410009340817:
8202103160748400008698121:
8202103160748540009234249:
8202103160748550006037029:
8202103160749180009350096:
8202103160749300009282830:
8202103160750140003137945:
8202103160750200009339930:
8202103160750240009327458:
8202103160750300009330815:
8202103160750320009342953:
8202103160750550009348729:
8202103160751070009342953:
8202103160751100009250787:
8202103160751250008708560:
8202103160751420006033000:
8202103160752110009321697:
8202103160752530009283252:
8202103160753290007406683:
8202103160753370009289801:
8202103160753460009298206:
8202103160753510003137991:
8202103160753580009325498:
8202103160754330006028799:
8202103160754410009324572:
8202103160755040007395601:
8202103160755110009326658:
8202103160755590008429633:
8202103160756020009225488:
8202103160756180009340812:
8202103160756400009346685:
8202103160757050008695667:
8202103160757080000431385:
8202103160757130008698315:
8202103160757150008426949:
8202103160757180006036997:
8202103160757190008717694:
8202103160757290000442316:
8202103160757340008690794:
8202103160757470009341742:
8202103160757530008699992:
8202103160757570009327615:
8202103160758170008495556:
8202103160758380006015460:
8202103160758400006015164:
8202103160758450009308083:
8202103160758460009322590:
8202103160759220008677438:
8202103160759370009326648:
8202103160800290008719239:
8202103161658330007406670:
8202103161658570008693920:
8202103161659030009340817:
8202103161659220009234457:
8202103161700000008709659:
8202103161700260006021988:
8202103161700370008681212:
8202103161701040008707911:
8202103161702270006039506:
8202103161705070008683912:
8202103161716240009311280:
8202103161759110009312090:
8202103161800530008512783:
8202103161806280009340470:
8202103161809450004045200:
8202103161859090004169060:
8202103161859140008507544:
8202103161859160009312090:
8202103161859180004025142:
8202103161859230009346685:
8202103161859330008678308:
8202103161859340008504457:
8202103161859370009272601:
8202103161859430008501288:
8202103161859440008717694:
8202103161859560003137755:
8202103161900000006041875:
8202103161900010008717694:
8202103161900040008689944:
8202103161900060008713107:
8202103161900130009342978:
8202103161900150009327613:
8202103161900160009340450:
8202103161900180006040155:
8202103161900190009343430:
8202103161900210009354344:
8202103161900230009342962:
8202103161900250008699709:
8202103161900260009283252:
8202103161900290009354391:
8202103161900310008690224:
8202103161900330009321481:
8202103161900350008710875:
8202103161900380009348776:
8202103161900430008680442:
8202103161900560006039973:
8202103161901000006013128:
8202103161901020009234486:
8202103161901060009246199:
8202103161901080009326648:
8202103161901100007402196:
8202103161901120009326648:
8202103161901140008684967:
8202103161901170009305260:
8202103161901190008494201:
8202103161901230008685403:
8202103161901250009346020:
8202103161901260000442316:
8202103161901310008512397:
8202103161901390008699273:
8202103161901440008495161:
8202103161901550009324614:
8202103161901580008495556:
8202103161902050006014341:
8202103161902240007421253:
8202103161902340009313131:
8202103161902360004163548:
8202103161902400009327564:
8202103161902430002854367:
8202103161902440009339821:
8202103161902461513631613:
8202103161902500009282830:
8202103161903070009326658:
8202103161903100009324572:
8202103161903210009232376:
8202103161903250008677259:
8202103161903270009339930:
8202103161903290006028451:
8202103161903350009326617:
8202103161903400000431385:
8202103161903560006028799:
8202103161903580009339277:
8202103161904060003126356:
8202103161904080009339277:
8202103161904360008697841:
8202103161904410009339195:
8202103161905090009339204:
8202103161905320008493749:
8202103161905350009349972:
8202103161905470009326600:
8202103161906260009346181:
8202103161906380009327620:
8202103161907060003137991:
8202103161907080008688939:
8202103161907520009289323:
8202103161908240006028960:
8202103161908270006036504:
8202103161908470009298206:
8202103161908530009232352:
8202103161908540009250787:
8202103161908590009346340:
8202103161909050003132772:
8202103161909090008511681:
8202103161909160006027345:
8202103161909200009225500:
8202103161909220009351814:
8202103161909310009230749:
8202103161909420009281928:
8202103161909450006037029:
8202103161909500008679096:
8202103161909520006039974:
8202103161910070003126380:
8202103161910130006021964:
8202103161910290009308083:
8202103161910350009341511:
8202103161910450008719239:
8202103161910540003934713:
8202103161911120007400852:
8202103161911150007411321:
8202103161911450009279494:
8202103161911500009343592:
8202103161911530006015164:
8202103161911550009234249:
8202103161912090006015460:
8202103161912180009354581:
8202103161912310009339817:
8202103161912360009339144:
8202103161912440009340819:
8202103161917080006033000:
8202103161917130007409909:
8202103161924340008494427:
8202103161958010008515910:
8202103161958050009324118:
8202103161958070009341788:
8202103161958110009324076:
8202103161958300009278607:
8202103161958360009348729:
8202103161958380009339834:
8202103161958400009348603:
8202103161959100008698455:
8202103161959160009234466:
8202103161959230008429633:
8202103161959250008504275:
8202103161959340009331048:
8202103161959390009340816:
8202103162000020009352010:
8202103162000050009327458:
8202103162000090003137945:
8202103162000110009325498:
8202103162000150008517323:
8202103162000170009277510:
8202103162000200006024107:
8202103162000250009225508:
8202103162000280008422680:
8202103162000450009354396:
8202103162000480008422680:
8202103162000510009346035:
8202103162000520009344572:
8202103162001000008493677:
8202103162001170009339818:
8202103162001400009346033:
8202103162002340008692290:
8202103162002540008710957:
8202103162003350003915458:
8202103162003470008712416:
8202103162004150002851485:
8202103162004170008512375:
8202103162004270006013135:
8202103162005510001077430:
8202103162008450000424167:
8202103162008540003126147:
8202103162008580009336990:
8202103162009020009343567:
8202103162010500009343593:
8202103162013570009322590:
8202103162014000008504234:
8202103162014390008677903:
8202103162015180009346364:
8202103162017010008702658:
8202103162017290009348376:
8202103162017310000424545:
8202103162017350009348376:
8202103162017430009331044:
8202103162017440009351830:
8202103162017500008695667:
8202103162019290008500626:
8202103162025050009342981:
8202103162025120009240515:
8202103162100470009307386:
8202103162101050009233697:
8202103162101140008697764:
8202103162102090006019432:
8202103162103050008708560:
8202103162103070007406683:
8202103162117210008698121:
