2202103150734100009343364:
2202103150739150009339812:
2202103150740010009234236:
2202103150741090009338814:
2202103150741470009322683:
2202103150743330009324831:
2202103150743590006029906:
2202103150744120006039969:
2202103150744170009343374:
2202103150744530009351317:
2202103150745030009346707:
2202103150745070009339839:
2202103150745200008504268:
2202103150745511513652619:
2202103150746290008692450:
2202103150746420000424165:
2202103150746440009351305:
2202103150747060009254229:
2202103150747240009230781:
2202103150747320008718216:
2202103150747340009346170:
2202103150747360008704200:
2202103150747550009283499:
2202103150747580009352009:
2202103150748590008517932:
2202103150749060009354401:
2202103150749230008717044:
2202103150749250008683123:
2202103150749260008690529:
2202103150749410006022855:
2202103150749440009291266:
2202103150749460009281814:
2202103150749480009351998:
2202103150750020009339797:
2202103150750260009349986:
2202103150751110009351308:
2202103150751230009339273:
2202103150751290009326645:
2202103150751310009339824:
2202103150751330003137987:
2202103150751420009225506:
2202103150751490009234480:
2202103150751520009336988:
2202103150751551513645885:
2202103150751570009354001:
2202103150751590009348762:
2202103150752010009354576:
2202103150752070007411321:
2202103150752100003920040:
2202103150752130009312114:
2202103150752180009234467:
2202103150752200009326435:
2202103150752230008698279:
2202103150752250008494656:
2202103150752460009225523:
2202103150753050009312090:
2202103150753060009344572:
2202103150753080009234487:
2202103150753230009225507:
2202103150753320009343151:
2202103150753430008694659:
2202103150753500009342996:
2202103150754060009351768:
2202103150754080009226965:
2202103150754320009339795:
2202103150754340009321334:
2202103150754500003126381:
2202103150754520007407739:
2202103150754540009345998:
2202103150754560008706878:
2202103150754580009330833:
2202103150754590009230780:
2202103150755100008491998:
2202103150755130008510090:
2202103150755170009225481:
2202103150755200009347747:
2202103150755340009339524:
2202103150755360009250799:
2202103150755380008717926:
2202103150755400009323985:
2202103150755410009236809:
2202103150755430006019316:
2202103150756040008495037:
2202103150756360009346362:
2202103150756370008496581:
2202103150756400008493366:
2202103150756460008702965:
2202103150756490009296138:
2202103150756510009297056:
2202103150756530007402523:
2202103150757290009321395:
2202103150757310006021871:
2202103150757330007402194:
2202103150757350006037288:
2202103150757400007410282:
2202103150757570009225522:
2202103150758050006010458:
2202103150758100009351770:
2202103150758130008509894:
2202103150758160003918796:
2202103150758180009342035:
2202103150758340009347607:
2202103150758371513637915:
2202103150758420009341030:
2202103150758510009346290:
2202103150759071513649006:
2202103150759110009339803:
2202103150759130008499206:
2202103150759150009346708:
2202103150759330009343567:
2202103150759350009336990:
2202103150759390009327416:
2202103150759550009321818:
2202103150801000009324119:
2202103150801140006014993:
2202103150803180007410385:
2202103150804090009234247:
2202103151702330008494656:
2202103151806070009351823:
2202103151808040009327416:
2202103151816340000424165:
2202103151838360006022855:
2202103151843250009325536:
2202103151859520006040360:
2202103151859550008696238:
2202103151900380009321818:
2202103151901500009307295:
2202103151901520009326618:
2202103151902000008680743:
2202103151905120008694944:
2202103151905250006039969:
2202103151905400009321362:
2202103151906020009324604:
2202103151907170009301551:
2202103151907190008692587:
2202103151908250008497657:
2202103151909190008509894:
2202103151909210009339828:
2202103151910060009340483:
2202103151915460009248259:
2202103152000110008515447:
2202103152000160008702965:
2202103152001150006010458:
2202103152001200009351768:
2202103152003290008510090:
2202103152004320007407764:
2202103152004430009279728:
2202103152007070009281814:
2202103152105050006029906:
2202103152122250009351801:
2202103152135590008677300:
2202103152159350009325528:
2202103152200010003117204:
2202103152200370009339795:
2202103152200400008517932:
2202103152200440001083110:
2202103152200470009297574:
2202103152200490009336988:
2202103152200520009225523:
2202103152200540009225522:
2202103152200560009322683:
2202103152200580009330833:
2202103152200590009230781:
2202103152201010009226965:
2202103152201030009347747:
2202103152201050009346180:
2202103152201070009346170:
2202103152201090009326435:
2202103152201100008706878:
2202103152201150008717044:
2202103152201180009250799:
2202103152201200007407739:
2202103152201220009352009:
2202103152201230009226422:
2202103152201251513645885:
2202103152201270009338814:
2202103152201290009324831:
2202103152201310009236809:
2202103152201331513637915:
2202103152201350009339839:
2202103152201370003126145:
2202103152201390009351317:
2202103152201410009339839:
2202103152201421513652619:
2202103152201460008692450:
2202103152201480009323985:
2202103152201510009348762:
2202103152201530009312114:
2202103152201540009291266:
2202103152201590008702320:
2202103152202010009346290:
2202103152202020009351308:
2202103152202050009339273:
2202103152202070009339794:
2202103152202090008696894:
2202103152202110009354001:
2202103152202130008690529:
2202103152202150007421212:
2202103152202170008682585:
2202103152202190009326612:
2202103152202210009346353:
2202103152202230009345998:
2202103152202300009326622:
2202103152202350008494267:
2202103152202390003126381:
2202103152202410008692742:
2202103152202440009313377:
2202103152202540009342959:
2202103152202570009342183:
2202103152203040000439539:
2202103152203060009283499:
2202103152203220009254229:
2202103152203290006036993:
2202103152203380008709393:
2202103152204010007410282:
2202103152204040009297056:
2202103152205370008497463:
2202103152205400008495037:
2202103152205420008508219:
2202103152205460007422376:
2202103152205480008694659:
2202103152205521513649006:
2202103152206010007421252:
2202103152206030009234467:
2202103152206100009354576:
2202103152206130006031525:
2202103152206150006019316:
2202103152206170009230780:
2202103152206180008497759:
2202103152206220009346708:
2202103152206240009234487:
2202103152206280008493366:
2202103152206330009234480:
2202103152206350009347607:
2202103152206370009225507:
2202103152206390009349986:
2202103152206410008504268:
2202103152206430009321326:
2202103152206460009230795:
2202103152206500003918796:
2202103152206520009339797:
2202103152206550009341030:
2202103152206560009321395:
2202103152206590009342996:
2202103152207000009225506:
2202103152207100007402194:
2202103152207130008691017:
2202103152207160006037288:
2202103152207190006021871:
2202103152207200009343151:
2202103152207220009343374:
2202103152207240009234236:
2202103152207310009343509:
2202103152207330003920040:
2202103152207360008704200:
2202103152207440008491998:
2202103152207580008698279:
2202103152208140009351998:
2202103152208200009225494:
2202103152208270009303525:
2202103152208310009342958:
2202103152208460009354401:
2202103152208490008496581:
2202103152208560009339524:
2202103152208590009346362:
2202103152209210009234247:
2202103152209270009324119:
2202103152209290008497260:
2202103152209410009326645:
2202103152211240003137987:
2202103152211270000442293:
2202103152211300009339803:
2202103152212080007410385:
2202103152212100009351770:
2202103152212240009351305:
2202103152212280009339219:
2202103152212300003109818:
3202103150724080009275080:
3202103150724120009351801:
3202103150733130008677438:
3202103150737480009304051:
3202103150740150009339211:
3202103150741470009354344:
3202103150742120008503824:
3202103150744110008683630:
3202103150744290006029906:
3202103150746500003137972:
3202103150747260009351758:
3202103150748100008681212:
3202103150748160001077425:
3202103150748240008681103:
3202103150748580009346352:
3202103150749050006036876:
3202103150749060009305197:
3202103150749090008518877:
3202103150749370009349952:
3202103150749410008710216:
3202103150750180008500142:
3202103150750270009348542:
3202103150751090009300618:
3202103150751260008681357:
3202103150751280009253719:
3202103150751290000442287:
3202103150751320009340813:
3202103150751350009283895:
3202103150751490009324629:
3202103150751540009324879:
3202103150751560009232350:
3202103150751580008494924:
3202103150752010008680442:
3202103150752030008691341:
3202103150752120009321707:
3202103150752150008517496:
3202103150752200008693892:
3202103150752360008715661:
3202103150752400008713928:
3202103150752460008716113:
3202103150752560008686301:
3202103150753020008493340:
3202103150753210008714702:
3202103150753230000431411:
3202103150753270009326609:
3202103150753320006028799:
3202103150753340009233695:
3202103150753400008711249:
3202103150753440009278449:
3202103150753490008681703:
3202103150753520009278449:
3202103150754030007401131:
3202103150754060009241075:
3202103150754090008688253:
3202103150754110009323007:
3202103150754140009326604:
3202103150754180009340812:
3202103150754210008717268:
3202103150754230009342954:
3202103150754260009232375:
3202103150754320006021991:
3202103150754340009331842:
3202103150754380008492065:
3202103150754400003126383:
3202103150754430009343149:
3202103150754540008698286:
3202103150754580006029910:
3202103150755010008707911:
3202103150755030009287411:
3202103150755060009339802:
3202103150755090009309829:
3202103150755120009342962:
3202103150755180003132773:
3202103150755240008692811:
3202103150755270009324068:
3202103150755360009353030:
3202103150755400008689470:
3202103150755490009327615:
3202103150755520009303427:
3202103150755580009322701:
3202103150756010008690203:
3202103150756170008504041:
3202103150756190008699992:
3202103150756250009324085:
3202103150756300008692032:
3202103150756430008713719:
3202103150756510008690794:
3202103150756590009351964:
3202103150757080008703345:
3202103150757110008704360:
3202103150757130001096293:
3202103150757150008680280:
3202103150757180009337006:
3202103150757200008699830:
3202103150757250008699273:
3202103150757340008680648:
3202103150757360008689564:
3202103150757380008509836:
3202103150757430009251764:
3202103150757480009354825:
3202103150757570003137754:
3202103150758000009324138:
3202103150758020006022003:
3202103150758070009281799:
3202103150758140009321321:
3202103150758180008699143:
3202103150758230009280726:
3202103150758290008698315:
3202103150758320007419418:
3202103150758390003137964:
3202103150758450009324606:
3202103150758490007407764:
3202103150758520006010458:
3202103150758540009348748:
3202103150758590008702698:
3202103150759020009325511:
3202103150759060006032999:
3202103150759080008701103:
3202103150759100008500889:
3202103150759200009339144:
3202103150759240006032920:
3202103150759300009346033:
3202103150759380009322614:
3202103150759400006036997:
3202103150800030008712134:
3202103150800230008494964:
3202103150802370004179142:
3202103150804120009346344:
3202103150805080008506597:
3202103150813300008500916:
3202103151703240006028799:
3202103151703390009232375:
3202103151703410009233695:
3202103151710500008693920:
3202103151711430008501288:
3202103151714250009275080:
3202103151800430009283895:
3202103151812090009339211:
3202103151859470007401131:
3202103151900240009351964:
3202103151900260008691341:
3202103151900280003137972:
3202103151900290009232350:
3202103151900340008699992:
3202103151900360008507544:
3202103151900380008712134:
3202103151900400008709374:
3202103151900430009336959:
3202103151900440008711892:
3202103151900470008717268:
3202103151900490008493340:
3202103151900510009309829:
3202103151900530009324068:
3202103151900550009348748:
3202103151900580008704360:
3202103151900590009354460:
3202103151901010003132773:
3202103151901030009354460:
3202103151901080008714113:
3202103151901110009324879:
3202103151901130008517496:
3202103151901150008500889:
3202103151901180009327615:
3202103151901220008690234:
3202103151901250009340450:
3202103151901410008713928:
3202103151901440009243147:
3202103151901450009326609:
3202103151901500008699143:
3202103151901550008692032:
3202103151902220008711445:
3202103151902240008681103:
3202103151902260008690203:
3202103151902300009321707:
3202103151902340009337006:
3202103151902370008686301:
3202103151902390006032999:
3202103151902410008702698:
3202103151902430009278449:
3202103151903170008689470:
3202103151903560009324606:
3202103151904130000439530:
3202103151904170008506597:
3202103151904470003126383:
3202103151907300008679943:
3202103151907570009342954:
3202103151909550009339802:
3202103151910110008713719:
3202103151911110008506632:
3202103151911290003137967:
3202103151915230009248259:
3202103151917170009296138:
3202103151926330008494964:
3202103151937570009346063:
3202103152000020008701103:
3202103152000050009340813:
3202103152000070008693150:
3202103152000090008703693:
3202103152000110008500142:
3202103152000130009343149:
3202103152000140008690794:
3202103152000170008692811:
3202103152000190008689254:
3202103152000210008714702:
3202103152000240003137964:
3202103152000260009325535:
3202103152000280008703345:
3202103152000310009326604:
3202103152000330009300618:
3202103152000350009322614:
3202103152000370009340812:
3202103152000390009322701:
3202103152000410008697063:
3202103152000430008683630:
3202103152000440008703345:
3202103152000460009353030:
3202103152000470009326647:
3202103152000490006022003:
3202103152000530008492065:
3202103152000550007401654:
3202103152000570008689564:
3202103152000580009346344:
3202103152001020008681703:
3202103152001070006021991:
3202103152001090008681357:
3202103152001220008718055:
3202103152001250000431411:
3202103152001270008688767:
3202103152001310006029910:
3202103152001350007419418:
3202103152001390008680900:
3202103152001410009324138:
3202103152001440009323999:
3202103152001460009324574:
3202103152001500008699273:
3202103152001540009322654:
3202103152001570009346020:
3202103152002140009287411:
3202103152002190009321321:
3202103152002220009323007:
3202103152002240008680648:
3202103152002550008509836:
3202103152003210009325511:
3202103152003250003137754:
3202103152003320008711152:
3202103152003400001096293:
3202103152005020008494924:
3202103152005060009251764:
3202103152005100008688253:
3202103152007280009348542:
3202103152012430009305197:
3202103152012460006036876:
3202103152012480008518877:
3202103152012510008699830:
3202103152018460009274107:
3202103152018540009326438:
3202103152019560009354625:
3202103152021430006021955:
3202103152024400008680280:
3202103152036410008498988:
3202103152057310008677773:
3202103152059230009346352:
3202103152101240008503824:
3202103152101290009299255:
3202103152104180008710326:
3202103152104300006029906:
3202103152104430008698315:
3202103152104500008677903:
3202103152109410008496471:
3202103152111480008715661:
3202103152158520008509157:
3202103152158550009341013:
3202103152158580008509157:
3202103152159020009354581:
3202103152159050009342034:
3202103152159080009339225:
3202103152159130003126147:
3202103152159160009336990:
3202103152203170007421210:
4202103150131420009241075:
4202103150740000006018006:
4202103150745210009338161:
4202103150746050009234458:
4202103150746130008709374:
4202103150746240008677903:
4202103150747150009324614:
4202103150747260009273291:
4202103150747310009272601:
4202103150747330006040155:
4202103150747361513653075:
4202103150747450008501288:
4202103150747470003137755:
4202103150748020009339225:
4202103150748030008717694:
4202103150748060008705215:
4202103150748120009326647:
4202103150748300009236868:
4202103150748320009354396:
4202103150748530006033000:
4202103150748580008690224:
4202103150749100009349985:
4202103150749120008504275:
4202103150749190000424167:
4202103150749360008713107:
4202103150749390008689944:
4202103150749480009346367:
4202103150749560008512375:
4202103150750000009348776:
4202103150750240008509157:
4202103150750300001087543:
4202103150750400008687514:
4202103150750440002854367:
4202103150751000003116965:
4202103150751290008426949:
4202103150751300004163548:
4202103150751340000424146:
4202103150751400008719239:
4202103150752000009346055:
4202103150752030009313131:
4202103150752150008517323:
4202103150752170009277510:
4202103150752200009236820:
4202103150752230009354581:
4202103150752250008694707:
4202103150752270009341511:
4202103150752400003126147:
4202103150752420009346181:
4202103150752440008710875:
4202103150752460009340470:
4202103150752500006041875:
4202103150752510009333812:
4202103150752530009324605:
4202103150752560009234466:
4202103150753010009331044:
4202103150753040000424545:
4202103150753100006024107:
4202103150753130006013135:
4202103150753160009234457:
4202103150753180008695597:
4202103150753300009339817:
4202103150753320009240520:
4202103150753351513631101:
4202103150753400008712416:
4202103150753570006013128:
4202103150753590008499706:
4202103150754080008429607:
4202103150754110009349972:
4202103150754130009326600:
4202103150754170000442316:
4202103150754200008511222:
4202103150754301513632318:
4202103150754320009279494:
4202103150754380009324118:
4202103150754430009233697:
4202103150754450008683912:
4202103150754530009342142:
4202103150754540008699709:
4202103150754580009348729:
4202103150755010009321481:
4202103150755050008715839:
4202103150755070006026834:
4202103150755100009327613:
4202103150755120008692544:
4202103150755140006027345:
4202103150755340008679096:
4202103150755360006039974:
4202103150755390008495161:
4202103150755440009326658:
4202103150755460009325498:
4202103150755500009354349:
4202103150755520009326617:
4202103150755540009339195:
4202103150755560009339821:
4202103150755590009225508:
4202103150756010008696164:
4202103150756030008698455:
4202103150756080008697764:
4202103150756200007409909:
4202103150756220008512783:
4202103150756230009351814:
4202103150756250009346685:
4202103150756270008710957:
4202103150756290009335491:
4202103150756310009346035:
4202103150756380008512397:
4202103150756440006036994:
4202103150756530009342978:
4202103150756580009342984:
4202103150757000008495556:
4202103150757030008493749:
4202103150757050006039973:
4202103150757070009278607:
4202103150757080008494201:
4202103150757110009234484:
4202103150757140004025142:
4202103150757170009341013:
4202103150757190007421253:
4202103150757210009348376:
4202103150757230009339780:
4202103150757250000431385:
4202103150757260008695667:
4202103150757290009343174:
4202103150757310004169060:
4202103150757320007404978:
4202103150757340006015164:
4202103150757360000439540:
4202103150757390009246202:
4202103150757410009305260:
4202103150757430009246199:
4202103150757450009346173:
4202103150757460006021988:
4202103150758000009352010:
4202103150758030009342982:
4202103150758060009340816:
4202103150758080006020220:
4202103150758110007400852:
4202103150758230008515910:
4202103150758250008501953:
4202103150758400008678308:
4202103150758420008704323:
4202103150758440009354802:
4202103150758500009289323:
4202103150758560009230749:
4202103150758580006019432:
4202103150759010009343430:
4202103150759030001088074:
4202103150759120009340819:
4202103150759150009342035:
4202103150759250009273026:
4202103150800580009346058:
4202103150801030006024859:
4202103150802210008507544:
4202103150803450007402196:
4202103150808020009341989:
4202103151659120009324629:
4202103151659140009324629:
4202103151701080009348776:
4202103151705280008689944:
4202103151705310009335491:
4202103151710010008493749:
4202103151711190009338161:
4202103151759360009346055:
4202103151800170008692544:
4202103151800450003116965:
4202103151806240007402196:
4202103151806271513632318:
4202103151806361513631101:
4202103151808120009272601:
4202103151858360009234457:
4202103151858390009326626:
4202103151858420009324118:
4202103151858460009236820:
4202103151859100008677569:
4202103151859220009313131:
4202103151859300008504457:
4202103151859520004163548:
4202103151859590009346685:
4202103151900020006024859:
4202103151900040003126380:
4202103151900060008499706:
4202103151900070009342035:
4202103151900090009230749:
4202103151900100009342035:
4202103151900120006015164:
4202103151900140009246202:
4202103151900150009339837:
4202103151900170009324614:
4202103151900190009351958:
4202103151900211513653075:
4202103151900220006040155:
4202103151900240008717694:
4202103151900250009342984:
4202103151900270009352010:
4202103151900290009321481:
4202103151900310009225508:
4202103151900330007421253:
4202103151900420009279494:
4202103151900480008694707:
4202103151900510008710875:
4202103151900550008495556:
4202103151901050009234458:
4202103151901390000442316:
4202103151901480009327458:
4202103151902160009273291:
4202103151902290009354349:
4202103151904160009346058:
4202103151904190009273026:
4202103151959080009339144:
4202103151959140004025142:
4202103151959160009340470:
4202103151959190009225500:
4202103151959220006015460:
4202103151959250000439540:
4202103152000000009343430:
4202103152000020009327613:
4202103152000040009246199:
4202103152000070008512397:
4202103152000200009240520:
4202103152000220009339821:
4202103152000240009326617:
4202103152000260006036994:
4202103152000310009236868:
4202103152000330009335560:
4202103152001060009342953:
4202103152001100007395601:
4202103152001240009346367:
4202103152001270008697764:
4202103152001340008719239:
4202103152001380009339780:
4202103152002210008698455:
4202103152002260006039506:
4202103152002280008707911:
4202103152002400009343593:
4202103152005560006013135:
4202103152014500006036997:
4202103152021290006033000:
4202103152100390008506912:
4202103152111510009349952:
5202103150726200006022439:
5202103150728000008677773:
5202103150731130008698044:
5202103150736470008500956:
5202103150736520009281753:
5202103150737060006021955:
5202103150737280008439606:
5202103150738390009234089:
5202103150741260009284775:
5202103150742520008681883:
5202103150743280004181482:
5202103150743330006029906:
5202103150743360002851465:
5202103150743460001079288:
5202103150746250009337900:
5202103150747470009307295:
5202103150748040009314286:
5202103150748440009253995:
5202103150748470008503532:
5202103150748480008495329:
5202103150749190008503723:
5202103150749490007398914:
5202103150749530008512059:
5202103150749560008497463:
5202103150750030009339794:
5202103150750120009288638:
5202103150750380009303870:
5202103150750550009351823:
5202103150751070009236810:
5202103150751150009232651:
5202103150751230004165136:
5202103150751260003918604:
5202103150751450008686064:
5202103150752020009346353:
5202103150752050009313377:
5202103150752070008494333:
5202103150752100008508219:
5202103150752240009313676:
5202103150752320008506907:
5202103150752360006040161:
5202103150752410007414046:
5202103150752430009283515:
5202103150752490009314167:
5202103150753000008678354:
5202103150753190008494267:
5202103150753230009241934:
5202103150753300008496310:
5202103150753490006019428:
5202103150753590006039506:
5202103150754010007421252:
5202103150754040009343592:
5202103150754070009230795:
5202103150754120006024747:
5202103150754140008709369:
5202103150754160009287011:
5202103150754190008680743:
5202103150754220008695140:
5202103150754260008682585:
5202103150754290006033001:
5202103150754330008701083:
5202103150754350006036505:
5202103150754370006036993:
5202103150754400008706494:
5202103150754440009340824:
5202103150754590008713081:
5202103150755070008497657:
5202103150755190008699606:
5202103150755220006040953:
5202103150755240008699606:
5202103150755320006024735:
5202103150755380000431412:
5202103150755420009321362:
5202103150755460006027553:
5202103150755490008690941:
5202103150755510008701527:
5202103150755560009342959:
5202103150756000009342958:
5202103150756040008709393:
5202103150756060006015164:
5202103150756080000439539:
5202103150756110008691017:
5202103150756130008497759:
5202103150756140008692587:
5202103150756160006039671:
5202103150756190008515447:
5202103150756200009339828:
5202103150756220009326618:
5202103150756240009339219:
5202103150756250009301551:
5202103150756270008506706:
5202103150756300009276908:
5202103150756320008508546:
5202103150756330008500167:
5202103150756350008508546:
5202103150756360008426247:
5202103150756390009283296:
5202103150756430009297574:
5202103150756470008697836:
5202103150756490009226422:
5202103150756520009343509:
5202103150756550009351833:
5202103150756570009341005:
5202103150757000009346180:
5202103150757020009346064:
5202103150757040003109818:
5202103150757070001100446:
5202103150757090009286624:
5202103150757111513646659:
5202103150757140007402482:
5202103150757170008702320:
5202103150757190009326622:
5202103150757210009253997:
5202103150757230008692742:
5202103150757270009225522:
5202103150757300009339792:
5202103150757330008493677:
5202103150757350007407764:
5202103150757370009343593:
5202103150757380009351770:
5202103150757400008509894:
5202103150757420003137970:
5202103150757440009279728:
5202103150757460006029990:
5202103150757490008710326:
5202103150757520008702965:
5202103150757540008696894:
5202103150757570009321326:
5202103150757580003915458:
5202103150758000008698795:
5202103150758010009247694:
5202103150758070008709061:
5202103150758110008678770:
5202103150758190009326612:
5202103150758270007396360:
5202103150758390008498988:
5202103150758440008499206:
5202103150758460009230785:
5202103150758490009346038:
5202103150758550008508587:
5202103150759130003126380:
5202103150759170009342183:
5202103150759190006027540:
5202103150759200009340499:
5202103150759240008424093:
5202103150759290006031525:
5202103150759340008707832:
5202103150759370008494964:
5202103150759410003126145:
5202103150759480008694944:
5202103150759510008690234:
5202103150759540009340483:
5202103150800000008695756:
5202103150800020008688767:
5202103150800070009273437:
5202103150800290009323999:
5202103150800300009324119:
5202103150800320007421212:
5202103150800340009323999:
5202103150800430006014993:
5202103150800460008519041:
5202103150800520009226392:
5202103150800540009346020:
5202103150800590009313530:
5202103150801040009225494:
5202103150801060000442293:
5202103150801070009346063:
5202103150801120008506632:
5202103150801360007422376:
5202103150801400009324604:
5202103150801560009246193:
5202103150802010008426248:
5202103150802030008508326:
5202103150802060008677300:
5202103150802080009321319:
5202103150802130008502364:
5202103150802170009303525:
5202103150804020008693150:
5202103150804290009226809:
5202103150807580009325536:
5202103150810170008510378:
5202103150852090007396553:
5202103151746000007398914:
5202103151807100009351823:
5202103151807210009304051:
5202103151820290009346064:
5202103151900100006040953:
5202103151900170009246204:
5202103151900530002851465:
5202103151902240008503723:
5202103151903470008694944:
5202103151905300009303870:
5202103151906040009288638:
5202103151906080008709369:
5202103151907020006033001:
5202103151907040006040161:
5202103151907060008678354:
5202103151907080008506907:
5202103151907100009284775:
5202103151907130008701527:
5202103151907150008695140:
5202103151907180009314167:
5202103151908330000431412:
5202103151908360008681883:
5202103151908370000431412:
5202103151908400009276908:
5202103151908440009314286:
5202103151908510006019428:
5202103151909470008509894:
5202103151910230007396360:
5202103151911010009281753:
5202103151911120008695756:
5202103151912270006029990:
5202103151915510003137970:
5202103151915590008500167:
5202103151916060008709061:
5202103151916200009346038:
5202103151917260009287011:
5202103151917430009283296:
5202103151917510009340499:
5202103151917590008508587:
5202103151919210008426247:
5202103151919400008713081:
5202103151920180008698044:
5202103151922010009236810:
5202103151922060009232651:
5202103151923170009286624:
5202103151925070009286624:
5202103151939000007402482:
5202103151939140008426248:
5202103151939210009234066:
5202103151941200008502364:
5202103151942000009226392:
5202103151942430008508326:
5202103151943160004181482:
5202103151959430006027540:
5202103151959470008424093:
5202103152000200001079288:
5202103152000231513646659:
5202103152000360006024747:
5202103152000450009343592:
5202103152000500009339144:
5202103152000530004165136:
5202103152000570008702965:
5202103152000580006032920:
5202103152001120008515447:
5202103152001270008500956:
5202103152001520009253995:
5202103152005360008512059:
5202103152008090006027553:
5202103152010020001100446:
5202103152022390009339824:
5202103152029540008519041:
5202103152035180008508441:
5202103152059300008508546:
5202103152100420001077425:
5202103152105360006029906:
5202103152123190009226809:
5202103152123220008716113:
5202103152123290009226809:
5202103152201120009225522:
5202103152201180001083110:
5202103152201210009341005:
5202103152201260009253997:
5202103152201280009322683:
5202103152201310009351833:
5202103152201330009225481:
5202103152201430009337900:
5202103152201460009225481:
5202103152201480009346180:
5202103152201500009230781:
5202103152201520008718216:
5202103152201550009283515:
5202103152201590007414046:
5202103152202010008706494:
5202103152202040009236809:
5202103152202070008717926:
5202103152202110009283515:
5202103152202130009339812:
5202103152202170009340824:
5202103152202191513652619:
5202103152202210009339839:
5202103152202251513652619:
5202103152202320008702320:
5202103152202350009339794:
5202103152202380009351308:
5202103152202440008696894:
5202103152203000008701083:
5202103152203100009230785:
5202103152203200008494333:
5202103152203270008707832:
5202103152203300008494333:
5202103152203340007402523:
5202103152203360008499206:
5202103152203400007402523:
5202103152203420008499206:
5202103152204150008690941:
5202103152205340009241934:
5202103152205420006039494:
5202103152206160008678770:
5202103152206380008496310:
5202103152207280008699606:
5202103152207300006039671:
5202103152207320008699606:
5202103152335430009313530:
5202103152335470003918604:
5202103152335490008439606:
6202103150728010009326438:
6202103150736380009246204:
6202103150738050006018006:
6202103150741060009234248:
6202103150741360008718055:
6202103150743510009343383:
6202103150746540009234066:
6202103150747050008508441:
6202103150747100008503532:
6202103150747120008495329:
6202103150747430008517815:
6202103150747450006039995:
6202103150747550008498240:
6202103150748190008711152:
6202103150748340008686117:
6202103150748370008518877:
6202103150750000008679943:
6202103150750050009352016:
6202103150750080009331048:
6202103150750170009325528:
6202103150750210009275948:
6202103150750370008708003:
6202103150750410008702658:
6202103150751200009342998:
6202103150751320009336959:
6202103150751340000439530:
6202103150751450008697156:
6202103150751490008711445:
6202103150751510009343384:
6202103150751530007406670:
6202103150751550009326650:
6202103150751570007422383:
6202103150751590008494427:
6202103150752110008692117:
6202103150752120006027344:
6202103150752150008685403:
6202103150752180008709659:
6202103150752230009339915:
6202103150752260009324637:
6202103150752280009339818:
6202103150752300009339930:
6202103150752330009326626:
6202103150752350008689537:
6202103150752370006036996:
6202103150752390003137967:
6202103150752400006024122:
6202103150752430008512035:
6202103150752450008493340:
6202103150752470009325535:
6202103150752500004045200:
6202103150752520008713215:
6202103150752550009326609:
6202103150752570006028799:
6202103150752590009233695:
6202103150753010009335560:
6202103150753060008716625:
6202103150753080009330829:
6202103150753110008712381:
6202103150753180008443266:
6202103150753220008681703:
6202103150753250006019317:
6202103150753410008495972:
6202103150753520008677569:
6202103150753570009281928:
6202103150754020000424007:
6202103150754030009331842:
6202103150754050008707174:
6202103150754070008693920:
6202103150754150009243147:
6202103150754180009354625:
6202103150754200009281874:
6202103150754230009337945:
6202103150754250008707911:
6202103150754270009354582:
6202103150754300009342940:
6202103150754320009272184:
6202103150754340001083945:
6202103150754360008680900:
6202103150754390006016276:
6202103150754400008497935:
6202103150755070008688282:
6202103150755100003126356:
6202103150755120003892332:
6202103150755160008702008:
6202103150755200009240515:
6202103150755220003137963:
6202103150755240009226817:
6202103150755270009342981:
6202103150755570009311280:
6202103150756030009234486:
6202103150756060009280051:
6202103150756090008504457:
6202103150756150009225488:
6202103150756170009324574:
6202103150756200007395593:
6202103150756220009273013:
6202103150756240008690794:
6202103150756260006028451:
6202103150756290009346327:
6202103150756320009322654:
6202103150756340009354460:
6202103150756370001096293:
6202103150756410009286616:
6202103150756430009226959:
6202103150756480008683421:
6202103150756520008689254:
6202103150756570008703693:
6202103150757140008509836:
6202103150757190008699143:
6202103150757240008711892:
6202103150757340009281799:
6202103150757360009321321:
6202103150757390009240533:
6202103150757440008692560:
6202103150757480009254212:
6202103150757500008491901:
6202103150757530008698315:
6202103150758240008714113:
6202103150758260008696388:
6202103150758280008696238:
6202103150758320009340450:
6202103150758330008715106:
6202103150758580009322614:
6202103150759020006036997:
6202103150759110008515578:
6202103150759480009322590:
6202103150759560008688939:
6202103150800050009299255:
6202103150800120006036708:
6202103150800330009233737:
6202103150800390007401654:
6202103150804140008509407:
6202103150804160006040360:
6202103150804230008493028:
6202103150812090006022420:
6202103150813451513631233:
6202103150905450009290471:
6202103151121590009275624:
6202103151659390008681212:
6202103151659430009326650:
6202103151700030009324629:
6202103151700400009343384:
6202103151701020000424146:
6202103151701060008685403:
6202103151701140008705215:
6202103151701260009234486:
6202103151701350009326600:
6202103151701400009280051:
6202103151701590008708003:
6202103151702520008709659:
6202103151704020006028799:
6202103151704120009233695:
6202103151743290009351758:
6202103151856100008493028:
6202103151859220008692560:
6202103151859260008696238:
6202103151859300009286616:
6202103151859320008509407:
6202103151859340006040360:
6202103151859550009330829:
6202103151859580008695597:
6202103151900070006036996:
6202103151900130008517815:
6202103151900160008510337:
6202103151900190009281799:
6202103151900280008692117:
6202103151900360001083945:
6202103151900400003137963:
6202103151900430008688282:
6202103151900460006016276:
6202103151900480009232350:
6202103151900500008497935:
6202103151900520009281928:
6202103151900530008712381:
6202103151900550009346685:
6202103151901060008715106:
6202103151901080008717268:
6202103151901100006027344:
6202103151901110006039995:
6202103151901130008711892:
6202103151901140008683421:
6202103151901160008493340:
6202103151901170006026834:
6202103151901190009247694:
6202103151901210008697156:
6202103151901410008443266:
6202103151901470008694707:
6202103151901490006018006:
6202103151901510009327615:
6202103151901520003892332:
6202103151902120009354802:
6202103151902140008704323:
6202103151902160009326609:
6202103151902200009342998:
6202103151902240008699143:
6202103151902280006014993:
6202103151902300008498240:
6202103151903010009240533:
6202103151903060009226959:
6202103151903080008510378:
6202103151903240009354582:
6202103151904170009233737:
6202103151904310008696388:
6202103151904430008506597:
6202103151905530009280726:
6202103151907340009294520:
6202103151910280009352016:
6202103151927130008512035:
6202103151927180008491901:
6202103151927200006024122:
6202103151927220009226817:
6202103151940581513631233:
6202103151959400006032920:
6202103152000100007395593:
6202103152000170009324637:
6202103152000200009272184:
6202103152000240009273013:
6202103152000290008690794:
6202103152000330009343149:
6202103152000350008495972:
6202103152000390008686117:
6202103152000420009339915:
6202103152000500009343383:
6202103152000540008689537:
6202103152000580006010458:
6202103152001010009240515:
6202103152001040009322590:
6202103152001050009322614:
6202103152001070009254212:
6202103152001180007422383:
6202103152001330008702008:
6202103152001350008707174:
6202103152001520006024735:
6202103152002000000424007:
6202103152002020006028451:
6202103152002060006019317:
6202103152003450003137754:
6202103152013190008699830:
6202103152029080009303427:
6202103152033150007411315:
6202103152104490006029906:
6202103152105130008698315:
6202103152110190006036321:
6202103152156050008515578:
6202103152159170009325528:
6202103152159320009339225:
6202103152159360003126147:
6202103152200010009311280:
6202103152201440008495329:
6202103152201530008503532:
6202103152201590008697836:
6202103152202010009321334:
6202103152202040009343364:
6202103152202240009230785:
8202103150131140004179142:
8202103150735180006021964:
8202103150735390009346364:
8202103150736110001077430:
8202103150736420009324572:
8202103150738530009307386:
8202103150740421513631613:
8202103150741490002851485:
8202103150742570008511681:
8202103150743480008692290:
8202103150745170009341788:
8202103150745300009339277:
8202103150745530009346340:
8202103150745560009343383:
8202103150746060009351958:
8202103150746320009282830:
8202103150746540009327458:
8202103150746560003137945:
8202103150747030003117204:
8202103150747160003934713:
8202103150747350006036504:
8202103150747380006028960:
8202103150747510008500626:
8202103150747560009250787:
8202103150748100008698121:
8202103150748190006037029:
8202103150748230008717694:
8202103150748350009289801:
8202103150748380009340817:
8202103150749130006033000:
8202103150749520003137991:
8202103150750120008708560:
8202103150750220009348776:
8202103150750400008509157:
8202103150751150009308190:
8202103150752000008719239:
8202103150752360008697063:
8202103150752400009232376:
8202103150752430008677259:
8202103150752570003132772:
8202103150753050009339834:
8202103150753180009225500:
8202103150753210008684967:
8202103150753310006013135:
8202103150754050008712416:
8202103150754190009234249:
8202103150754360009346345:
8202103150754380000442316:
8202103150754560007406683:
8202103150755020008429633:
8202103150756010009341742:
8202103150756030009342997:
8202103150756460009346685:
8202103150756500009342953:
8202103150756570009330815:
8202103150757110009298206:
8202103150757130009339204:
8202103150758060009342034:
8202103150758300006020220:
8202103150759290009326648:
8202103151700400009348776:
8202103151701290008677438:
8202103151701320008494427:
8202103151702180009342962:
8202103151705120009342978:
8202103151705350008680442:
8202103151707210006024107:
8202103151708120009340817:
8202103151758550009342997:
8202103151800120008710216:
8202103151800140008687514:
8202103151800190008690224:
8202103151800230008687514:
8202103151800290008699709:
8202103151800310008687514:
8202103151800340009342982:
8202103151800370008494201:
8202103151800490003137755:
8202103151801020000424545:
8202103151801060009348376:
8202103151801080008683912:
8202103151801130009339204:
8202103151801160009348376:
8202103151801190008683912:
8202103151801210007400852:
8202103151801240009339204:
8202103151801280008693892:
8202103151801310008500626:
8202103151801330008713107:
8202103151801360003126356:
8202103151801450009253719:
8202103151801490008695667:
8202103151803260009324572:
8202103151803430004045200:
8202103151805490007402196:
8202103151807130006013128:
8202103151807380006020220:
8202103151807420001088074:
8202103151809571513631613:
8202103151810340009331044:
8202103151814140008712416:
8202103151824480009339195:
8202103151857570008702658:
8202103151858020008678308:
8202103151858170009351814:
8202103151859240009305260:
8202103151859280008716625:
8202103151859440008717694:
8202103151900010009341788:
8202103151900040007406670:
8202103151900060009250787:
8202103151900070009341788:
8202103151900090007406670:
8202103151900110006039974:
8202103151900150009346340:
8202103151900160008511681:
8202103151900180009346345:
8202103151900200009289801:
8202103151900220007409909:
8202103151900240006036504:
8202103151900260006028960:
8202103151900280006027345:
8202103151900330008511222:
8202103151900420007404978:
8202103151900540009342142:
8202103151900590009281874:
8202103151901090009331842:
8202103151901100000442316:
8202103151901130006039973:
8202103151901150008512783:
8202103151901210009327458:
8202103151901230009354344:
8202103151901250009232376:
8202103151901380009232376:
8202103151901430009337945:
8202103151901450006041875:
8202103151901470008684967:
8202103151901490006041875:
8202103151902100009349985:
8202103151902270006021988:
8202103151902300009342981:
8202103151902540008696164:
8202103151903030008713215:
8202103151903140009339930:
8202103151903180008677259:
8202103151903220009346327:
8202103151903260009326648:
8202103151903280009282830:
8202103151903310009326648:
8202103151903340000431385:
8202103151903390009354825:
8202103151904380003137991:
8202103151904450008688939:
8202103151906030009341511:
8202103151913070008711249:
8202103151919170009278607:
8202103151925140008494964:
8202103151958030009339817:
8202103151958290006021964:
8202103151958410009312090:
8202103151958430003934713:
8202103151958490008426949:
8202103151958510009340470:
8202103151958540009325498:
8202103151959010009298206:
8202103151959030009340819:
8202103151959060008495161:
8202103151959100009339834:
8202103151959120008493677:
8202103151959170003132772:
8202103151959190007411321:
8202103151959210009346181:
8202103151959220009340816:
8202103151959240007411321:
8202103151959250009339792:
8202103151959330009233697:
8202103151959420008679096:
8202103151959440009233697:
8202103151959480008708560:
8202103151959550006036994:
8202103152000040009344572:
8202103152000090009335560:
8202103152000120009307386:
8202103152000150002854367:
8202103152000200008429607:
8202103152000240009346035:
8202103152000280004169060:
8202103152000330009339277:
8202103152000370009342953:
8202103152000440007395601:
8202103152000460009343174:
8202103152000490009342940:
8202103152000530008715839:
8202103152000560009324085:
8202103152001010009346173:
8202103152001100008719239:
8202103152001120009349972:
8202103152001130009354396:
8202103152001160001087543:
8202103152001240007406683:
8202103152001300006041088:
8202103152001380008698455:
8202103152001420009330815:
8202103152001460009275948:
8202103152001470009346364:
8202103152001520008429633:
8202103152001540009326658:
8202103152001560009343593:
8202103152001580003137945:
8202103152002020009331048:
8202103152002060008707911:
8202103152002130008692290:
8202103152002310009333812:
8202103152002330009232352:
8202103152002360009346033:
8202103152002400006019432:
8202103152002430008710957:
8202103152002450009234249:
8202103152002520009308190:
8202103152002540008698795:
8202103152002560008501953:
8202103152003060009324605:
8202103152003080009289323:
8202103152003230009339818:
8202103152004020009234466:
8202103152005330006013135:
8202103152006390008517323:
8202103152006430009277510:
8202103152006450008515910:
8202103152014260006036997:
8202103152019230002851485:
8202103152019310008512375:
8202103152021030006033000:
8202103152028010009273437:
8202103152058580008504275:
8202103152059180001077430:
8202103152059250001077425:
8202103152059350009341742:
8202103152059440008506912:
8202103152101170000424167:
8202103152104260009234248:
8202103152104290009348729:
8202103152104310009343567:
8202103152108150006037029:
8202103152111370008698121:
8202103152111460009234484:
